25.351 101767.312 -36.759 233.520 50.312 25.533 25.250 
25.426 101772.488 -37.187 243.377 50.045 25.544 25.281 
25.519 101766.976 -36.732 240.158 49.801 25.608 25.375 
25.581 101771.808 -37.134 235.061 49.770 25.598 25.406 
25.668 101777.248 -37.583 235.321 49.671 25.598 25.437 
25.693 101758.752 -36.051 235.412 49.732 25.619 25.468 
25.817 101765.136 -36.579 232.498 49.770 25.694 25.531 
25.842 101768.960 -36.896 234.817 49.633 25.726 25.562 
25.929 101771.160 -37.076 232.742 49.427 25.769 25.625 
25.966 101772.096 -37.155 234.573 49.328 25.780 25.656 
26.040 101761.184 -36.252 236.038 49.259 25.844 25.718 
26.071 101763.544 -36.447 232.376 49.221 25.909 25.750 
26.133 101771.480 -37.102 18.173 49.091 25.951 25.812 
26.239 101772.456 -37.187 19.943 48.786 26.059 25.906 
26.307 101762.936 -36.394 18.692 48.611 26.145 25.968 
26.400 101769.968 -36.981 17.181 48.512 26.166 26.031 
26.449 101764.760 -36.547 17.593 48.679 26.187 26.093 
26.529 101771.464 -37.102 18.341 48.809 26.220 26.125 
26.591 101776.120 -37.488 17.868 48.740 26.284 26.187 
26.659 101756.936 -35.897 17.318 48.573 26.305 26.250 
26.727 101763.312 -36.426 17.608 48.473 26.391 26.312 
26.820 101770.224 -37.002 17.959 48.061 26.520 26.437 
26.844 101764.400 -36.516 16.860 47.962 26.531 26.468 
26.887 101763.792 -36.468 17.486 47.855 26.616 26.531 
26.869 101771.352 -37.092 17.868 47.787 26.670 26.593 
26.881 101765.240 -36.590 17.440 47.649 26.691 26.625 
26.918 101756.496 -35.860 17.715 47.619 26.734 26.656 
26.968 101754.408 -35.686 15.335 47.550 26.724 26.656 
27.017 101761.904 -36.310 14.755 47.482 26.756 26.687 
27.048 101757.800 -35.971 18.264 47.405 26.799 26.718 
27.085 101761.824 -36.304 16.723 47.237 26.809 26.750 
27.116 101770.496 -37.023 19.027 47.176 26.863 26.781 
27.116 101760.904 -36.225 17.547 47.108 26.809 26.781 
27.128 101764.384 -36.516 17.486 47.207 26.788 26.781 
27.146 101766.384 -36.685 16.815 47.237 26.809 26.812 
27.159 101757.064 -35.908 17.318 47.138 26.842 26.812 
27.189 101756.144 -35.834 16.647 47.039 26.874 26.843 
27.214 101763.072 -36.405 17.105 46.932 26.917 26.875 
27.239 101757.208 -35.919 17.364 46.833 26.938 26.906 
27.263 101754.552 -35.702 18.508 46.864 26.970 26.937 
27.282 101769.360 -36.928 17.852 46.795 26.938 26.906 
27.282 101766.152 -36.664 18.112 46.795 26.960 26.937 
27.276 101767.616 -36.785 17.120 46.696 26.970 26.968 
27.202 101759.616 -36.119 19.348 46.597 27.024 26.968 
27.226 101769.744 -36.960 19.104 46.566 27.035 26.968 
27.263 101760.952 -36.230 17.852 46.566 27.035 26.968 
27.270 101753.088 -35.580 19.821 46.597 27.003 26.968 
27.257 101762.408 -36.352 18.966 46.429 27.067 27.031 
27.270 101762.688 -36.378 18.859 46.299 27.099 27.031 
27.294 101766.408 -36.685 20.263 46.360 27.110 27.031 
27.313 101755.624 -35.792 17.791 46.421 27.099 27.031 
27.337 101752.952 -35.570 18.066 46.490 27.078 27.031 
27.350 101756.416 -35.855 14.999 46.528 27.067 27.031 
27.386 101757.208 -35.919 17.883 46.497 27.099 27.062 
27.411 101757.728 -35.966 18.081 46.398 27.121 27.093 
27.442 101763.192 -36.415 20.278 46.284 27.121 27.093 
27.411 101754.528 -35.697 20.095 46.215 27.131 27.125 
27.300 101758.544 -36.030 18.905 46.116 27.174 27.125 
27.270 101769.088 -36.907 17.227 46.116 27.163 27.093 
27.257 101765.608 -36.616 16.784 46.185 27.153 27.093 
27.300 101739.352 -34.439 13.778 46.215 27.163 27.093 
27.362 101753.480 -35.612 17.562 46.322 27.174 27.093 
27.405 101756.000 -35.818 17.944 46.154 27.196 27.125 
27.436 101758.264 -36.008 19.104 46.185 27.228 27.156 
27.479 101757.576 -35.950 16.769 46.154 27.228 27.156 
27.479 101751.168 -35.422 19.958 46.154 27.249 27.187 
27.509 101766.224 -36.669 17.257 46.009 27.292 27.218 
27.528 101765.016 -36.569 14.724 45.910 27.303 27.218 
27.534 101757.152 -35.913 18.539 45.918 27.249 27.187 
27.509 101756.624 -35.871 20.233 45.986 27.228 27.187 
27.546 101751.000 -35.406 18.646 45.986 27.260 27.218 
27.559 101760.856 -36.225 17.257 45.979 27.260 27.218 
27.546 101751.000 -35.406 17.654 45.879 27.303 27.218 
27.552 101752.728 -35.549 20.111 45.887 27.249 27.218 
27.559 101760.856 -36.225 19.912 45.986 27.249 27.218 
27.589 101759.896 -36.146 19.332 45.841 27.271 27.250 
27.583 101758.168 -36.003 17.593 45.750 27.260 27.250 
27.577 101762.848 -36.389 19.897 45.750 27.228 27.250 
27.589 101756.704 -35.876 18.005 45.818 27.217 27.218 
27.589 101759.896 -36.146 17.791 45.818 27.249 27.250 
27.620 101758.936 -36.067 18.020 45.750 27.292 27.281 
27.632 101756.000 -35.818 17.227 45.612 27.292 27.281 
27.645 101749.848 -35.311 19.561 45.605 27.324 27.312 
27.669 101753.552 -35.617 17.898 45.574 27.346 27.343 
27.663 101758.232 -36.008 16.387 45.574 27.399 27.343 
27.645 101772.264 -37.171 17.929 45.437 27.399 27.375 
27.681 101769.824 -36.965 18.768 45.437 27.399 27.375 
27.681 101769.824 -36.965 20.935 45.376 27.399 27.375 
27.706 101763.928 -36.479 17.761 45.338 27.410 27.375 
27.706 101767.128 -36.743 18.997 45.307 27.410 27.375 
27.718 101767.384 -36.764 19.546 45.277 27.432 27.406 
27.743 101771.104 -37.071 18.539 45.376 27.442 27.406 
27.755 101764.936 -36.563 18.783 45.376 27.453 27.437 
27.749 101756.808 -35.887 19.134 45.391 27.485 27.437 
27.780 101771.840 -37.134 18.798 45.292 27.453 27.437 
27.767 101768.392 -36.849 18.188 45.277 27.474 27.437 
27.780 101771.840 -37.134 19.073 45.208 27.442 27.437 
27.798 101770.608 -37.034 18.569 45.208 27.432 27.437 
27.780 101765.440 -36.606 18.692 45.239 27.421 27.437 
27.755 101764.936 -36.563 20.095 45.223 27.453 27.468 
27.731 101770.832 -37.049 19.866 45.193 27.464 27.468 
27.743 101761.488 -36.278 18.890 45.124 27.485 27.468 
27.774 101773.320 -37.256 20.797 45.094 27.496 27.468 
27.755 101777.744 -37.625 17.578 45.025 27.496 27.500 
27.706 101770.336 -37.012 19.638 44.956 27.528 27.500 
27.718 101770.584 -37.034 18.661 45.025 27.517 27.468 
27.755 101774.536 -37.361 19.836 44.956 27.528 27.500 
27.780 101765.440 -36.606 18.020 45.094 27.550 27.500 
27.804 101769.144 -36.912 17.044 45.094 27.539 27.500 
27.823 101764.712 -36.542 19.058 45.193 27.528 27.500 
27.823 101777.520 -37.604 19.668 45.162 27.517 27.500 
27.804 101772.352 -37.176 18.249 45.139 27.442 27.437 
27.780 101759.032 -36.072 18.371 45.338 27.399 27.437 
27.786 101760.760 -36.215 18.661 45.277 27.432 27.437 
27.804 101772.352 -37.176 18.020 45.239 27.464 27.468 
27.829 101769.640 -36.954 18.539 45.124 27.517 27.500 
27.847 101765.208 -36.584 20.782 45.025 27.550 27.531 
27.866 101763.984 -36.484 18.249 44.994 27.571 27.531 
27.884 101756.344 -35.850 18.112 44.994 27.571 27.562 
27.915 101774.584 -37.361 17.745 44.926 27.635 27.562 
27.951 101772.120 -37.155 19.805 44.926 27.646 27.593 
27.951 101768.904 -36.891 18.432 44.880 27.646 27.593 
27.964 101765.952 -36.648 17.333 44.987 27.646 27.593 
27.988 101776.056 -37.483 20.065 44.987 27.678 27.593 
27.994 101771.376 -37.097 18.035 44.849 27.700 27.593 
27.994 101768.168 -36.833 16.708 44.880 27.710 27.593 
28.000 101769.888 -36.975 19.760 44.987 27.689 27.593 
27.988 101766.440 -36.685 16.677 44.949 27.700 27.593 
28.000 101769.888 -36.975 17.486 44.987 27.678 27.593 
28.000 101757.072 -35.908 18.295 45.185 27.689 27.593 
28.000 101769.888 -36.975 17.227 45.185 27.700 27.593 
28.025 101776.784 -37.546 18.692 45.147 27.700 27.625 
28.019 101778.264 -37.668 17.669 45.147 27.678 27.593 
28.019 101768.648 -36.870 17.929 45.254 27.657 27.593 
28.025 101773.584 -37.282 14.526 45.254 27.614 27.562 
28.043 101765.928 -36.643 16.296 45.330 27.657 27.593 
28.037 101767.424 -36.769 15.426 45.322 27.646 27.593 
28.056 101772.584 -37.197 18.234 45.254 27.667 27.625 
28.074 101774.552 -37.361 18.875 45.147 27.700 27.625 
28.086 101761.960 -36.315 16.632 45.284 27.710 27.625 
28.086 101768.376 -36.849 19.149 45.254 27.721 27.656 
28.099 101768.624 -36.870 15.777 45.147 27.721 27.656 
28.092 101760.496 -36.193 15.457 45.185 27.732 27.656 
28.111 101768.864 -36.886 16.342 45.322 27.764 27.687 
28.123 101765.896 -36.643 16.723 45.307 27.775 27.687 
28.117 101760.968 -36.230 18.936 45.239 27.785 27.687 
28.123 101769.104 -36.907 17.425 45.116 27.764 27.687 
28.129 101761.200 -36.252 18.386 45.353 27.753 27.687 
28.099 101768.624 -36.870 18.737 45.383 27.743 27.687 
28.074 101764.944 -36.563 17.517 45.322 27.764 27.687 
28.099 101765.424 -36.600 18.035 45.216 27.764 27.718 
28.099 101768.624 -36.870 17.654 45.086 27.785 27.718 
28.117 101764.176 -36.500 17.639 45.109 27.796 27.718 
28.129 101770.816 -37.049 16.876 45.139 27.839 27.750 
28.123 101775.520 -37.441 19.180 45.147 27.764 27.718 
28.135 101769.352 -36.928 18.493 45.139 27.796 27.750 
28.135 101759.736 -36.130 19.134 45.208 27.839 27.750 
28.154 101761.680 -36.294 18.066 45.170 27.850 27.750 
28.166 101768.336 -36.843 17.593 45.139 27.839 27.781 
28.197 101773.744 -37.293 18.371 45.170 27.839 27.781 
28.184 101770.288 -37.007 18.585 45.277 27.839 27.781 
28.184 101773.504 -37.271 17.181 45.170 27.861 27.781 
28.209 101777.176 -37.578 16.464 45.170 27.871 27.781 
28.227 101769.528 -36.944 18.753 45.139 27.893 27.812 
28.233 101777.648 -37.615 10.650 45.139 27.925 27.843 
28.221 101777.416 -37.599 10.848 45.139 27.914 27.843 
28.221 101767.800 -36.801 17.135 45.139 27.914 27.843 
28.246 101771.488 -37.108 16.998 45.071 27.903 27.812 
28.221 101771.000 -37.065 17.288 45.071 27.871 27.812 
28.233 101780.856 -37.884 14.129 45.208 27.871 27.812 
28.227 101766.320 -36.680 18.218 45.307 27.850 27.812 
28.246 101781.104 -37.900 16.876 45.406 27.850 27.812 
28.246 101777.888 -37.636 16.616 45.376 27.882 27.843 
28.239 101782.584 -38.027 15.350 45.307 27.871 27.843 
28.258 101784.536 -38.191 13.809 45.376 27.871 27.843 
28.282 101775.400 -37.430 15.701 45.307 27.903 27.875 
28.307 101785.488 -38.265 13.168 45.208 27.936 27.875 
28.319 101772.888 -37.224 17.608 45.170 27.946 27.906 
28.294 101769.216 -36.917 18.127 45.208 27.936 27.906 
28.294 101782.040 -37.980 15.106 45.139 27.936 27.906 
28.301 101770.936 -37.060 17.929 45.071 27.936 27.906 
28.325 101774.608 -37.367 15.045 45.139 27.957 27.906 
28.319 101776.096 -37.488 17.776 45.170 27.936 27.906 
28.343 101782.976 -38.059 16.006 45.139 27.936 27.906 
28.331 101776.336 -37.509 15.991 45.277 27.979 27.937 
28.362 101781.720 -37.953 15.594 45.162 28.021 27.937 
28.368 101777.032 -37.567 16.983 45.033 28.021 27.937 
28.380 101774.048 -37.319 17.944 45.063 28.021 27.968 
28.374 101778.744 -37.710 16.662 45.200 28.021 27.968 
28.386 101772.560 -37.192 15.625 45.101 28.000 27.937 
28.392 101774.272 -37.335 13.381 45.200 28.000 27.968 
28.392 101780.688 -37.869 18.188 45.300 28.000 27.937 
28.386 101782.176 -37.995 13.259 45.231 27.979 27.937 
28.392 101777.488 -37.604 18.707 45.239 27.979 27.937 
28.405 101780.928 -37.890 18.325 45.467 28.000 27.968 
28.392 101790.304 -38.667 17.608 45.368 28.011 27.968 
28.386 101785.392 -38.260 18.402 45.445 27.968 27.937 
28.386 101782.176 -37.995 19.119 45.445 27.914 27.906 
28.392 101783.896 -38.133 17.929 45.506 27.925 27.937 
28.405 101774.504 -37.356 14.312 45.376 27.979 27.968 
28.423 101779.672 -37.784 16.571 45.231 28.032 27.968 
28.429 101781.392 -37.927 17.654 45.231 28.021 27.968 
28.441 101784.832 -38.212 15.838 45.300 28.043 28.000 
28.441 101772.000 -37.150 16.815 45.231 28.054 28.000 
28.429 101774.976 -37.393 15.640 45.231 28.054 28.000 
28.441 101781.624 -37.948 17.974 45.300 28.054 28.000 
28.441 101775.208 -37.414 17.211 45.330 28.054 28.000 
28.429 101768.568 -36.865 18.356 45.261 28.086 28.031 
28.441 101778.416 -37.678 17.379 45.101 28.096 28.031 
28.447 101773.712 -37.287 17.364 45.033 28.096 28.031 
28.454 101781.840 -37.964 17.303 45.132 28.086 28.031 
28.460 101789.984 -38.640 16.891 45.261 28.107 28.031 
28.478 101788.720 -38.534 16.159 45.162 28.107 28.031 
28.490 101788.944 -38.556 17.913 45.132 28.107 28.062 
28.478 101782.304 -38.001 17.745 45.162 28.086 28.031 
28.478 101782.304 -38.001 18.676 45.200 28.107 28.062 
28.502 101779.552 -37.773 18.905 45.162 28.107 28.062 
28.502 101785.968 -38.307 17.669 45.162 28.075 28.031 
28.496 101787.464 -38.429 17.471 45.231 28.107 28.062 
28.496 101781.040 -37.900 17.440 45.162 28.096 28.062 
28.490 101782.528 -38.022 17.623 45.231 28.075 28.031 
28.484 101787.232 -38.413 17.913 45.261 28.043 28.031 
28.515 101786.184 -38.323 16.510 45.261 28.064 28.031 
28.502 101779.552 -37.773 19.088 45.231 28.086 28.062 
28.521 101787.912 -38.466 17.105 45.162 28.129 28.093 
28.527 101792.840 -38.878 17.227 45.162 28.129 28.093 
28.527 101805.672 -39.940 17.425 45.162 28.118 28.062 
28.527 101789.632 -38.614 17.089 45.231 28.107 28.062 
28.509 101768.440 -36.854 16.494 45.231 28.129 28.093 
28.515 101782.992 -38.059 153.579 45.254 28.161 28.093 
28.527 101796.064 -39.142 152.053 45.162 28.139 28.093 
28.484 101784.024 -38.143 157.135 45.200 28.107 28.062 
28.429 101791.016 -38.725 161.621 45.231 28.011 28.031 
28.392 101790.304 -38.667 166.641 45.467 28.021 28.031 
28.288 101786.728 -38.371 169.815 45.467 28.064 28.031 
28.239 101782.584 -38.027 170.043 45.422 28.129 28.031 
28.270 101797.600 -39.269 175.460 45.437 28.075 28.000 
28.282 101794.632 -39.026 178.283 45.536 27.989 27.968 
28.282 101791.432 -38.762 186.737 45.712 27.957 27.968 
28.172 101792.496 -38.846 188.766 45.506 27.979 27.968 
28.184 101789.528 -38.603 190.856 45.612 27.914 27.906 
28.172 101786.080 -38.318 197.204 45.681 27.871 27.875 
