26.016 101798.776 -39.369 660.522 50.137 25.801 25.625 
26.053 101790.904 -38.714 674.804 49.999 25.833 25.687 
26.077 101785.640 -38.281 677.505 50.236 25.844 25.687 
26.120 101800.840 -39.538 660.018 50.434 25.855 25.718 
26.151 101788.176 -38.492 669.906 50.533 25.887 25.750 
26.182 101790.736 -38.704 670.715 50.297 25.909 25.781 
26.212 101796.368 -39.169 670.303 50.091 25.919 25.781 
26.249 101800.664 -39.528 669.891 51.022 25.919 25.812 
26.261 101801.088 -39.560 669.769 50.594 25.930 25.812 
26.286 101789.704 -38.614 667.663 50.327 25.941 25.843 
26.311 101790.528 -38.688 672.241 50.289 25.973 25.875 
26.360 101804.424 -39.840 663.757 50.060 26.005 25.906 
26.366 101806.144 -39.977 672.103 49.992 26.016 25.906 
26.409 101790.808 -38.709 43.029 50.091 25.962 25.906 
26.433 101791.624 -38.778 44.921 49.854 26.048 26.000 
26.476 101788.472 -38.513 40.313 49.786 26.123 26.062 
26.488 101779.720 -37.789 39.672 49.480 26.230 26.156 
26.543 101789.184 -38.577 39.367 49.473 26.305 26.218 
26.568 101796.112 -39.147 42.785 49.404 26.391 26.281 
26.592 101781.640 -37.948 43.350 49.198 26.456 26.312 
26.629 101792.040 -38.809 43.212 49.000 26.520 26.375 
26.752 101780.784 -37.879 43.563 48.763 26.584 26.468 
26.794 101792.872 -38.878 42.907 48.664 26.584 26.468 
26.801 101770.160 -36.997 43.258 48.595 26.595 26.500 
26.807 101793.256 -38.910 42.266 48.458 26.670 26.531 
26.856 101788.752 -38.534 42.877 48.458 26.681 26.562 
26.880 101780.376 -37.842 43.212 48.153 26.702 26.593 
26.911 101789.016 -38.561 40.908 48.153 26.691 26.593 
26.898 101788.608 -38.524 40.054 48.222 26.681 26.593 
26.905 101781.168 -37.906 39.443 48.122 26.702 26.625 
26.935 101777.560 -37.610 42.572 48.122 26.702 26.625 
26.984 101788.304 -38.503 42.755 47.955 26.756 26.656 
27.027 101788.168 -38.487 43.899 47.848 26.788 26.687 
26.996 101785.656 -38.281 44.174 47.848 26.852 26.718 
27.008 101773.816 -37.298 43.502 47.848 26.852 26.750 
27.021 101780.312 -37.837 42.755 47.741 26.852 26.750 
27.063 101789.328 -38.587 41.946 47.710 26.863 26.750 
27.076 101780.552 -37.858 43.334 47.611 26.874 26.781 
27.106 101776.928 -37.557 43.869 47.573 26.863 26.781 
27.118 101780.384 -37.842 43.395 47.512 26.874 26.812 
27.106 101786.104 -38.318 43.548 47.474 26.895 26.812 
27.106 101795.280 -39.079 42.465 47.443 26.906 26.812 
27.118 101780.384 -37.842 41.763 47.543 26.874 26.781 
27.155 101781.544 -37.937 43.533 47.710 26.831 26.781 
27.161 101777.144 -37.573 42.663 47.512 26.874 26.812 
27.173 101780.584 -37.863 45.166 47.344 26.917 26.843 
27.204 101783.088 -38.069 44.738 47.779 26.852 26.812 
27.228 101786.920 -38.386 45.486 47.810 26.809 26.781 
27.253 101781.568 -37.943 46.157 47.810 26.842 26.812 
27.271 101774.488 -37.356 45.959 47.848 26.820 26.812 
27.314 101783.480 -38.101 45.333 47.710 26.852 26.843 
27.320 101776.024 -37.483 46.371 47.611 26.917 26.875 
27.326 101771.624 -37.118 45.547 47.543 26.906 26.875 
27.326 101786.920 -38.386 44.296 47.710 26.852 26.843 
27.338 101778.128 -37.657 42.541 48.046 26.820 26.812 
27.350 101778.496 -37.689 44.708 48.016 26.842 26.843 
27.326 101774.672 -37.372 45.272 47.909 26.788 26.812 
27.356 101774.104 -37.324 45.318 48.023 26.756 26.781 
27.381 101777.920 -37.641 44.677 47.955 26.767 26.812 
27.387 101776.592 -37.530 43.960 47.741 26.831 26.843 
27.387 101773.528 -37.277 44.326 47.543 26.895 26.906 
27.411 101777.352 -37.594 45.196 47.504 26.960 26.937 
27.411 101771.232 -37.086 44.281 47.337 27.003 27.000 
27.423 101774.664 -37.367 45.059 47.169 27.024 27.000 
27.423 101780.784 -37.879 44.067 47.031 27.088 27.031 
27.411 101777.352 -37.594 43.869 46.803 27.078 27.031 
27.448 101775.432 -37.435 45.684 46.932 27.099 27.031 
27.460 101772.744 -37.208 45.425 46.970 27.045 27.031 
27.472 101785.352 -38.254 46.081 47.100 27.003 27.000 
27.497 101783.048 -38.064 46.356 47.100 27.003 27.031 
27.497 101789.168 -38.571 46.325 47.100 26.981 27.000 
27.472 101788.416 -38.508 46.249 46.970 27.024 27.031 
27.466 101786.688 -38.365 45.318 46.902 27.067 27.062 
27.448 101781.536 -37.937 44.738 46.902 27.067 27.031 
27.466 101774.456 -37.351 45.608 46.970 27.078 27.062 
27.503 101790.880 -38.714 45.715 46.932 27.078 27.062 
27.484 101779.608 -37.779 45.608 46.833 27.078 27.062 
27.478 101777.888 -37.636 46.112 46.803 27.067 27.062 
27.521 101783.800 -38.128 44.372 46.864 27.067 27.062 
27.521 101796.040 -39.142 44.708 46.803 27.045 27.062 
27.533 101781.112 -37.906 45.700 46.833 27.035 27.062 
27.527 101779.392 -37.763 44.677 46.764 27.035 27.062 
27.527 101785.504 -38.270 44.326 46.734 27.035 27.062 
27.497 101789.168 -38.571 44.464 46.734 27.078 27.062 
27.521 101796.040 -39.142 44.494 46.803 27.056 27.062 
27.509 101780.360 -37.842 44.738 46.635 27.067 27.062 
27.515 101785.144 -38.238 47.958 46.635 27.110 27.093 
27.497 101783.048 -38.064 45.608 46.619 27.131 27.093 
27.478 101784.008 -38.143 47.119 46.520 27.153 27.125 
27.472 101782.288 -38.001 47.714 46.352 27.206 27.156 
27.478 101790.128 -38.651 47.729 46.223 27.238 27.156 
27.484 101782.664 -38.032 47.485 46.291 27.131 27.062 
27.472 101788.416 -38.508 47.546 46.421 27.131 27.093 
27.484 101788.792 -38.540 47.943 46.566 27.045 27.031 
27.490 101793.560 -38.936 47.851 46.810 26.960 26.968 
27.515 101785.144 -38.238 47.286 46.734 27.003 27.031 
27.527 101797.752 -39.285 47.561 46.597 27.056 27.062 
27.545 101790.664 -38.698 47.698 46.566 27.056 27.062 
27.551 101786.256 -38.328 47.637 46.467 27.110 27.093 
27.545 101790.664 -38.698 47.576 46.223 27.174 27.156 
27.539 101788.944 -38.556 47.348 46.154 27.196 27.156 
27.557 101787.992 -38.476 44.738 46.154 27.174 27.125 
27.588 101787.392 -38.423 45.104 46.352 27.142 27.125 
27.606 101792.544 -38.851 45.288 46.253 27.163 27.156 
27.618 101799.032 -39.391 45.257 46.223 27.228 27.218 
27.606 101789.488 -38.598 45.379 46.017 27.281 27.250 
27.606 101792.544 -38.851 44.845 46.085 27.238 27.218 
27.594 101779.928 -37.805 45.379 46.055 27.217 27.187 
27.618 101786.784 -38.376 45.913 46.223 27.163 27.156 
27.637 101785.824 -38.297 46.981 46.299 27.099 27.125 
27.637 101785.824 -38.297 47.027 46.299 27.099 27.125 
27.649 101801.496 -39.597 47.393 46.398 27.088 27.125 
27.655 101784.832 -38.212 46.707 46.398 27.110 27.156 
27.691 101801.256 -39.575 45.013 46.398 27.099 27.156 
27.704 101798.568 -39.354 44.998 46.322 27.131 27.156 
27.710 101791.104 -38.730 45.715 46.253 27.185 27.218 
27.716 101786.688 -38.365 45.639 46.055 27.260 27.250 
27.734 101782.648 -38.032 45.654 45.979 27.324 27.312 
27.764 101797.352 -39.253 45.700 45.879 27.324 27.312 
27.764 101785.104 -38.233 43.273 45.956 27.281 27.312 
27.758 101795.640 -39.110 43.380 45.956 27.292 27.312 
27.783 101787.184 -38.408 43.350 45.979 27.324 27.312 
27.801 101801.520 -39.597 44.479 45.910 27.356 27.343 
27.837 101790.368 -38.672 43.792 45.910 27.378 27.375 
27.874 101785.328 -38.254 43.441 45.879 27.421 27.406 
27.923 101789.848 -38.630 46.142 45.979 27.442 27.406 
27.935 101790.200 -38.656 44.952 45.948 27.453 27.437 
27.953 101795.360 -39.084 45.135 45.963 27.474 27.437 
27.917 101785.072 -38.233 44.754 45.864 27.517 27.468 
27.910 101783.368 -38.091 45.120 45.834 27.507 27.468 
27.898 101789.128 -38.571 45.013 45.795 27.528 27.500 
27.929 101788.504 -38.519 45.272 46.001 27.528 27.500 
27.947 101793.640 -38.941 45.578 46.169 27.539 27.500 
27.947 101787.512 -38.434 45.532 45.902 27.571 27.531 
28.002 101781.480 -37.932 45.532 45.666 27.625 27.562 
27.983 101782.464 -38.017 41.839 45.696 27.582 27.531 
27.983 101791.656 -38.778 41.870 45.963 27.485 27.468 
27.996 101801.208 -39.570 41.244 46.108 27.464 27.500 
27.983 101785.528 -38.270 40.878 46.001 27.539 27.531 
28.014 101791.032 -38.725 41.549 45.765 27.635 27.593 
27.996 101782.832 -38.048 44.464 45.628 27.635 27.593 
28.008 101780.136 -37.821 44.570 45.666 27.625 27.593 
27.996 101788.952 -38.556 44.815 45.902 27.539 27.500 
28.014 101787.968 -38.471 44.754 46.032 27.550 27.531 
28.026 101785.264 -38.249 44.921 45.864 27.582 27.562 
28.056 101793.824 -38.957 44.799 45.902 27.582 27.562 
28.044 101790.400 -38.672 44.937 45.963 27.550 27.531 
28.050 101785.976 -38.307 44.799 46.062 27.582 27.562 
28.044 101790.400 -38.672 44.692 45.963 27.582 27.562 
28.020 101795.816 -39.121 44.601 45.963 27.592 27.593 
28.026 101791.392 -38.756 44.052 45.834 27.603 27.593 
28.038 101788.680 -38.534 43.960 45.696 27.603 27.593 
28.081 101794.528 -39.015 43.777 45.696 27.582 27.593 
28.093 101794.896 -39.047 44.113 45.628 27.582 27.593 
28.105 101789.120 -38.566 44.692 45.567 27.603 27.593 
28.093 101791.840 -38.793 44.769 45.521 27.657 27.656 
28.056 101793.824 -38.957 44.769 45.452 27.689 27.656 
28.044 101778.136 -37.657 44.799 45.322 27.753 27.687 
28.020 101783.560 -38.106 44.799 45.216 27.796 27.718 
28.008 101795.456 -39.095 44.845 45.139 27.818 27.718 
28.026 101803.648 -39.771 44.815 45.322 27.785 27.687 
28.056 101784.632 -38.196 44.860 45.307 27.828 27.718 
28.081 101794.528 -39.015 44.998 45.452 27.796 27.718 
28.117 101795.616 -39.105 45.028 45.521 27.796 27.718 
28.105 101801.368 -39.586 45.074 45.689 27.753 27.687 
28.153 101793.608 -38.941 43.579 45.925 27.721 27.687 
28.166 101800.104 -39.480 43.334 45.925 27.710 27.687 
28.166 101797.032 -39.227 43.228 45.719 27.743 27.718 
28.153 101799.752 -39.449 26.550 45.826 27.732 27.718 
28.178 101794.312 -38.999 42.434 45.925 27.732 27.718 
28.196 101793.312 -38.915 41.671 45.719 27.764 27.750 
28.196 101790.240 -38.661 42.861 45.589 27.775 27.750 
28.202 101804.208 -39.819 43.045 45.689 27.775 27.750 
28.141 101799.384 -39.422 43.273 45.589 27.807 27.750 
28.147 101791.888 -38.799 42.922 45.658 27.785 27.750 
28.172 101792.616 -38.857 41.961 45.658 27.785 27.750 
28.178 101803.512 -39.760 41.931 45.788 27.721 27.718 
28.202 101791.952 -38.804 41.809 45.887 27.710 27.718 
28.214 101816.832 -40.865 35.552 45.856 27.721 27.718 
28.196 101784.128 -38.154 35.873 45.689 27.775 27.750 
28.232 101794.376 -39.005 36.270 45.658 27.775 27.750 
28.232 101806.640 -40.019 42.587 45.582 27.828 27.812 
28.220 101797.088 -39.227 42.251 45.589 27.807 27.781 
28.214 101795.384 -39.089 40.664 45.689 27.710 27.718 
28.208 101793.672 -38.947 40.603 45.956 27.667 27.687 
28.202 101798.080 -39.311 41.259 45.956 27.657 27.656 
28.208 101793.672 -38.947 41.687 46.062 27.614 27.656 
28.208 101787.544 -38.439 42.099 46.055 27.689 27.718 
28.214 101798.448 -39.343 40.710 45.994 27.732 27.718 
28.226 101792.672 -38.862 41.336 45.956 27.743 27.750 
28.226 101798.808 -39.369 41.809 45.856 27.796 27.781 
28.184 101796.024 -39.142 40.359 45.681 27.871 27.812 
28.172 101795.688 -39.116 41.854 45.544 27.914 27.843 
28.178 101803.512 -39.760 36.895 45.582 27.925 27.843 
28.172 101798.744 -39.364 42.144 45.612 27.946 27.875 
28.160 101810.648 -40.352 41.763 45.467 27.989 27.875 
28.196 101799.448 -39.422 40.954 45.475 27.968 27.875 
28.226 101795.744 -39.116 42.053 45.475 27.936 27.875 
28.251 101799.504 -39.428 41.717 45.582 27.925 27.875 
28.263 101793.728 -38.952 42.495 45.475 27.979 27.906 
28.281 101795.784 -39.121 37.811 45.437 28.000 27.906 
28.287 101803.632 -39.771 38.665 45.445 27.968 27.906 
28.311 101804.328 -39.829 42.587 45.475 27.957 27.906 
28.293 101796.136 -39.153 43.991 45.612 27.903 27.875 
28.299 101794.784 -39.036 44.876 45.811 27.850 27.843 
28.311 101804.328 -39.829 43.289 45.712 27.882 27.875 
28.336 101801.960 -39.634 43.701 45.513 27.925 27.906 
28.305 101793.424 -38.925 45.059 45.399 28.021 27.937 
28.336 101798.896 -39.380 45.333 45.414 27.989 27.937 
28.329 101797.192 -39.237 44.937 45.437 28.000 27.937 
28.336 101798.896 -39.380 44.540 45.300 28.032 27.968 
28.323 101795.480 -39.095 44.799 45.269 28.043 27.968 
28.311 101807.400 -40.083 45.196 45.300 28.075 28.000 
28.299 101800.904 -39.544 44.708 45.170 28.118 28.000 
28.305 101799.552 -39.433 44.616 45.170 28.129 28.000 
28.323 101801.608 -39.602 44.998 45.200 28.139 28.031 
28.372 101809.136 -40.231 45.089 45.200 28.118 28.031 
28.360 101805.720 -39.945 45.333 45.101 28.118 28.031 
28.342 101800.600 -39.523 44.097 45.033 28.150 28.031 
28.336 101805.032 -39.887 44.754 45.033 28.129 28.031 
28.360 101802.664 -39.692 44.494 45.269 28.086 28.000 
28.384 101806.424 -40.004 44.128 45.300 28.075 28.000 
28.408 101800.984 -39.554 43.701 45.338 28.086 28.031 
28.402 101805.424 -39.919 43.685 45.338 28.075 28.000 
28.439 101803.392 -39.750 44.174 45.269 28.096 28.031 
28.469 101799.648 -39.443 44.723 45.231 28.107 28.031 
28.493 101806.480 -40.009 44.265 45.200 28.150 28.062 
28.517 101804.112 -39.813 43.914 45.063 28.139 28.062 
28.511 101811.600 -40.432 43.746 45.300 28.064 28.031 
28.505 101797.624 -39.274 43.289 45.437 28.043 28.031 
28.499 101808.168 -40.146 429.367 45.269 28.118 28.062 
28.457 101805.448 -39.924 458.313 45.467 28.118 28.062 
28.390 101801.992 -39.634 480.728 45.528 28.182 28.062 
28.390 101811.192 -40.400 492.584 45.536 28.150 28.062 
28.396 101797.568 -39.269 514.038 45.673 28.107 28.031 
28.402 101808.488 -40.173 519.729 45.673 28.032 28.000 
28.390 101808.136 -40.146 535.400 45.750 27.946 27.937 
28.396 101806.776 -40.035 547.378 45.544 27.882 27.906 
28.372 101812.200 -40.484 555.526 45.551 27.807 27.843 
28.360 101805.720 -39.945 559.982 45.788 27.743 27.812 
28.323 101804.672 -39.861 566.085 45.788 27.710 27.781 
28.287 101812.824 -40.532 575.027 45.719 27.678 27.781 
