25.505 101635.064 -25.783 117.660 49.076 25.716 25.406 
25.542 101639.752 -26.169 115.768 48.977 25.748 25.437 
25.597 101629.080 -25.286 129.028 48.969 25.791 25.500 
25.616 101628.448 -25.233 128.494 49.068 25.812 25.531 
25.684 101633.088 -25.619 123.306 49.274 25.812 25.531 
25.696 101630.704 -25.418 121.292 49.206 25.812 25.562 
25.758 101630.600 -25.413 124.633 49.236 25.866 25.593 
25.788 101645.288 -26.628 123.535 49.168 25.887 25.625 
25.825 101635.200 -25.793 124.481 49.168 25.887 25.625 
25.850 101630.440 -25.397 124.191 49.107 25.909 25.656 
25.893 101630.952 -25.439 125.610 48.992 25.984 25.718 
25.918 101632.072 -25.534 126.083 48.862 26.016 25.718 
26.004 101627.168 -25.128 32.943 48.695 26.134 25.843 
26.022 101626.528 -25.075 33.798 48.519 26.220 25.906 
26.120 101636.888 -25.931 33.767 48.489 26.262 25.968 
26.170 101621.416 -24.647 30.059 48.641 26.316 26.031 
26.219 101629.528 -25.323 29.663 48.275 26.380 26.062 
26.262 101624.088 -24.869 32.211 48.145 26.456 26.125 
26.323 101623.888 -24.853 32.211 48.000 26.488 26.187 
26.348 101636.792 -25.925 32.608 47.939 26.541 26.218 
26.415 101629.488 -25.318 32.836 47.665 26.627 26.281 
26.464 101631.664 -25.497 33.050 47.527 26.659 26.343 
26.495 101628.600 -25.244 32.745 47.489 26.702 26.375 
26.550 101629.560 -25.323 32.073 47.153 26.745 26.406 
26.630 101628.648 -25.249 32.119 47.092 26.831 26.468 
26.630 101616.832 -24.266 32.546 47.047 26.842 26.500 
26.660 101622.616 -24.747 32.867 46.848 26.874 26.531 
26.691 101619.528 -24.493 33.065 46.780 26.895 26.562 
26.709 101627.720 -25.170 32.989 46.711 26.917 26.562 
26.721 101619.392 -24.478 32.699 46.650 26.927 26.593 
26.752 101619.248 -24.467 32.165 46.551 26.938 26.625 
26.770 101627.456 -25.149 32.699 46.444 26.960 26.625 
26.770 101624.496 -24.906 33.020 46.513 26.970 26.625 
26.777 101623.264 -24.800 33.660 46.444 26.981 26.656 
26.777 101614.400 -24.065 33.340 46.383 26.992 26.656 
26.801 101624.344 -24.890 33.523 46.337 27.013 26.687 
26.801 101612.520 -23.912 33.538 46.436 27.024 26.687 
26.813 101621.936 -24.689 33.004 46.375 27.035 26.687 
26.795 101616.704 -24.256 33.935 46.268 27.035 26.687 
26.789 101626.776 -25.096 32.318 46.268 27.045 26.687 
26.777 101623.264 -24.800 32.257 46.200 27.045 26.687 
26.807 101614.280 -24.055 31.494 46.101 27.035 26.687 
26.813 101616.016 -24.197 32.241 46.139 27.067 26.718 
26.795 101619.648 -24.504 34.515 46.169 27.088 26.718 
26.813 101616.016 -24.197 34.545 46.307 27.088 26.718 
26.795 101628.512 -25.239 35.156 46.169 27.099 26.718 
26.807 101620.192 -24.546 35.537 46.307 27.099 26.750 
26.819 101608.896 -23.611 35.507 46.139 27.121 26.750 
26.850 101626.488 -25.069 35.202 46.139 27.121 26.750 
26.844 101612.912 -23.944 34.835 46.101 27.131 26.781 
26.868 101608.072 -23.542 33.767 46.001 27.142 26.781 
26.899 101613.824 -24.018 34.118 46.001 27.153 26.812 
26.893 101609.136 -23.627 32.821 45.933 27.174 26.812 
26.948 101615.944 -24.192 34.530 45.925 27.185 26.843 
26.936 101615.416 -24.150 32.958 45.895 27.196 26.843 
26.966 101606.392 -23.399 33.721 45.895 27.206 26.843 
26.972 101614.056 -24.039 33.935 45.925 27.217 26.875 
27.015 101614.432 -24.071 34.545 45.826 27.238 26.875 
27.009 101621.544 -24.657 34.530 45.727 27.249 26.906 
27.021 101616.168 -24.213 34.362 45.658 27.260 26.906 
27.033 101616.704 -24.256 34.332 45.628 27.271 26.906 
27.064 101610.624 -23.754 33.752 45.689 27.281 26.937 
27.058 101617.736 -24.340 33.706 45.628 27.281 26.937 
27.070 101612.352 -23.896 34.072 45.589 27.281 26.937 
27.070 101612.352 -23.896 35.430 45.460 27.281 26.968 
27.095 101613.408 -23.981 35.324 45.391 27.303 26.968 
27.082 101612.872 -23.939 35.110 45.361 27.314 26.968 
27.088 101605.752 -23.347 34.530 45.422 27.314 26.968 
27.119 101617.408 -24.314 32.318 45.322 27.335 27.000 
27.119 101605.584 -23.331 35.385 45.322 27.335 27.000 
27.119 101611.496 -23.822 33.996 45.322 27.346 27.000 
27.131 101623.832 -24.847 32.852 45.246 27.356 27.031 
27.125 101619.144 -24.462 30.776 45.216 27.367 27.031 
27.137 101613.768 -24.012 34.729 45.147 27.367 27.031 
27.162 101617.752 -24.345 34.164 45.147 27.378 27.031 
27.156 101621.928 -24.689 32.974 45.147 27.399 27.062 
27.162 101623.664 -24.837 34.744 45.048 27.399 27.062 
27.168 101628.352 -25.223 33.569 44.979 27.410 27.062 
27.180 101625.928 -25.022 34.362 44.949 27.399 27.062 
27.192 101632.368 -25.556 33.874 44.949 27.410 27.062 
27.186 101630.624 -25.413 33.126 44.949 27.432 27.093 
27.168 101619.488 -24.488 33.218 44.949 27.432 27.093 
27.192 101617.584 -24.330 36.407 45.078 27.432 27.093 
27.192 101629.416 -25.312 35.614 44.979 27.453 27.093 
27.229 101628.016 -25.196 30.212 44.979 27.464 27.125 
27.229 101630.968 -25.439 35.614 44.910 27.464 27.125 
27.253 101629.064 -25.281 36.178 44.949 27.474 27.125 
27.241 101625.576 -24.995 36.331 44.842 27.474 27.125 
27.247 101627.320 -25.138 36.026 44.842 27.485 27.156 
27.266 101623.664 -24.837 35.308 44.842 27.496 27.156 
27.253 101629.064 -25.281 35.308 44.842 27.485 27.156 
27.266 101629.576 -25.328 35.842 44.842 27.496 27.156 
27.272 101628.344 -25.223 36.270 44.781 27.507 27.156 
27.259 101627.832 -25.180 36.041 44.712 27.517 27.187 
27.296 101629.392 -25.312 35.415 44.712 27.507 27.187 
27.302 101628.176 -25.212 35.217 44.781 27.517 27.187 
27.308 101623.976 -24.863 35.888 44.697 27.528 27.187 
27.290 101624.696 -24.921 34.576 44.666 27.528 27.187 
27.229 101628.016 -25.196 33.950 44.666 27.528 27.156 
27.211 101622.800 -24.763 33.813 44.643 27.528 27.156 
27.180 101634.800 -25.762 34.698 44.735 27.517 27.156 
27.168 101628.352 -25.223 35.873 44.712 27.507 27.156 
27.198 101631.160 -25.455 35.476 44.674 27.517 27.156 
27.241 101634.456 -25.730 34.469 44.735 27.528 27.187 
27.253 101626.112 -25.038 34.652 44.735 27.528 27.187 
27.266 101629.576 -25.328 35.400 44.735 27.550 27.187 
27.314 101628.688 -25.254 36.178 44.735 27.560 27.218 
27.302 101628.176 -25.212 35.980 44.636 27.560 27.218 
27.320 101621.544 -24.657 34.423 44.636 27.571 27.218 
27.308 101626.936 -25.106 36.193 44.567 27.582 27.218 
27.308 101626.936 -25.106 35.568 44.598 27.582 27.250 
27.290 101627.648 -25.165 36.041 44.567 27.571 27.218 
27.290 101621.744 -24.673 35.919 44.598 27.582 27.218 
27.320 101621.544 -24.657 35.125 44.636 27.560 27.218 
27.363 101627.792 -25.180 35.034 44.697 27.592 27.250 
27.388 101625.864 -25.017 33.828 44.636 27.592 27.250 
27.388 101619.936 -24.525 34.240 44.636 27.603 27.281 
27.400 101623.424 -24.816 33.828 44.598 27.625 27.281 
27.381 101627.080 -25.117 33.203 44.666 27.646 27.281 
27.375 101625.368 -24.974 32.958 44.598 27.646 27.281 
27.357 101629.024 -25.281 33.508 44.598 27.646 27.281 
27.412 101626.896 -25.106 34.179 44.636 27.646 27.312 
27.418 101628.632 -25.249 34.454 44.598 27.667 27.312 
27.455 101624.256 -24.884 34.561 44.666 27.678 27.343 
27.485 101612.216 -23.886 34.454 44.621 27.700 27.375 
27.510 101625.088 -24.953 33.767 44.491 27.753 27.406 
27.534 101623.136 -24.789 34.149 44.491 27.753 27.406 
27.534 101629.064 -25.281 34.866 44.590 27.764 27.406 
27.534 101614.264 -24.055 34.729 44.521 27.785 27.437 
27.558 101627.112 -25.122 33.828 44.453 27.796 27.437 
27.601 101627.408 -25.143 33.782 44.453 27.818 27.468 
27.607 101629.160 -25.291 31.570 44.453 27.828 27.468 
27.619 101623.752 -24.842 31.814 44.422 27.839 27.500 
27.644 101624.752 -24.927 31.585 44.453 27.861 27.500 
27.601 101615.560 -24.160 29.678 44.445 27.882 27.531 
27.601 101618.528 -24.409 31.295 44.415 27.893 27.531 
27.644 101615.864 -24.187 34.347 44.415 27.903 27.531 
27.668 101628.736 -25.254 33.935 44.247 27.914 27.562 
27.656 101625.264 -24.969 33.325 44.376 27.914 27.562 
27.680 101626.272 -25.054 33.721 44.346 27.925 27.593 
27.674 101618.616 -24.414 32.989 44.376 27.946 27.593 
27.680 101620.352 -24.562 33.355 44.277 27.957 27.593 
27.698 101619.624 -24.499 33.645 44.209 27.957 27.593 
27.741 101625.832 -25.017 32.424 44.277 27.957 27.625 
27.778 101633.272 -25.635 34.042 44.277 27.968 27.656 
27.765 101626.832 -25.101 33.859 44.209 27.989 27.656 
27.784 101626.120 -25.038 33.187 44.178 27.989 27.656 
27.778 101621.424 -24.652 34.072 44.109 28.000 27.656 
27.826 101635.264 -25.799 33.203 44.109 28.011 27.687 
27.778 101621.424 -24.652 33.584 44.109 28.021 27.656 
27.802 101628.336 -25.223 34.622 44.178 28.021 27.687 
27.826 101632.296 -25.550 32.714 44.178 28.032 27.687 
27.826 101635.264 -25.799 33.645 44.163 28.043 27.687 
27.832 101625.144 -24.958 34.454 44.132 28.054 27.687 
27.838 101626.880 -25.101 34.179 44.163 28.054 27.718 
27.844 101628.616 -25.244 33.432 44.102 28.064 27.718 
27.851 101627.384 -25.143 33.660 44.102 28.064 27.718 
27.863 101630.840 -25.434 34.317 44.132 28.086 27.718 
27.899 101635.312 -25.804 33.599 44.102 28.096 27.750 
27.851 101633.320 -25.635 33.416 43.995 28.107 27.750 
27.826 101632.296 -25.550 34.255 44.033 28.096 27.750 
27.851 101627.384 -25.143 34.439 44.132 28.075 27.750 
27.887 101634.816 -25.762 33.721 44.201 28.086 27.750 
27.857 101640.976 -26.274 19.439 44.033 28.107 27.750 
27.857 101638.008 -26.026 19.699 44.201 28.096 27.750 
27.893 101639.504 -26.147 32.745 44.163 28.096 27.750 
27.863 101636.768 -25.925 31.448 44.102 28.107 27.750 
27.881 101641.960 -26.354 31.997 44.163 28.096 27.750 
27.875 101631.336 -25.471 32.165 44.201 28.086 27.750 
27.863 101639.728 -26.169 32.791 44.270 28.096 27.750 
27.851 101621.472 -24.652 32.012 44.300 28.096 27.750 
27.875 101628.368 -25.228 32.028 44.300 28.107 27.750 
27.857 101629.128 -25.286 32.852 44.270 28.118 27.750 
27.881 101630.112 -25.371 27.755 44.231 28.107 27.750 
27.863 101624.920 -24.937 27.099 44.201 28.107 27.750 
27.887 101631.848 -25.513 27.252 44.399 28.118 27.781 
27.887 101640.752 -26.253 31.982 44.369 28.129 27.781 
27.905 101631.112 -25.455 31.600 44.270 28.139 27.781 
27.917 101631.600 -25.492 31.005 44.231 28.129 27.781 
27.911 101641.736 -26.338 31.646 44.270 28.139 27.781 
27.924 101633.344 -25.640 31.860 44.300 28.139 27.812 
27.930 101638.032 -26.031 31.463 44.300 28.150 27.812 
27.966 101630.640 -25.413 31.845 44.369 28.129 27.812 
27.972 101641.256 -26.295 31.036 44.300 28.161 27.812 
27.984 101641.744 -26.338 30.487 44.300 28.182 27.843 
27.984 101644.712 -26.581 30.960 44.270 28.193 27.843 
28.009 101639.784 -26.174 31.768 44.323 28.214 27.843 
28.021 101637.312 -25.968 32.241 44.231 28.214 27.875 
28.009 101636.824 -25.925 31.600 44.292 28.214 27.875 
28.021 101640.272 -26.216 31.280 44.224 28.214 27.875 
27.997 101642.248 -26.380 30.029 44.254 28.214 27.875 
28.015 101647.432 -26.808 32.775 44.292 28.214 27.875 
28.027 101636.072 -25.867 31.036 44.254 28.214 27.875 
28.033 101637.808 -26.010 31.951 44.254 28.214 27.875 
28.015 101656.312 -27.548 31.860 44.292 28.214 27.875 
27.960 101643.720 -26.502 30.975 44.422 28.214 27.843 
27.997 101639.280 -26.132 31.997 44.392 28.214 27.875 
28.003 101641.016 -26.274 30.059 44.292 28.214 27.875 
28.009 101642.752 -26.422 33.462 44.224 28.214 27.875 
27.997 101639.280 -26.132 33.203 44.292 28.214 27.875 
27.984 101638.784 -26.089 33.096 44.224 28.214 27.875 
28.021 101643.240 -26.459 34.118 44.224 28.214 27.875 
27.954 101639.024 -26.110 29.983 44.323 28.214 27.875 
27.948 101649.160 -26.951 33.599 44.323 28.214 27.843 
27.997 101642.248 -26.380 33.798 44.369 28.214 27.875 
28.033 101649.664 -26.993 33.126 44.323 28.214 27.875 
28.039 101639.520 -26.153 34.805 44.292 28.214 27.906 
28.027 101647.920 -26.850 35.003 44.254 28.214 27.906 
28.033 101649.664 -26.993 33.660 44.254 28.214 27.875 
28.045 101641.248 -26.295 34.698 44.254 28.214 27.906 
28.033 101640.776 -26.258 34.500 44.254 28.225 27.906 
28.076 101655.832 -27.506 33.782 44.186 28.236 27.906 
28.039 101645.456 -26.644 34.011 44.155 28.247 27.906 
28.039 101648.424 -26.893 34.698 44.224 28.257 27.906 
28.045 101647.168 -26.787 34.774 44.186 28.268 27.937 
28.039 101639.520 -26.153 33.966 44.224 28.268 27.937 
28.045 101641.248 -26.295 33.920 44.224 28.225 27.906 
28.100 101642.000 -26.359 34.790 44.224 28.225 27.937 
28.118 101650.136 -27.035 34.667 44.224 28.247 27.937 
28.106 101652.616 -27.241 33.950 44.224 28.257 27.937 
28.094 101652.120 -27.199 33.737 44.224 28.290 27.968 
28.106 101652.616 -27.241 34.545 44.254 28.279 27.968 
28.082 101651.632 -27.157 34.744 44.155 28.290 27.937 
28.069 101648.168 -26.871 34.133 44.186 28.290 27.937 
28.088 101647.432 -26.808 33.813 44.155 28.279 27.937 
28.094 101649.160 -26.951 34.469 44.155 28.290 27.968 
28.155 101660.504 -27.897 64.910 44.254 28.268 27.968 
28.191 101653.088 -27.278 70.755 44.559 28.214 27.968 
28.155 101657.544 -27.648 72.906 44.758 28.247 27.968 
28.106 101655.568 -27.484 75.317 44.521 28.268 27.968 
28.039 101645.456 -26.644 79.391 44.689 28.225 27.937 
28.045 101650.144 -27.035 81.527 44.827 28.257 27.968 
28.021 101655.088 -27.447 76.126 44.559 28.247 27.937 
28.009 101654.592 -27.405 79.116 44.796 28.247 27.968 
28.051 101648.928 -26.935 76.446 44.422 28.214 27.968 
28.069 101662.984 -28.097 75.210 44.292 28.214 28.000 
28.057 101650.648 -27.078 76.782 44.422 28.214 27.968 
