24.039 101431.376 -8.851 290.771 49.366 24.214 24.156 
23.806 101435.600 -9.205 337.997 49.435 24.150 23.968 
23.454 101421.680 -8.048 337.036 49.908 23.935 23.687 
23.240 101434.032 -9.073 337.066 50.381 23.721 23.468 
22.880 101433.592 -9.036 332.000 50.846 23.538 23.218 
22.697 101441.848 -9.723 329.879 51.434 23.324 22.968 
22.380 101431.272 -8.846 340.530 51.960 23.066 22.718 
22.177 101440.168 -9.580 281.250 52.662 22.766 22.437 
22.088 101437.104 -9.327 341.583 53.661 22.401 22.187 
22.050 101435.776 -9.216 341.583 54.180 22.294 22.062 
21.936 101431.784 -8.883 341.476 54.646 22.123 21.906 
21.783 101439.072 -9.491 341.445 55.050 21.983 21.781 
21.617 101433.152 -8.999 341.461 55.286 21.876 21.656 
21.432 101434.376 -9.099 341.445 55.546 21.833 21.531 
21.388 101428.000 -8.571 341.384 56.065 21.619 21.406 
21.177 101443.944 -9.897 341.415 56.332 21.576 21.312 
21.043 101424.736 -8.302 341.384 56.675 21.404 21.125 
21.043 101443.680 -9.876 341.461 56.965 21.329 21.062 
20.966 101434.472 -9.110 322.753 57.430 21.211 20.968 
20.806 101426.832 -8.476 340.484 58.002 21.007 20.812 
20.806 101426.832 -8.476 341.552 58.666 20.846 20.687 
20.799 101437.632 -9.374 341.522 58.727 20.836 20.656 
20.703 101422.928 -8.148 341.537 58.697 20.857 20.656 
20.581 101438.736 -9.464 341.506 58.727 20.857 20.593 
20.530 101424.120 -8.249 341.491 58.781 20.836 20.531 
20.466 101424.776 -8.302 341.506 59.048 20.771 20.500 
20.344 101427.880 -8.560 341.537 59.246 20.728 20.437 
20.267 101424.832 -8.307 340.072 59.391 20.621 20.343 
