22.502 101441.168 -9.665 138.183 71.232 22.820 22.218 
22.646 101442.768 -9.802 137.878 64.610 22.906 22.375 
22.690 101446.128 -10.077 137.527 65.731 23.045 22.531 
23.003 101444.088 -9.908 133.438 68.989 23.410 22.875 
22.972 101441.272 -9.676 135.147 56.980 23.270 22.906 
23.065 101446.680 -10.125 135.726 56.515 23.249 22.937 
23.115 101457.824 -11.049 134.887 58.498 23.270 22.968 
23.115 101442.664 -9.792 136.291 55.782 23.292 23.031 
23.047 101438.312 -9.427 120.849 55.988 23.302 23.000 
23.078 101453.264 -10.674 135.025 57.240 23.324 23.031 
23.115 101439.632 -9.538 133.499 56.011 23.335 23.062 
23.153 101450.280 -10.426 132.644 55.958 23.335 23.062 
23.278 101446.280 -10.093 132.263 55.958 23.420 23.156 
23.365 101437.728 -9.380 133.651 57.446 23.549 23.250 
23.372 101451.608 -10.537 134.002 55.317 23.570 23.312 
23.403 101442.272 -9.760 131.988 56.072 23.592 23.343 
23.347 101441.504 -9.697 109.069 54.501 23.592 23.312 
23.253 101442.232 -9.755 134.628 56.011 23.485 23.250 
23.115 101433.568 -9.036 135.711 56.248 23.420 23.156 
23.134 101432.832 -8.973 135.971 55.431 23.399 23.125 
23.190 101439.680 -9.543 137.985 58.002 23.453 23.187 
23.184 101440.944 -9.649 137.451 56.538 23.442 23.156 
23.109 101453.024 -10.653 135.787 55.866 23.356 23.125 
22.984 101444.816 -9.971 140.167 55.721 23.302 23.031 
22.915 101434.400 -9.105 139.801 57.682 23.259 22.968 
22.903 101427.800 -8.555 138.641 56.339 23.270 22.968 
23.072 101442.384 -9.765 138.168 57.682 23.335 23.062 
23.140 101440.664 -9.623 138.229 56.660 23.356 23.093 
