21.928 101291.200 2.814 123.107 75.504 22.734 22.031 
22.236 101300.800 2.016 122.985 64.701 22.895 22.281 
22.964 101295.760 2.436 118.545 65.533 23.442 22.968 
23.089 101290.568 2.866 119.262 58.270 23.560 23.125 
23.171 101296.264 2.393 120.315 56.133 23.667 23.250 
23.252 101296.104 2.407 120.498 56.484 23.731 23.343 
23.377 101293.744 2.602 117.080 56.080 23.774 23.437 
23.452 101291.728 2.769 118.392 58.796 23.892 23.562 
23.527 101283.808 3.429 107.070 54.470 23.967 23.625 
23.707 101288.608 3.030 117.416 53.333 24.117 23.812 
23.788 101282.432 3.545 115.585 52.952 24.150 23.875 
23.932 101294.016 2.578 116.470 63.511 24.353 24.031 
24.013 101284.832 3.345 117.126 55.088 24.396 24.093 
24.062 101284.368 3.384 115.493 52.891 24.471 24.187 
24.131 101280.432 3.712 115.280 52.570 24.461 24.218 
24.143 101278.096 3.905 108.093 52.479 24.536 24.281 
24.162 101286.376 3.215 116.622 54.676 24.471 24.218 
24.124 101287.464 3.125 117.843 53.066 24.504 24.250 
24.205 101284.120 3.403 118.362 53.829 24.664 24.343 
24.255 101280.688 3.688 117.248 52.364 24.643 24.375 
24.230 101285.344 3.302 116.546 52.006 24.654 24.375 
24.156 101275.776 4.098 118.453 51.693 24.707 24.406 
24.174 101269.368 4.631 118.331 55.111 24.750 24.437 
24.236 101275.344 4.135 117.889 52.593 24.718 24.437 
24.311 101273.144 4.317 118.041 52.685 24.697 24.468 
