30.763 101509.104 -15.314 323.638 35.198 30.542 30.562 
30.527 101527.064 -16.810 323.944 35.343 30.274 30.343 
30.218 101505.224 -14.992 298.553 35.709 29.930 30.062 
29.758 101508.280 -15.245 321.411 36.533 29.523 29.656 
29.636 101516.096 -15.895 322.113 36.816 29.223 29.375 
29.587 101515.352 -15.837 322.875 37.098 29.126 29.281 
29.539 101508.176 -15.240 322.814 36.999 29.019 29.187 
29.442 101513.096 -15.647 323.074 37.617 28.890 29.062 
29.320 101517.592 -16.022 322.113 37.579 28.890 29.000 
29.271 101516.816 -15.959 323.181 36.556 28.751 28.875 
29.070 101527.968 -16.884 323.745 38.113 28.601 28.718 
29.009 101517.328 -16.001 323.959 37.945 28.568 28.656 
29.009 101517.328 -16.001 323.913 37.914 28.568 28.625 
28.960 101526.136 -16.730 323.944 37.846 28.558 28.593 
28.924 101515.872 -15.880 303.466 37.518 28.450 28.500 
28.771 101524.496 -16.593 309.753 37.869 28.268 28.343 
28.753 101525.784 -16.704 305.938 37.800 28.204 28.312 
28.747 101524.056 -16.561 312.377 37.838 28.214 28.312 
28.741 101522.360 -16.419 313.003 37.838 28.225 28.312 
28.729 101522.144 -16.397 314.910 37.869 28.214 28.281 
28.710 101520.208 -16.239 319.320 37.968 28.193 28.281 
28.716 101521.928 -16.382 318.008 37.869 28.161 28.250 
28.716 101528.336 -16.915 307.678 38.006 28.172 28.250 
28.692 101518.288 -16.080 314.376 38.036 28.172 28.250 
28.655 101520.832 -16.292 313.293 37.617 28.118 28.218 
28.637 101525.336 -16.667 312.622 37.678 28.054 28.187 
