29.836 101394.992 -5.823 999.984 61.909 30.306 29.781 
30.094 101399.712 -6.219 999.984 61.520 30.585 30.062 
30.359 101400.008 -6.241 999.984 60.246 30.831 30.312 
30.527 101405.768 -6.721 999.984 59.261 31.003 30.500 
30.802 101400.200 -6.256 999.984 58.933 31.142 30.718 
30.970 101402.816 -6.473 999.984 57.079 31.357 30.906 
31.132 101397.696 -6.050 999.984 55.340 31.593 31.125 
31.269 101391.736 -5.554 999.984 57.438 31.679 31.250 
31.520 101387.840 -5.231 999.984 57.888 31.786 31.406 
31.592 101393.112 -5.670 999.984 53.394 32.022 31.593 
31.800 101392.184 -5.591 999.984 51.594 32.140 31.750 
31.806 101402.824 -6.478 999.984 53.844 32.258 31.843 
31.860 101394.048 -5.744 999.984 53.417 32.322 31.906 
31.926 101394.576 -5.791 999.984 52.853 32.408 31.968 
31.967 101397.352 -6.024 999.984 53.631 32.462 32.031 
31.932 101408.200 -6.922 999.984 53.448 32.462 32.031 
31.872 101397.392 -6.024 999.984 51.846 32.494 32.000 
31.932 101411.184 -7.171 999.984 53.120 32.580 32.093 
31.943 101399.616 -6.209 999.984 52.609 32.622 32.156 
32.027 101405.168 -6.674 999.984 45.017 32.644 32.156 
32.104 101397.064 -5.997 999.984 49.229 32.665 32.218 
