7ef  25.166 102143.040 -67.885 444.442  46.566  25.169  24.906  120619 ,63563331538240
8d4  25.178 101968.632 -53.447 134.872  42.698  25.930  25.468  123599 ,63563331541220
7cd  25.002 102133.560 -67.097 294.998  44.544  25.394  25.062  125139 ,63563331542760
7ef  25.191 102131.808 -66.955 442.428  45.864  25.169  24.937  126099 ,63563331543721
8d4  25.166 101976.856 -54.129 134.902  42.728  25.909  25.437  129079 ,63563331546700
7cd  25.002 102120.832 -66.046 291.198  44.506  25.394  25.062  130619 ,63563331548240
7ef  25.215 102144.880 -68.038 443.725  45.666  25.158  24.937  131579 ,63563331549201
8d4  25.178 101983.360 -54.668 133.529  42.828  25.887  25.437  134579 ,63563331552201
7cd  25.002 102133.560 -67.097 282.424  44.476  25.404  25.062  136099 ,63563331553720
7ef  25.234 102147.096 -68.218 440.750  45.597  25.147  24.968  137058 ,63563331554680
8d4  25.184 101973.352 -53.838 133.575  42.896  25.887  25.437  140058 ,63563331557681
7cd  25.033 102120.128 -65.988 285.919  44.445  25.437  25.093  141578 ,63563331559201
7ef  25.265 102143.680 -67.938 440.780  45.567  25.126  24.937  142538 ,63563331560161
8d4  25.184 101970.400 -53.595 133.041  43.064  25.866  25.437  145538 ,63563331563161
7cd  25.058 102127.184 -66.574 281.662  44.445  25.426  25.093  147058 ,63563331564681
7ef  25.295 102134.160 -67.150 441.848  45.498  25.093  24.937  148018 ,63563331565640
8d4  25.203 101966.864 -53.299 132.385  42.995  25.855  25.437  151018 ,63563331568646
7cd  25.096 102125.064 -66.395 277.008  44.445  25.394  25.093  152538 ,63563331570160
7ef  25.326 102145.968 -68.128 448.684  45.467  25.104  24.968  153498 ,63563331571120
8d4  25.221 101975.136 -53.986 135.650  42.995  25.866  25.437  156498 ,63563331574121
7cd  25.145 102132.840 -67.039 283.172  44.476  25.383  25.125  158018 ,63563331575643
7ef  25.339 102134.240 -67.156 449.523  45.467  25.104  24.968  158978 ,63563331576601
8d4  25.215 101979.248 -54.325 137.008  42.995  25.866  25.468  161978 ,63563331579601
7cd  25.170 102114.408 -65.512 282.913  44.506  25.404  25.156  163498 ,63563331581120
7ef  25.357 102142.544 -67.843 447.235  45.498  25.072  24.968  164458 ,63563331582080
8d4  25.178 101968.632 -53.447 137.817  43.064  25.844  25.437  167458 ,63563331585081
7cd  25.220 102128.544 -66.685 287.139  44.506  25.437  25.156  168978 ,63563331586600
7ef  25.376 102141.704 -67.774 452.697  45.574  25.018  24.937  169938 ,63563331587562
8d4  25.196 101973.936 -53.886 137.420  43.095  25.823  25.406  172938 ,63563331590562
7cd  25.251 102131.000 -66.886 284.027  44.544  25.437  25.187  174458 ,63563331592081
7ef  25.394 102146.960 -68.207 451.538  45.673  24.975  24.937  175418 ,63563331593041
8d4  25.215 101967.472 -53.352 138.320  43.163  25.833  25.437  178418 ,63563331596041
7cd  25.264 102128.168 -66.654 290.420  44.590  25.362  25.156  179938 ,63563331597560
7ef  25.425 102149.616 -68.429 451.690  45.841  24.965  24.937  180918 ,63563331598541
8d4  25.215 101976.304 -54.082 137.908  43.163  25.833  25.437  183898 ,63563331601521
7cd  25.295 102124.240 -66.331 290.954  44.689  25.351  25.187  185418 ,63563331603041
7ef  25.450 102144.440 -68.001 450.897  45.940  24.954  24.937  186398 ,63563331604020
8d4  25.215 101973.368 -53.838 135.192  43.194  25.833  25.406  189378 ,63563331607001
7cd  25.307 102127.784 -66.622 292.816  44.788  25.329  25.187  190898 ,63563331608521
7ef  25.487 102145.784 -68.112 448.425  46.009  24.933  24.937  191878 ,63563331609501
8d4  25.215 101976.304 -54.082 128.082  43.232  25.823  25.406  194858 ,63563331612481
7cd  25.345 102116.072 -65.655 284.637  44.857  25.329  25.187  196378 ,63563331614001
7ef  25.505 102141.888 -67.790 450.317  46.009  24.954  24.968  197358 ,63563331614981
8d4  25.203 101975.712 -54.034 138.198  43.293  25.812  25.406  200338 ,63563331617961
7cd  25.388 102125.224 -66.410 290.176  44.857  25.308  25.187  201858 ,63563331619481
7ef  25.536 102135.400 -67.251 450.973  45.940  24.986  25.000  202838 ,63563331620461
8d4  25.233 101975.744 -54.034 138.076  43.232  25.823  25.406  205818 ,63563331623441
7cd  25.407 102124.144 -66.321 289.291  44.857  25.297  25.218  207338 ,63563331624960
7ef  25.548 102144.984 -68.043 451.858  45.872  25.008  25.000  208318 ,63563331625941
8d4  25.196 101968.056 -53.400 137.756  43.232  25.823  25.437  211298 ,63563331628922
7cd  25.432 102118.448 -65.850 289.840  44.857  25.340  25.250  212818 ,63563331630441
7ef  25.567 102147.192 -68.228 450.866  45.841  25.029  25.031  213798 ,63563331631428
8d4  25.215 101967.472 -53.352 137.939  43.232  25.812  25.437  216778 ,63563331634401
7cd  25.482 102129.360 -66.754 291.107  44.811  25.404  25.281  218298 ,63563331635921
7ef  25.573 102142.840 -67.869 452.026  45.795  25.061  25.062  219278 ,63563331636901
8d4  25.190 101972.168 -53.743 138.549  43.293  25.791  25.406  222257 ,63563331639881
7ef  25.616 102136.792 -67.367 450.759  45.727  25.093  25.093  224757 ,63563331642381
8d4  25.203 101972.760 -53.791 138.488  43.331  25.791  25.406  227737 ,63563331645361
7cd  25.531 102121.152 -66.072 290.740  44.674  25.490  25.343  229257 ,63563331646881
7ef  25.634 102129.832 -66.791 451.751  45.727  25.115  25.093  230237 ,63563331647861
8d4  25.215 101973.368 -53.838 138.122  43.400  25.791  25.406  233217 ,63563331650841
7cd  25.556 102121.816 -66.125 290.466  44.605  25.533  25.375  234737 ,63563331652361
7ef  25.647 102142.480 -67.837 451.522  45.696  25.147  25.125  235717 ,63563331653341
8d4  25.196 101968.056 -53.400 138.275  43.362  25.780  25.406  238697 ,63563331656321
7cd  25.593 102132.376 -67.002 290.542  44.575  25.533  25.375  240217 ,63563331657840
7ef  25.671 102149.464 -68.413 450.485  45.666  25.179  25.156  241197 ,63563331658821
8d4  25.203 101972.760 -53.791 137.695  43.400  25.780  25.406  244177 ,63563331661801
7cd  25.618 102126.664 -66.527 290.527  44.544  25.533  25.406  245697 ,63563331663321
7ef  25.684 102137.720 -67.441 450.866  45.620  25.211  25.187  246677 ,63563331664301
8d4  25.203 101981.592 -54.520 137.863  43.362  25.780  25.406  249657 ,63563331667281
7cd  25.643 102127.336 -66.585 290.679  44.544  25.533  25.406  251177 ,63563331668801
7ef  25.708 102150.816 -68.524 451.354  45.559  25.233  25.218  252157 ,63563331669781
8d4  25.196 101982.776 -54.621 138.244  43.362  25.780  25.406  255137 ,63563331672761
7cd  25.656 102130.840 -66.875 291.366  44.544  25.533  25.406  256657 ,63563331674281
7ef  25.721 102148.208 -68.313 449.691  45.521  25.222  25.218  257637 ,63563331675260
8d4  25.190 101978.056 -54.230 137.969  43.362  25.769  25.406  260617 ,63563331678241
7cd  25.668 102131.184 -66.902 291.610  44.544  25.533  25.437  262137 ,63563331679761
7ef  25.733 102142.544 -67.843 451.812  45.521  25.233  25.218  263117 ,63563331680741
8d4  25.190 101975.104 -53.981 138.595  43.377  25.769  25.375  266097 ,63563331683721
7cd  25.705 102125.808 -66.458 291.076  44.605  25.533  25.437  267617 ,63563331685241
7ef  25.758 102155.640 -68.926 449.737  45.521  25.233  25.250  268597 ,63563331686220
8d4  25.190 101969.216 -53.495 137.985  43.407  25.769  25.375  271577 ,63563331689201
7cd  25.699 102124.040 -66.310 290.557  44.674  25.533  25.437  273097 ,63563331690722
7ef  25.770 102131.696 -66.944 448.638  45.490  25.222  25.250  274077 ,63563331691701
8d4  25.184 101970.400 -53.595 135.986  43.407  25.758  25.375  277057 ,63563331694681
7cd  25.718 102113.376 -65.427 285.095  44.674  25.533  25.437  278577 ,63563331696201
7ef  25.788 102136.920 -67.377 446.807  45.498  25.201  25.250  279557 ,63563331697181
8d4  25.166 101962.136 -52.908 136.093  43.438  25.748  25.375  282537 ,63563331700161
7cd  25.736 102128.216 -66.659 287.170  44.773  25.533  25.437  284057 ,63563331701681
7ef  25.807 102142.152 -67.811 445.281  45.528  25.190  25.250  285037 ,63563331702661
8d4  25.203 101975.712 -54.034 135.955  43.438  25.748  25.375  288017 ,63563331705641
7cd  25.749 102125.360 -66.421 288.375  44.872  25.490  25.468  289537 ,63563331707161
7ef  25.819 102133.448 -67.087 446.990  45.567  25.190  25.250  290517 ,63563331708141
8d4  25.203 101963.920 -53.056 136.306  43.438  25.758  25.375  293497 ,63563331711121
7cd  25.767 102130.624 -66.854 289.093  44.872  25.533  25.468  295017 ,63563331712642
7ef  25.856 102146.968 -68.207 447.677  45.589  25.211  25.281  295997 ,63563331713621
8d4  25.203 101966.864 -53.299 136.077  43.438  25.758  25.375  298977 ,63563331716601
7cd  25.774 102113.256 -65.422 288.467  44.872  25.533  25.500  300497 ,63563331718121
7ef  25.868 102144.360 -67.990 447.677  45.490  25.244  25.312  301477 ,63563331719101
8d4  25.203 101958.032 -52.570 135.681  43.438  25.758  25.375  304457 ,63563331722081
7cd  25.767 102117.872 -65.803 288.330  44.872  25.533  25.500  305977 ,63563331723601
7ef  25.874 102133.904 -67.129 446.441  45.391  25.276  25.312  306976 ,63563331724601
8d4  25.203 101969.816 -53.543 136.077  43.476  25.748  25.375  309936 ,63563331727561
7cd  25.724 102118.312 -65.840 288.101  44.941  25.533  25.531  311456 ,63563331729081
7ef  25.887 102131.296 -66.912 447.280  45.353  25.308  25.343  312456 ,63563331730080
8d4  25.227 101971.016 -53.643 136.184  43.575  25.758  25.375  315416 ,63563331733041
7cd  25.724 102111.944 -65.311 288.314  44.811  25.533  25.531  316936 ,63563331734561
7ef  25.899 102137.832 -67.451 447.769  45.322  25.351  25.375  317936 ,63563331735561
8d4  25.233 101969.832 -53.548 135.803  43.575  25.758  25.406  320896 ,63563331738521
7cd  25.724 102118.312 -65.840 287.994  44.743  25.533  25.562  322416 ,63563331740041
7ef  25.887 102140.448 -67.668 446.167  45.246  25.415  25.406  323416 ,63563331741041
8d4  25.264 101963.968 -53.062 136.154  43.575  25.748  25.406  326376 ,63563331744001
7cd  25.730 102107.328 -64.931 288.589  44.674  25.533  25.562  327896 ,63563331745521
7ef  25.874 102127.808 -66.622 446.533  45.277  25.480  25.468  328896 ,63563331746521
8d4  25.295 101955.144 -52.332 135.467  43.438  25.758  25.406  331856 ,63563331749482
7cd  25.761 102122.496 -66.183 289.184  44.773  25.533  25.562  333376 ,63563331751005
7ef  25.881 102138.696 -67.525 447.723  45.307  25.522  25.500  334376 ,63563331752001
8d4  25.289 101971.040 -53.648 135.696  43.400  25.780  25.437  337336 ,63563331754962
7cd  25.780 102121.392 -66.093 288.803  44.811  25.533  25.562  338856 ,63563331756481
7ef  25.881 102132.592 -67.018 446.319  45.239  25.576  25.531  339856 ,63563331757481
8d4  25.301 101959.848 -52.718 136.352  43.362  25.780  25.437  342816 ,63563331760441
7cd  25.780 102111.824 -65.301 289.077  44.796  25.544  25.593  344356 ,63563331761981
7ef  25.887 102131.296 -66.912 447.265  45.170  25.608  25.531  345336 ,63563331762961
8d4  25.301 101956.912 -52.475 135.971  43.362  25.791  25.437  348296 ,63563331765921
7cd  25.811 102114.232 -65.501 288.650  44.666  25.544  25.593  349836 ,63563331767461
7ef  25.893 102133.032 -67.055 447.906  45.071  25.651  25.562  350816 ,63563331768441
7cd  25.817 102122.376 -66.173 287.811  44.697  25.544  25.625  355316 ,63563331772941
7ef  25.911 102141.312 -67.742 448.043  45.002  25.683  25.593  356296 ,63563331773923
8d4  25.332 101965.760 -53.210 136.093  43.293  25.812  25.468  359256 ,63563331776882
7cd  25.842 102107.080 -64.910 283.218  44.636  25.565  25.625  360796 ,63563331778421
8d4  25.314 101960.448 -52.771 136.642  43.232  25.812  25.468  364736 ,63563331782361
7cd  25.854 102107.400 -64.936 285.400  44.567  25.587  25.625  366276 ,63563331783901
7ef  25.911 102132.168 -66.981 447.113  44.903  25.726  25.625  367256 ,63563331784881
8d4  25.326 101963.984 -53.062 136.352  43.293  25.812  25.468  370216 ,63563331787841
7cd  25.854 102123.352 -66.257 286.392  44.537  25.630  25.656  371756 ,63563331789382
7ef  25.918 102136.952 -67.383 447.616  44.834  25.726  25.656  372736 ,63563331790361
8d4  25.332 101965.760 -53.210 134.323  43.293  25.812  25.468  375696 ,63563331793321
7cd  25.867 102133.240 -67.071 282.745  44.498  25.662  25.687  377236 ,63563331794862
7ef  25.930 102146.536 -68.170 444.427  44.758  25.748  25.656  378216 ,63563331795841
8d4  25.338 101958.680 -52.623 135.482  43.331  25.823  25.468  381176 ,63563331798801
7cd  25.854 102110.584 -65.200 286.193  44.468  25.683  25.687  382716 ,63563331800342
7ef  25.948 102142.616 -67.848 445.480  44.689  25.780  25.687  383696 ,63563331801321
8d4  25.351 101962.224 -52.919 135.086  43.331  25.844  25.500  386676 ,63563331804302
7cd  25.879 102111.232 -65.253 285.705  44.468  25.683  25.687  388196 ,63563331805821
7ef  25.967 102138.704 -67.525 445.693  44.628  25.791  25.687  389176 ,63563331806804
8d4  25.345 101966.344 -53.257 135.086  43.331  25.833  25.500  392155 ,63563331809781
7cd  25.904 102111.880 -65.306 285.705  44.498  25.673  25.718  393675 ,63563331811302
7ef  25.979 102136.096 -67.309 445.907  44.659  25.801  25.687  394655 ,63563331812281
8d4  25.314 101960.448 -52.771 135.498  43.331  25.833  25.468  397635 ,63563331815263
7cd  25.904 102118.264 -65.834 285.949  44.468  25.673  25.718  399155 ,63563331816781
7ef  25.991 102133.464 -67.092 444.961  44.628  25.812  25.718  400135 ,63563331817761
8d4  25.289 101965.152 -53.157 135.269  43.293  25.823  25.468  403115 ,63563331820742
7cd  25.929 102102.952 -64.566 285.751  44.468  25.673  25.718  404635 ,63563331822263
7ef  25.997 102132.168 -66.981 445.922  44.590  25.833  25.718  405615 ,63563331823242
8d4  25.258 101973.968 -53.891 135.498  43.362  25.801  25.468  408595 ,63563331826221
7cd  25.929 102118.896 -65.887 285.842  44.537  25.716  25.750  410115 ,63563331827741
7ef  26.022 102142.168 -67.811 446.212  44.590  25.833  25.718  411095 ,63563331828722
8d4  25.252 101972.208 -53.743 135.635  43.362  25.791  25.437  414075 ,63563331831702
7cd  25.923 102113.960 -65.475 285.797  44.659  25.758  25.781  415595 ,63563331833221
7ef  26.028 102128.664 -66.696 444.458  44.559  25.833  25.750  416575 ,63563331834201
8d4  25.252 101957.480 -52.523 135.070  43.400  25.791  25.437  419555 ,63563331837181
7cd  25.929 102109.328 -65.095 285.842  44.559  25.780  25.781  421075 ,63563331838701
7ef  26.047 102133.896 -67.129 445.434  44.491  25.844  25.750  422055 ,63563331839682
8d4  25.264 101961.016 -52.819 135.452  43.400  25.791  25.437  425035 ,63563331842661
7cd  25.941 102106.472 -64.857 285.430  44.491  25.791  25.781  426555 ,63563331844181
7ef  26.047 102136.952 -67.383 445.785  44.422  25.887  25.781  427535 ,63563331845161
8d4  25.252 101966.312 -53.257 135.147  43.400  25.791  25.437  430515 ,63563331848141
7cd  25.954 102103.592 -64.619 285.476  44.354  25.801  25.812  432035 ,63563331849662
7ef  26.071 102137.808 -67.451 444.473  44.361  25.887  25.781  433015 ,63563331850642
8d4  25.264 101952.184 -52.084 135.284  43.400  25.801  25.468  435995 ,63563331853621
7cd  25.966 102100.736 -64.381 285.629  44.354  25.801  25.812  437555 ,63563331855181
7ef  26.071 102131.704 -66.944 445.434  44.392  25.898  25.781  438495 ,63563331856121
8d4  25.258 101953.352 -52.184 135.437  43.400  25.801  25.468  441475 ,63563331859101
7cd  25.991 102110.928 -65.227 285.827  44.354  25.780  25.812  443035 ,63563331860661
7ef  26.077 102127.352 -66.585 446.029  44.361  25.909  25.812  443975 ,63563331861602
8d4  25.252 101960.432 -52.771 135.406  43.400  25.801  25.468  446955 ,63563331864582
7cd  25.997 102125.464 -66.432 285.491  44.354  25.758  25.812  448515 ,63563331866142
7ef  26.090 102139.992 -67.631 444.686  44.361  25.919  25.812  449455 ,63563331867082
8d4  25.283 101963.384 -53.014 136.001  43.400  25.801  25.468  452435 ,63563331870061
7cd  26.009 102103.440 -64.608 285.781  44.354  25.758  25.781  453995 ,63563331871621
8d4  25.314 101957.504 -52.528 135.940  43.400  25.823  25.468  457915 ,63563331875541
7cd  26.016 102102.000 -64.487 285.781  44.323  25.758  25.812  459475 ,63563331877101
7ef  26.108 102123.856 -66.299 446.167  44.384  25.919  25.812  463395 ,63563331881021
8d4  25.351 101965.168 -53.162 136.016  43.400  25.823  25.500  464955 ,63563331882581
7cd  26.040 102105.832 -64.804 286.132  44.155  25.758  25.812  468875 ,63563331886501
7ef  26.126 102129.064 -66.727 445.053  44.460  25.919  25.843  470435 ,63563331888062
8d4  25.301 101953.960 -52.232 135.009  43.400  25.823  25.468  474354 ,63563331891982
7cd  26.065 102106.464 -64.857 284.652  44.064  25.726  25.812  475934 ,63563331893561
7ef  26.139 102129.504 -66.764 443.969  44.491  25.909  25.812  479834 ,63563331897462
8d4  25.301 101962.800 -52.967 135.696  43.400  25.812  25.468  481414 ,63563331899042
7cd  26.065 102100.080 -64.328 286.087  44.201  25.726  25.812  485314 ,63563331902941
7ef  26.151 102126.880 -66.548 445.755  44.529  25.887  25.812  486894 ,63563331904522
8d4  25.400 101958.688 -52.623 135.543  43.400  25.833  25.531  490794 ,63563331908422
7cd  26.078 102097.208 -64.090 285.919  44.254  25.748  25.843  492374 ,63563331910001
7ef  26.163 102124.256 -66.331 446.716  44.590  25.823  25.812  496274 ,63563331913901
8d4  25.363 101953.976 -52.232 136.093  43.400  25.833  25.500  497854 ,63563331915481
7cd  26.078 102103.592 -64.619 285.842  44.323  25.801  25.875  501754 ,63563331919381
7ef  26.176 102124.680 -66.363 446.258  44.628  25.823  25.812  503334 ,63563331920961
8d4  25.375 101954.568 -52.285 135.971  43.331  25.833  25.500  507234 ,63563331924862
7cd  26.090 102113.488 -65.438 285.614  44.323  25.823  25.875  508814 ,63563331926442
7ef  26.200 102131.640 -66.939 446.243  44.628  25.791  25.781  512714 ,63563331930342
8d4  25.382 101956.344 -52.427 136.001  43.331  25.844  25.500  514294 ,63563331931923
7cd  26.090 102100.720 -64.381 286.041  44.254  25.855  25.906  518194 ,63563331935822
8d4  25.400 101955.744 -52.380 135.574  43.331  25.844  25.531  523674 ,63563331941302
7cd  26.078 102109.976 -65.147 285.217  44.216  25.909  25.906  525254 ,63563331942881
7ef  26.218 102142.960 -67.874 446.563  44.659  25.823  25.812  529154 ,63563331946782
8d4  25.394 101968.704 -53.453 135.253  43.293  25.855  25.500  530734 ,63563331948361
senddatacnf error! 0xe1,63563331948397
7cd  26.102 102104.224 -64.672 279.190  44.193  25.909  25.906  534634 ,63563331952262
8d4  25.394 101948.080 -51.746 131.149  43.331  25.844  25.500  540114 ,63563331957742
7cd  26.115 102101.352 -64.434 280.471  44.354  25.919  25.937  545594 ,63563331963221
7ef  26.231 102134.232 -67.156 443.206  44.491  25.909  25.875  551074 ,63563331968703
8d4  25.474 101956.336 -52.427 135.467  43.400  25.844  25.531  556554 ,63563331974182
7cd  26.127 102098.472 -64.196 280.456  44.247  25.941  25.937  562033 ,63563331979662
7ef  26.225 102120.288 -66.004 443.923  44.514  25.962  25.906  567513 ,63563331985142
8d4  25.486 101959.864 -52.723 133.499  43.400  25.887  25.562  572993 ,63563331990622
7cd  26.121 102106.296 -64.846 284.942  44.384  25.994  25.968  578493 ,63563331996122
7ef  26.249 102127.240 -66.580 443.954  44.483  25.941  25.906  583973 ,63563332001602
8d4  25.499 101966.336 -53.257 136.459  43.362  25.909  25.593  589453 ,63563332007081
7cd  26.084 102105.352 -64.767 287.231  44.018  26.069  26.000  594933 ,63563332012562
7ef  26.268 102132.472 -67.008 447.753  44.491  25.898  25.875  600413 ,63563332018042
8d4  25.548 101965.736 -53.210 137.298  43.331  25.951  25.625  605893 ,63563332023521
7cd  26.102 102107.416 -64.936 284.790  43.903  26.102  26.031  611373 ,63563332029002
7ef  26.274 102134.184 -67.150 442.382  44.559  25.855  25.875  616853 ,63563332034482
8d4  25.530 101957.504 -52.528 134.109  43.362  25.951  25.625  622333 ,63563332039962
7cd  26.102 102097.840 -64.143 282.104  43.934  26.134  26.031  627813 ,63563332045442
7ef  26.286 102131.568 -66.934 434.112  44.460  25.919  25.906  633293 ,63563332050922
8d4  25.554 101961.624 -52.866 128.707  43.400  25.962  25.625  638773 ,63563332056402
7cd  26.170 102097.976 -64.154 282.333  44.117  26.059  26.000  644252 ,63563332061882
7ef  26.286 102131.568 -66.934 434.494  44.247  25.962  25.937  649732 ,63563332067362
8d4  25.542 101955.144 -52.332 128.921  43.423  25.984  25.656  655212 ,63563332072842
7cd  26.201 102097.160 -64.085 281.646  44.117  26.005  26.000  660692 ,63563332078322
7ef  26.298 102128.952 -66.717 433.929  44.117  26.016  25.968  666172 ,63563332083802
8d4  25.530 101966.336 -53.257 128.707  43.423  25.973  25.625  671652 ,63563332089282
7cd  26.239 102104.480 -64.693 286.895  44.048  26.005  26.000  677132 ,63563332094762
7ef  26.335 102130.216 -66.823 447.494  44.086  26.059  26.000  682612 ,63563332100243
8d4  25.530 101957.504 -52.528 136.764  43.354  25.994  25.656  688092 ,63563332105722
7cd  26.245 102106.232 -64.841 286.911  44.384  26.027  26.031  693572 ,63563332111204
7ef  26.360 102131.072 -66.891 447.143  43.972  26.091  26.031  699052 ,63563332116682
8d4  25.517 101959.856 -52.718 137.039  43.385  25.984  25.625  704532 ,63563332122162
7cd  26.251 102095.208 -63.927 287.261  44.384  26.037  26.062  710012 ,63563332127642
7ef  26.378 102127.112 -66.564 446.868  44.048  26.037  26.000  715492 ,63563332133123
8d4  25.505 101959.272 -52.671 136.901  43.354  25.984  25.625  720972 ,63563332138603
7cd  26.239 102098.096 -64.164 287.460  44.506  26.102  26.093  726452 ,63563332144082
7ef  26.396 102129.288 -66.743 447.296  44.148  26.005  26.000  731931 ,63563332149562
8d4  25.499 101954.544 -52.280 136.642  43.385  25.973  25.625  737411 ,63563332155042
7cd  26.251 102098.408 -64.191 287.155  44.704  26.123  26.093  742891 ,63563332160522
7ef  26.421 102127.064 -66.564 446.929  44.315  26.027  26.031  748371 ,63563332166002
8d4  25.511 101958.096 -52.575 135.116  43.354  25.973  25.625  753851 ,63563332171482
7cd  26.276 102102.208 -64.508 285.110  44.468  26.134  26.125  759331 ,63563332176962
7ef  26.433 102133.592 -67.103 447.448  44.071  26.091  26.062  764811 ,63563332182443
8d4  25.511 101961.032 -52.819 136.169  43.354  25.973  25.625  770291 ,63563332187922
7ef  26.464 102133.104 -67.060 445.709  43.972  26.123  26.093  781251 ,63563332198882
8d4  25.493 101958.688 -52.623 136.596  43.385  25.973  25.625  786731 ,63563332204362
7cd  26.313 102112.736 -65.375 284.362  44.270  26.166  26.125  792211 ,63563332209842
7ef  26.476 102130.472 -66.844 446.701  44.086  26.080  26.062  797711 ,63563332215342
8d4  25.499 101957.496 -52.523 136.917  43.400  25.962  25.625  803211 ,63563332220842
7cd  26.319 102101.704 -64.466 285.675  44.201  26.134  26.125  808691 ,63563332226323
7ef  26.507 102126.936 -66.553 446.426  43.972  26.155  26.125  814170 ,63563332231802
8d4  25.536 101965.160 -53.162 131.118  43.354  25.962  25.625  819650 ,63563332237283
7cd  26.325 102109.832 -65.137 287.567  43.972  26.166  26.156  825130 ,63563332242762
7ef  26.531 102127.776 -66.622 430.923  43.736  26.198  26.156  830610 ,63563332248242
8d4  25.597 101976.920 -54.134 126.373  43.362  25.941  25.656  836090 ,63563332253722
7cd  26.338 102106.952 -64.899 285.446  43.736  26.166  26.156  841570 ,63563332259202
7ef  26.543 102125.136 -66.400 441.406  44.003  26.123  26.125  847050 ,63563332264682
8d4  25.647 101958.624 -52.618 135.314  43.560  25.951  25.656  852530 ,63563332270162
7cd  26.356 102096.240 -64.011 286.010  43.903  26.112  26.125  858010 ,63563332275643
7ef  26.543 102122.080 -66.151 448.715  44.003  26.112  26.093  863490 ,63563332281122
8d4  25.665 101958.016 -52.570 135.421  43.690  25.994  25.718  868970 ,63563332286602
7cd  26.400 102098.904 -64.233 284.454  43.903  26.123  26.156  874450 ,63563332292083
7ef  26.556 102110.288 -65.174 448.501  44.216  26.048  26.062  879930 ,63563332297562
8d4  25.684 101957.416 -52.517 137.069  43.522  26.037  25.750  885410 ,63563332303043
7cd  26.424 102099.504 -64.281 285.232  43.873  26.155  26.156  890890 ,63563332308522
7ef  26.580 102138.600 -67.515 448.822  44.415  26.069  26.093  896369 ,63563332314003
8d4  25.708 101970.368 -53.590 136.642  43.621  26.069  25.750  901849 ,63563332319482
7cd  26.474 102107.128 -64.910 288.131  43.774  26.177  26.187  907329 ,63563332324962
7ef  26.568 102129.016 -66.722 450.683  44.415  26.069  26.093  912809 ,63563332330443
8d4  25.684 101957.416 -52.517 136.688  43.652  26.069  25.750  918289 ,63563332335922
7cd  26.505 102106.280 -64.841 284.805  43.804  26.187  26.218  923769 ,63563332341403
7ef  26.592 102135.952 -67.298 447.494  44.369  26.155  26.156  929249 ,63563332346883
8d4  25.733 101959.728 -52.708 134.613  43.652  26.102  25.781  934729 ,63563332352362
7cd  26.523 102101.936 -64.482 285.797  43.728  26.252  26.250  940229 ,63563332357863
7ef  26.635 102132.824 -67.039 450.973  44.270  26.230  26.187  945709 ,63563332363343
8d4  25.782 101956.152 -52.412 137.023  43.713  26.145  25.812  951189 ,63563332368823
7cd  26.560 102106.040 -64.825 285.278  43.827  26.273  26.281  956669 ,63563332374303
7ef  26.629 102134.152 -67.150 452.453  44.239  26.241  26.187  962149 ,63563332379783
8d4  25.807 101957.296 -52.507 137.054  43.644  26.166  25.843  967629 ,63563332385263
7cd  26.597 102110.136 -65.163 285.171  43.690  26.305  26.312  973109 ,63563332390743
7ef  26.654 102134.976 -67.219 450.378  44.407  26.187  26.187  978589 ,63563332396223
8d4  25.850 101972.576 -53.775 137.588  43.644  26.187  25.875  984068 ,63563332401703
7cd  26.579 102104.888 -64.725 285.141  43.690  26.316  26.312  989548 ,63563332407182
7ef  26.678 102129.688 -66.780 451.248  44.338  26.241  26.218  995028 ,63563332412662
8d4  25.868 101954.272 -52.258 136.703  43.613  26.209  25.906  1000508 ,63563332418143
7cd  26.585 102113.024 -65.401 289.154  43.797  26.338  26.343  1005988 ,63563332423623
7ef  26.715 102133.976 -67.134 452.438  44.262  26.316  26.250  1011488 ,63563332429131
8d4  25.893 101961.328 -52.845 137.451  43.613  26.230  25.906  1016968 ,63563332434603
7cd  26.597 102106.928 -64.894 288.375  43.827  26.316  26.312  1022448 ,63563332440083
7ef  26.752 102135.208 -67.235 452.362  44.292  26.327  26.281  1027928 ,63563332445563
8d4  25.967 101964.752 -53.125 137.664  43.545  26.262  25.968  1033408 ,63563332451043
7cd  26.634 102111.024 -65.237 283.615  43.758  26.359  26.375  1038888 ,63563332456524
7ef  26.782 102131.656 -66.944 452.575  44.193  26.391  26.312  1044368 ,63563332462003
8d4  26.028 101973.504 -53.849 137.680  43.476  26.295  26.000  1049848 ,63563332467483
7cd  26.597 102110.136 -65.163 288.162  43.713  26.434  26.406  1055328 ,63563332472963
7ef  26.825 102131.536 -66.934 451.293  44.048  26.456  26.375  1060808 ,63563332478443
8d4  26.041 101968.168 -53.410 136.947  43.499  26.338  26.031  1066287 ,63563332483923
7cd  26.647 102108.136 -64.994 287.506  43.613  26.456  26.406  1071767 ,63563332489403
7ef  26.849 102132.360 -67.002 450.897  44.117  26.466  26.406  1077247 ,63563332494883
8d4  26.084 101968.672 -53.453 137.802  43.430  26.359  26.062  1082727 ,63563332500363
7cd  26.696 102106.120 -64.830 287.841  43.613  26.477  26.437  1088207 ,63563332505843
7ef  26.874 102133.168 -67.066 452.484  44.148  26.477  26.406  1093687 ,63563332511323
idx: 0 backoff: 1 ,63563332523341
7cd  26.678 102110.472 -65.190 285.797  43.682  26.477  26.468  1111187 ,63563332528823
7ef  26.911 102128.280 -66.664 447.280  44.018  26.509  26.437  1116667 ,63563332534303
8d4  26.176 101959.640 -52.702 134.185  43.301  26.423  26.125  1122147 ,63563332539783
7cd  26.647 102104.936 -64.730 285.537  43.613  26.531  26.468  1127627 ,63563332545263
7ef  26.941 102127.752 -66.617 448.257  44.117  26.541  26.468  1133107 ,63563332550743
8d4  26.213 101961.328 -52.845 134.536  43.301  26.456  26.187  1138587 ,63563332556223
7cd  26.659 102102.040 -64.492 285.980  43.751  26.498  26.468  1144067 ,63563332561703
7ef  26.972 102118.048 -65.819 447.738  43.850  26.595  26.531  1149546 ,63563332567183
8d4  26.219 101954.232 -52.253 134.963  43.255  26.488  26.187  1155046 ,63563332572683
7cd  26.653 102106.680 -64.878 285.949  43.682  26.541  26.500  1160526 ,63563332578164
8d4  26.243 101952.400 -52.105 137.084  43.255  26.509  26.218  1171486 ,63563332589123
7cd  26.641 102090.408 -63.530 287.475  43.713  26.531  26.500  1176966 ,63563332594604
7ef  27.027 102112.224 -65.332 453.384  43.873  26.649  26.562  1182446 ,63563332600083
8d4  26.286 101958.792 -52.634 137.222  43.224  26.531  26.250  1187926 ,63563332605564
7cd  26.641 102096.800 -64.059 287.384  43.613  26.563  26.500  1193406 ,63563332611044
7ef  27.015 102114.872 -65.554 451.889  43.949  26.584  26.531  1198886 ,63563332616524
8d4  26.335 101961.032 -52.819 137.161  43.255  26.541  26.281  1204366 ,63563332622003
7cd  26.647 102098.544 -64.201 287.857  43.652  26.552  26.500  1209866 ,63563332627504
7ef  27.045 102126.576 -66.521 454.284  43.873  26.627  26.562  1215346 ,63563332632984
8d4  26.348 101964.528 -53.109 137.298  43.087  26.595  26.312  1220826 ,63563332638464
7cd  26.684 102102.624 -64.540 288.238  43.751  26.520  26.500  1226306 ,63563332643944
7ef  27.057 102111.696 -65.290 452.041  43.873  26.638  26.562  1231786 ,63563332649424
8d4  26.366 101960.952 -52.813 136.993  43.087  26.627  26.343  1237265 ,63563332654904
7cd  26.690 102091.592 -63.625 287.963  43.819  26.563  26.531  1242745 ,63563332660384
7ef  27.045 102114.352 -65.512 451.019  44.010  26.616  26.562  1248225 ,63563332665864
8d4  26.372 101968.608 -53.447 136.657  43.041  26.659  26.343  1253705 ,63563332671344
7cd  26.678 102094.488 -63.869 288.024  43.911  26.616  26.531  1259185 ,63563332676824
7ef  27.070 102127.384 -66.590 451.477  43.972  26.649  26.593  1264665 ,63563332682304
8d4  26.397 101963.824 -53.051 135.833  43.011  26.659  26.375  1270145 ,63563332687784
7cd  26.696 102099.728 -64.302 288.436  43.842  26.616  26.531  1275625 ,63563332693264
7ef  27.088 102123.384 -66.257 452.331  43.911  26.659  26.593  1281105 ,63563332698744
8d4  26.440 101964.288 -53.088 136.642  43.041  26.691  26.406  1286585 ,63563332704224
7cd  26.696 102099.728 -64.302 288.604  43.842  26.627  26.562  1292065 ,63563332709705
7ef  27.118 102116.744 -65.708 453.292  43.804  26.702  26.625  1297545 ,63563332715184
8d4  26.452 101964.840 -53.136 136.917  43.011  26.713  26.437  1303045 ,63563332720684
7cd  26.684 102099.440 -64.275 288.589  43.804  26.638  26.562  1308525 ,63563332726164
8d4  26.464 101950.616 -51.957 136.917  43.011  26.734  26.437  1319484 ,63563332737128
7cd  26.678 102097.688 -64.133 288.360  43.842  26.659  26.562  1324964 ,63563332742604
7ef  27.143 102126.696 -66.532 453.842  43.873  26.724  26.656  1330444 ,63563332748084
8d4  26.476 101954.136 -52.248 136.810  43.041  26.756  26.468  1335924 ,63563332753565
7cd  26.733 102091.024 -63.578 288.208  43.842  26.649  26.562  1341404 ,63563332759044
7ef  27.143 102120.584 -66.025 453.018  43.911  26.745  26.656  1346884 ,63563332764524
8d4  26.483 101961.800 -52.882 137.115  43.011  26.767  26.468  1352364 ,63563332770004
7cd  26.696 102102.928 -64.566 288.177  43.972  26.659  26.593  1357844 ,63563332775484
7ef  27.143 102123.640 -66.278 454.589  44.140  26.724  26.656  1363324 ,63563332780964
8d4  26.525 101956.352 -52.433 137.100  43.011  26.777  26.500  1368804 ,63563332786445
7cd  26.690 102097.984 -64.154 288.894  43.842  26.702  26.593  1374284 ,63563332791924
7ef  27.167 102115.256 -65.586 454.360  44.209  26.724  26.687  1379764 ,63563332797405
8d4  26.532 101952.192 -52.084 136.154  42.980  26.809  26.500  1385244 ,63563332802884
7cd  26.696 102096.536 -64.038 287.796  43.873  26.691  26.593  1390724 ,63563332808364
7ef  27.179 102130.944 -66.886 453.918  44.178  26.702  26.656  1396204 ,63563332813844
8d4  26.574 101952.640 -52.121 136.245  43.011  26.831  26.531  1401683 ,63563332819324
7cd  26.752 102112.248 -65.338 288.391  43.804  26.724  26.625  1407163 ,63563332824804
7ef  27.179 102121.776 -66.125 453.933  44.140  26.702  26.656  1412643 ,63563332830284
8d4  26.593 101954.936 -52.311 136.703  42.965  26.831  26.531  1418123 ,63563332835764
7cd  26.758 102110.792 -65.216 288.711  44.010  26.670  26.593  1423603 ,63563332841244
7ef  27.198 102120.832 -66.046 454.895  44.178  26.734  26.687  1429083 ,63563332846724
8d4  26.617 101956.048 -52.406 136.337  43.034  26.852  26.562  1434563 ,63563332852204
7cd  26.789 102106.736 -64.878 288.925  43.972  26.659  26.593  1440043 ,63563332857684
7ef  27.228 102126.408 -66.506 453.521  44.239  26.745  26.718  1445523 ,63563332863165
senddatacnf error! 0xe1,63563332863200
idx: 0 backoff: 2 ,63563332875179
7cd  26.850 102092.200 -63.678 289.138  44.140  26.659  26.625  1463023 ,63563332880665
7ef  27.240 102120.696 -66.035 455.108  44.071  26.756  26.718  1468503 ,63563332886145
8d4  26.654 101954.720 -52.295 137.359  43.003  26.906  26.625  1473983 ,63563332891624
7cd  26.894 102098.016 -64.159 288.772  44.140  26.659  26.625  1479463 ,63563332897105
7ef  27.247 102128.520 -66.685 454.467  44.071  26.756  26.718  1484942 ,63563332902584
8d4  26.654 101960.632 -52.787 138.397  42.934  26.917  26.625  1490422 ,63563332908064
7cd  26.931 102108.480 -65.026 290.008  43.972  26.734  26.687  1495902 ,63563332913545
7ef  27.265 102127.592 -66.606 456.665  44.231  26.799  26.750  1501382 ,63563332919025
8d4  26.697 101972.888 -53.801 138.839  42.866  26.938  26.656  1506862 ,63563332924504
7cd  26.937 102110.216 -65.169 290.557  44.010  26.734  26.687  1512342 ,63563332929984
7ef  27.301 102131.824 -66.955 456.619  44.132  26.842  26.781  1517822 ,63563332935464
8d4  26.691 101959.328 -52.676 139.831  42.805  26.970  26.656  1523302 ,63563332940945
7cd  26.937 102103.824 -64.640 290.771  44.140  26.681  26.656  1528782 ,63563332946425
7ef  27.320 102127.832 -66.627 457.046  43.934  26.874  26.812  1534262 ,63563332951905
8d4  26.679 101961.728 -52.877 139.297  42.866  26.981  26.687  1539742 ,63563332957384
7cd  26.968 102099.736 -64.302 290.740  44.338  26.681  26.656  1545222 ,63563332962864
7ef  27.338 102123.832 -66.294 456.817  44.132  26.874  26.812  1550702 ,63563332968345
8d4  26.697 101955.160 -52.332 139.221  42.934  26.970  26.687  1556182 ,63563332973824
7cd  26.992 102106.712 -64.878 289.840  44.277  26.734  26.687  1561662 ,63563332979304
7ef  27.338 102133.008 -67.055 456.237  44.033  26.874  26.812  1567142 ,63563332984785
8d4  26.721 101953.304 -52.179 139.129  42.866  26.981  26.687  1572621 ,63563332990265
7cd  27.035 102112.504 -65.359 290.313  44.132  26.777  26.750  1578101 ,63563332995745
7ef  27.350 102136.440 -67.335 457.336  44.064  26.863  26.812  1583581 ,63563333001225
8d4  26.777 101954.256 -52.258 138.717  42.866  26.981  26.718  1589061 ,63563333006704
7cd  27.054 102111.328 -65.258 290.588  44.163  26.777  26.750  1594541 ,63563333012184
7ef  27.369 102120.200 -65.993 457.656  43.827  26.895  26.843  1600021 ,63563333017665
8d4  26.813 101958.856 -52.639 138.656  42.965  26.992  26.718  1605501 ,63563333023145
7cd  27.054 102114.528 -65.528 290.039  44.094  26.831  26.781  1610981 ,63563333028624
7ef  27.375 102128.056 -66.643 457.901  43.865  26.895  26.843  1616461 ,63563333034105
8d4  26.844 101964.632 -53.114 139.251  42.957  27.003  26.750  1621961 ,63563333039605
7cd  27.029 102110.760 -65.211 290.145  43.995  26.863  26.781  1627441 ,63563333045085
7ef  27.405 102142.776 -67.864 457.611  43.728  26.938  26.875  1632921 ,63563333050565
8d4  26.874 101964.520 -53.109 139.251  43.003  26.970  26.718  1638401 ,63563333056045
7cd  27.017 102107.264 -64.925 290.664  44.094  26.831  26.781  1643881 ,63563333061525
7ef  27.423 102123.488 -66.268 458.862  43.751  26.981  26.906  1649361 ,63563333067005
8d4  26.905 101961.448 -52.850 139.556  43.102  26.970  26.750  1654840 ,63563333072484
7ef  27.436 102133.048 -67.055 458.526  43.690  27.003  26.906  1665800 ,63563333083445
8d4  26.899 101968.552 -53.442 138.793  43.072  27.003  26.750  1671280 ,63563333088926
7cd  27.091 102108.984 -65.068 290.313  44.064  26.874  26.812  1676760 ,63563333094405
7ef  27.448 102118.144 -65.824 457.626  43.720  27.003  26.906  1682240 ,63563333099885
8d4  26.905 101967.352 -53.342 139.038  43.095  27.045  26.781  1687720 ,63563333105365
7cd  27.109 102111.000 -65.232 290.191  44.361  26.831  26.781  1693200 ,63563333110845
7ef  27.436 102120.816 -66.046 457.458  43.987  26.960  26.906  1698680 ,63563333116325
8d4  26.911 101977.968 -54.219 139.266  43.095  27.078  26.812  1704160 ,63563333121805
7cd  27.116 102106.336 -64.846 290.328  44.544  26.745  26.750  1709640 ,63563333127285
7ef  27.460 102127.704 -66.617 458.633  44.086  26.981  26.937  1715120 ,63563333132765
8d4  26.899 101965.600 -53.199 138.809  43.057  27.099  26.843  1720600 ,63563333138245
7cd  27.134 102111.568 -65.280 290.802  44.613  26.734  26.750  1726080 ,63563333143725
7ef  27.466 102132.488 -67.013 458.374  43.850  27.035  26.968  1731560 ,63563333149205
8d4  26.917 101964.936 -53.141 139.389  43.095  27.110  26.843  1737040 ,63563333154686
7cd  27.146 102108.648 -65.036 291.137  44.476  26.767  26.781  1742519 ,63563333160165
7ef  27.472 102121.968 -66.141 460.128  44.186  27.035  26.968  1747999 ,63563333165645
8d4  26.899 101953.776 -52.216 139.739  43.125  27.142  26.875  1753479 ,63563333171125
7cd  27.159 102096.128 -64.001 290.557  44.498  26.799  26.781  1758959 ,63563333176606
7ef  27.484 102119.288 -65.919 458.618  43.957  27.067  26.968  1764439 ,63563333182086
8d4  26.899 101956.736 -52.464 139.160  43.057  27.153  26.875  1769919 ,63563333187565
7cd  27.165 102110.664 -65.206 291.610  44.628  26.777  26.781  1775399 ,63563333193045
7ef  27.460 102130.760 -66.870 460.144  44.186  26.992  26.937  1780879 ,63563333198525
8d4  26.899 101953.776 -52.216 139.205  42.988  27.163  26.875  1786359 ,63563333204005
7cd  27.183 102103.080 -64.577 291.168  44.712  26.734  26.750  1791839 ,63563333209485
7ef  27.490 102130.184 -66.823 459.854  43.987  27.067  26.968  1797319 ,63563333214965
8d4  26.923 101969.632 -53.532 140.014  43.026  27.153  26.875  1802799 ,63563333220445
7cd  27.189 102108.032 -64.989 290.740  44.910  26.713  26.750  1808279 ,63563333225925
7ef  27.509 102129.240 -66.743 459.976  43.819  27.099  27.000  1813759 ,63563333231406
8d4  26.948 101955.936 -52.396 139.358  43.026  27.153  26.875  1819239 ,63563333236885
7cd  27.208 102097.248 -64.096 291.061  44.697  26.767  26.781  1824718 ,63563333242365
7ef  27.515 102118.720 -65.871 459.442  44.125  27.099  27.000  1830198 ,63563333247846
8d4  26.972 101968.832 -53.463 139.739  43.026  27.153  26.875  1835678 ,63563333253327
7cd  27.220 102103.920 -64.645 290.985  44.498  26.831  26.843  1841158 ,63563333258805
7ef  27.515 102112.600 -65.364 459.533  44.086  27.088  27.000  1846638 ,63563333264286
8d4  26.923 101957.816 -52.549 140.289  43.026  27.163  26.875  1852118 ,63563333269766
7cd  27.214 102102.184 -64.503 291.442  44.498  26.842  26.843  1857598 ,63563333275245
7ef  27.521 102120.448 -66.014 460.601  44.125  27.088  27.000  1863078 ,63563333280725
8d4  26.936 101952.440 -52.105 139.785  43.011  27.185  26.906  1868558 ,63563333286206
7cd  27.239 102105.936 -64.814 291.641  44.399  26.917  26.875  1874038 ,63563333291685
idx: 2 backoff: 1 ,63563333303700
8d4  26.905 101955.528 -52.364 139.099  43.011  27.196  26.906  1891538 ,63563333309186
7cd  27.239 102093.144 -63.758 290.084  44.254  26.938  26.906  1897018 ,63563333314666
7ef  27.564 102126.376 -66.506 458.938  43.842  27.131  27.031  1902498 ,63563333320145
8d4  26.911 101957.272 -52.507 139.755  43.079  27.196  26.906  1907977 ,63563333325626
7cd  27.263 102090.496 -63.536 291.183  44.254  26.938  26.906  1913457 ,63563333331105
7ef  27.557 102127.720 -66.617 459.899  44.109  27.131  27.031  1918937 ,63563333336585
8d4  26.930 101950.704 -51.962 140.365  43.057  27.174  26.875  1924417 ,63563333342066
7cd  27.233 102094.608 -63.879 291.549  44.086  26.970  26.968  1929897 ,63563333347546
7ef  27.545 102121.208 -66.077 459.823  44.109  27.131  27.031  1935377 ,63563333353026
8d4  26.942 101954.176 -52.248 140.396  43.049  27.185  26.906  1940857 ,63563333358506
7cd  27.251 102096.624 -64.043 291.564  44.086  27.013  26.968  1946337 ,63563333363986
7ef  27.557 102118.528 -65.856 459.869  44.148  27.131  27.031  1951817 ,63563333369466
8d4  26.948 101955.936 -52.396 139.739  43.079  27.196  26.906  1957297 ,63563333374946
7cd  27.288 102100.648 -64.376 290.786  44.048  27.024  27.000  1962777 ,63563333380425
7ef  27.570 102118.920 -65.887 460.235  44.148  27.153  27.062  1968257 ,63563333385906
8d4  26.966 101961.168 -52.829 139.877  43.026  27.185  26.906  1973737 ,63563333391386
7cd  27.306 102086.664 -63.219 291.351  44.186  27.003  27.000  1979217 ,63563333396866
7ef  27.594 102122.752 -66.204 460.021  44.109  27.185  27.093  1984697 ,63563333402346
8d4  26.997 101958.088 -52.575 138.839  43.079  27.206  26.937  1990176 ,63563333407825
7cd  27.337 102108.152 -64.999 290.512  44.323  27.003  27.000  1995676 ,63563333413325
7ef  27.570 102112.808 -65.385 460.693  44.178  27.142  27.062  2001156 ,63563333418805
8d4  27.009 101955.656 -52.375 17cd  27.356 102097.360 -64.106 287.506  44.254  27.013  27.000  2012116 ,63563333429766
7ef  27.582 102122.368 -66.173 458.816  44.079  27.153  27.062  2017596 ,63563333435246
8d4  26.997 101952.168 -52.084 138.427  43.049  27.249  26.968  2023076 ,63563333440726
7cd  27.331 102096.808 -64.059 287.551  44.186  27.013  27.000  2028556 ,63563333446206
7ef  27.570 102125.048 -66.395 459.442  44.354  27.121  27.062  2034036 ,63563333451687
8d4  27.021 101959.160 -52.660 138.046  43.079  27.271  26.968  2039516 ,63563333457166
7cd  27.343 102097.088 -64.080 291.183  44.117  27.013  27.031  2044996 ,63563333462647
7ef  27.570 102118.920 -65.887 460.556  44.254  27.110  27.062  2050476 ,63563333468126
8d4  27.027 101952.032 -52.073 139.846  43.049  27.281  26.968  2055956 ,63563333473606
7cd  27.343 102090.688 -63.551 291.625  44.186  27.024  27.031  2061436 ,63563333479086
7ef  27.594 102119.688 -65.951 458.999  44.079  27.142  27.062  2066916 ,63563333484566
8d4  27.046 101951.344 -52.015 139.358  43.049  27.281  27.000  2072396 ,63563333490046
7cd  27.362 102092.696 -63.721 285.705  44.521  26.938  26.968  2077875 ,63563333495526
7ef  27.600 102112.224 -65.332 459.762  44.148  27.131  27.062  2083355 ,63563333501006
8d4  27.052 101947.184 -51.672 138.870  43.118  27.281  27.000  2088835 ,63563333506486
7cd  27.362 102086.296 -63.187 291.397  44.521  26.938  26.968  2094315 ,63563333511966
7ef  27.618 102123.504 -66.268 459.503  44.178  27.142  27.062  2099795 ,63563333517446
8d4  27.088 101948.800 -51.804 138.641  43.118  27.260  27.000  2105275 ,63563333522926
7cd  27.393 102085.392 -63.113 289.184  44.521  26.970  27.000  2110755 ,63563333528406
7ef  27.631 102120.824 -66.046 457.931  44.277  27.153  27.093  2116235 ,63563333533886
8d4  27.070 101943.544 -51.371 139.068  43.079  27.281  27.000  2121715 ,63563333539366
7cd  27.411 102093.792 -63.810 288.040  44.384  27.013  27.031  2127195 ,63563333544846
7ef  27.631 102117.760 -65.792 460.006  44.277  27.174  27.093  2132675 ,63563333550326
8d4  27.052 101950.152 -51.915 140.670  43.079  27.281  27.000  2138155 ,63563333555806
7cd  27.386 102096.448 -64.027 291.549  44.285  27.045  27.031  2143635 ,63563333561286
7ef  27.618 102111.256 -65.253 461.761  44.247  27.153  27.093  2149115 ,63563333566768
8d4  27.082 101958.856 -52.639 138.122  43.118  27.281  27.000  2154595 ,63563333572246
7cd  27.411 102103.384 -64.603 288.833  44.155  27.078  27.062  2160074 ,63563333577727
7ef  27.618 102108.200 -64.999 460.418  44.514  27.121  27.062  2165554 ,63563333583206
8d4  27.064 101956.600 -52.454 139.114  43.118  27.281  27.000  2171034 ,63563333588687
7cd  27.393 102091.784 -63.641 290.527  44.155  27.078  27.062  2176514 ,63563333594167
7ef  27.594 102122.752 -66.204 461.532  44.521  27.078  27.062  2181994 ,63563333599647
8d4  27.064 101959.552 -52.697 140.014  43.079  27.292  27.031  2187474 ,63563333605126
7cd  27.442 102099.264 -64.265 292.144  44.224  27.110  27.093  2192954 ,63563333610607
7ef  27.582 102110.120 -65.158 461.959  44.376  27.131  27.093  2198434 ,63563333616087
8d4  27.046 101957.256 -52.507 140.960  43.079  27.303  27.031  2203914 ,63563333621566
7cd  27.423 102097.264 -64.096 292.678  44.422  27.045  27.062  2209394 ,63563333627047
7ef  27.612 102115.656 -65.618 463.256  44.247  27.174  27.125  2214874 ,63563333632526
8d4  27.052 101956.064 -52.406 140.441  43.079  27.314  27.031  2220354 ,63563333638007
7cd  27.423 102087.656 -63.303 287.063  44.491  27.003  27.031  2225834 ,63563333643487
7ef  27.643 102118.144 -65.824 461.441  43.980  27.238  27.156  2231314 ,63563333648966
8d4  27.046 101948.400 -51.772 140.136  43.049  27.324  27.031  2236794 ,63563333654447
7cd  27.417 102101.920 -64.482 292.526  44.521  26.949  27.000  2242274 ,63563333659927
7ef  27.618 102123.504 -66.268 461.639  44.247  27.163  27.125  2247753 ,63563333665407
8d4  27.046 101948.400 -51.772 140.838  43.079  27.324  27.031  2253233 ,63563333670886
7cd  27.429 102089.400 -63.446 292.556  44.521  26.949  27.000  2258713 ,63563333676366
7ef  27.643 102115.080 -65.570 462.066  44.376  27.153  27.125  2264193 ,63563333681846
8d4  27.021 101950.288 -51.925 141.036  43.079  27.324  27.031  2269673 ,63563333687327
7ef  27.612 102115.656 -65.618 461.944  44.643  27.131  27.093  2280633 ,63563333698286
8d4  27.046 101948.400 -51.772 140.914  43.049  27.324  27.031  2286113 ,63563333703769
7cd  27.393 102085.392 -63.113 292.312  44.224  27.067  27.062  2291593 ,63563333709248
7ef  27.588 102108.784 -65.052 462.020  44.758  27.121  27.093  2297073 ,63563333714726
8d4  27.082 101944.080 -51.413 140.380  43.118  27.335  27.062  2302553 ,63563333720210
7cd  27.313 102069.200 -61.776 292.709  44.117  27.121  27.093  2308033 ,63563333725686
7ef  27.582 102113.184 -65.412 461.944  44.857  27.088  27.062  2313513 ,63563333731167
8d4  27.076 101948.256 -51.762 139.434  43.148  27.335  27.031  2318993 ,63563333736647
7cd  27.331 102084.008 -63.002 291.778  44.048  27.110  27.093  2324473 ,63563333742127
7ef  27.588 102108.784 -65.052 460.754  44.926  27.088  27.062  2329952 ,63563333747607
8d4  27.082 101947.032 -51.656 139.846  43.148  27.346  27.062  2335432 ,63563333753087
7cd  27.386 102090.048 -63.499 292.099  44.086  27.099  27.093  2340912 ,63563333758567
7ef  27.576 102105.328 -64.762 462.173  44.895  27.088  27.062  2346392 ,63563333764047
8d4  27.082 101938.160 -50.921 140.289  43.102  27.367  27.062  2351872 ,63563333769527
7cd  27.436 102094.328 -63.853 291.564  44.071  27.153  27.125  2357352 ,63563333775007
7ef  27.576 102111.456 -65.269 462.127  44.659  27.131  27.093  2362832 ,63563333780487
8d4  27.107 101945.152 -51.503 141.174  43.140  27.378  27.062  2368312 ,63563333785967
7cd  27.417 102082.712 -62.891 291.854  44.247  27.185  27.156  2373792 ,63563333791447
7ef  27.600 102099.968 -64.323 463.439  44.514  27.142  27.093  2379272 ,63563333796928
8d4  27.131 101943.248 -51.344 140.182  43.102  27.367  27.093  2384772 ,63563333802427
7cd  27.362 102079.888 -62.658 287.338  44.071  27.217  27.156  2390252 ,63563333807907
7ef  27.631 102114.696 -65.538 459.716  44.445  27.163  27.125  2395732 ,63563333813387
8d4  27.143 101946.744 -51.635 139.739  43.034  27.389  27.093  2401212 ,63563333818869
7cd  27.350 102086.032 -63.166 291.076  44.041  27.217  27.156  2406692 ,63563333824347
7ef  27.643 102112.032 -65.317 460.128  44.514  27.174  27.125  2412171 ,63563333829832
8d4  27.162 101946.064 -51.577 138.900  43.034  27.410  27.125  2417651 ,63563333835307
7cd  27.350 102092.432 -63.694 291.290  44.041  27.196  7ef  27.655 102115.464 -65.602 460.357  44.643  27.163  27.125  2428631 ,63563333846289
8d4  27.180 101948.328 -51.767 138.610  43.034  27.399  27.125  2434111 ,63563333851767
7cd  27.362 102089.504 -63.456 291.168  44.140  27.163  27.125  2439591 ,63563333857247
7ef  27.643 102108.960 -65.063 459.960  44.781  27.163  27.125  2445071 ,63563333862727
8d4  27.211 101942.256 -51.265 138.824  43.034  27.421  27.156  2450551 ,63563333868207
7cd  27.386 102096.448 -64.027 291.687  44.308  27.131  27.125  2456031 ,63563333873690
7ef  27.649 102104.560 -64.698 460.571  44.750  27.153  27.125  2461511 ,63563333879167
8d4  27.253 101948.560 -51.783 139.175  43.003  27.442  27.187  2466991 ,63563333884647
7cd  27.393 102078.976 -62.584 291.519  44.209  27.185  27.156  2472471 ,63563333890129
7ef  27.667 102106.656 -64.873 461.456  44.613  27.163  27.156  2477951 ,63563333895607
8d4  27.241 101950.976 -51.984 139.282  42.904  27.464  27.187  2483431 ,63563333901087
7cd  27.423 102094.056 -63.832 287.429  44.407  27.142  27.125  2488911 ,63563333906567
7ef  27.685 102108.776 -65.047 462.844  44.582  27.196  27.156  2494391 ,63563333912047
8d4  27.266 101946.128 -51.582 141.021  42.934  27.453  27.187  2499870 ,63563333917527
7cd  27.448 102081.800 -62.817 292.297  44.514  27.131  27.125  2505350 ,63563333923007
7ef  27.710 102112.576 -65.364 463.684  44.415  27.238  27.187  2510830 ,63563333928488
8d4  27.284 101939.504 -51.038 141.174  43.034  27.421  27.187  2516330 ,63563333933988
7cd  27.485 102085.808 -63.150 289.108  44.476  27.121  27.125  2521810 ,63563333939467
7ef  27.716 102108.176 -64.999 463.134  44.476  27.271  27.218  2527290 ,63563333944954
8d4  27.320 101944.056 -51.413 140.747  43.102  27.421  27.187  2532770 ,63563333950432
7cd  27.485 102085.808 -63.150 293.121  44.277  27.174  27.156  2538250 ,63563333955907
7ef  27.734 102107.208 -64.920 462.509  44.407  27.303  27.250  2543730 ,63563333961390
8d4  27.302 101944.752 -51.471 141.418  43.003  27.442  27.187  2549210 ,63563333966867
7cd  27.448 102088.192 -63.345 289.398  44.209  27.174  27.187  2554690 ,63563333972348
7ef  27.752 102112.368 -65.348 463.699  44.315  27.314  27.250  2560170 ,63563333977827
8d4  27.320 101941.096 -51.164 141.433  43.003  27.464  27.218  2565650 ,63563333983308
7cd  27.473 102088.744 -63.393 293.334  44.247  27.163  27.187  2571130 ,63563333988795
7ef  27.746 102113.704 -65.459 463.439  44.300  27.314  27.250  2576610 ,63563333994275
8d4  27.345 101942.144 -51.254 140.853  43.003  27.474  27.218  2582089 ,63563333999747
7cd  27.454 102089.928 -63.488 293.304  44.178  27.196  27.187  2587569 ,63563334005232
7ef  27.758 102107.968 -64.984 462.051  44.300  27.303  27.250  2593049 ,63563334010707
8d4  27.363 101956.240 -52.422 140.411  43.072  27.496  27.250  2598529 ,63563334016195
7cd  27.454 102093.136 -63.752 293.441  44.209  27.185  27.187  2604009 ,63563334021668
7ef  27.777 102113.128 -65.406 466.247  44.300  27.324  27.250  2609489 ,63563334027147
8d4  27.375 101950.856 -51.973 142.410  43.034  27.507  27.281  2614969 ,63563334032627
7cd  27.485 102092.200 -63.678 293.792  44.178  27.206  27.187  2620469 ,63563334038127
7ef  27.777 102113.128 -65.406 465.637  44.376  27.303  27.250  2625949 ,63563334043607
8d4  27.357 101945.624 -51.540 141.647  42.866  27.517  27.281  2631429 ,63563334049088
7cd  27.509 102089.544 -63.456 294.174  44.209  27.228  27.218  2636909 ,63563334054568
7ef  27.764 102115.808 -65.628 465.637  44.750  27.238  27.218  2642389 ,63563334060047
8d4  27.363 101944.408 -51.439 141.845  42.927  27.539  27.281  2647869 ,63563334065528
7cd  27.546 102090.352 -63.525 293.823  44.277  27.249  27.218  2653349 ,63563334071008
7ef  27.789 102104.312 -64.682 466.842  44.415  27.271  27.250  2658829 ,63563334076488
8d4  27.363 101944.408 -51.439 142.761  42.957  27.539  27.281  2664308 ,63563334081968
7cd  27.571 102087.672 -63.303 293.624  44.140  27.271  27.250  2669788 ,63563334087448
7ef  27.825 102111.544 -65.280 465.057  44.170  27.346  27.281  2675268 ,63563334092935
8d4  27.345 101951.016 -51.989 141.769  42.957  27.560  27.281  2680748 ,63563334098416
7cd  27.522 102096.200 -64.006 293.273  44.102  27.324  27.281  2686228 ,63563334103894
7ef  27.819 102119.024 -65.898 465.682  44.132  27.389  27.312  2691708 ,63563334109368
8d4  27.327 101945.792 -51.556 141.571  42.927  27.571  27.281  2697188 ,63563334114848
7cd  27.448 102088.192 -63.345 292.831  44.064  27.335  27.281  2702668 ,63563334120335
7ef  27.813 102114.232 -65.501 463.867  44.537  27.367  27.312  2708148 ,63563334125808
8d4  27.314 101954.136 -52.248 140.304  42.927  27.571  27.281  2713628 ,63563334131288
7cd  27.448 102085.008 -63.081 292.587  44.003  27.367  27.281  2719108 ,63563334136777
7ef  27.789 102110.440 -65.184 464.630  44.781  27.303  27.250  2724588 ,63563334142247
8d4  27.308 101940.552 -51.122 140.289  42.889  27.571  27.281  2730068 ,63563334147728
7cd  27.429 102089.400 -63.446 292.572  44.003  27.389  27.281  2735548 ,63563334153208
7ef  27.783 102117.888 -65.803 463.180  44.750  27.238  27.218  2741028 ,63563334158692
8d4  27.327 101951.696 -52.047 141.052  42.927  27.571  27.281  2746508 ,63563334164168
7cd  27.436 102094.328 -63.853 292.037  44.109  27.292  27.218  2751987 ,63563334169648
7ef  27.777 102106.992 -64.899 463.867  44.712  27.292  27.250  2757467 ,63563334175128
8d4  27.339 101949.280 -51.846 140.533  42.957  27.560  27.281  2762947 ,63563334180608
7cd  27.473 102085.544 -63.129 292.724  44.407  27.238  27.218  2768427 ,63563334186088
7ef  27.801 102107.752 -64.962 463.363  44.743  27.324  27.281  2773907 ,63563334191568
8d4  27.345 101942.144 -51.254 140.792  42.957  27.560  27.281  2779387 ,63563334197047
7cd  27.497 102089.280 -63.435 286.743  44.376  27.260  27.218  2784867 ,63563334202528
7ef  27.825 102114.608 -65.533 462.646  44.636  27.335  27.281  2790347 ,63563334208008
8d4  27.339 101952.240 -52.089 140.792  42.927  27.582  27.281  2795827 ,63563334213490
7cd  27.509 102092.752 -63.721 290.786  44.277  27.271  27.250  2801307 ,63563334218975
7ef  27.813 102117.296 -65.755 462.081  44.674  27.314  27.281  2806787 ,63563334224448
8d4  27.327 101939.864 -51.064 139.099  42.927  27.592  27.312  2812267 ,63563334229928
7cd  27.546 102090.352 -63.525 292.968  44.231  27.303  27.250  2817747 ,63563334235408
7ef  27.813 102111.168 -65.248 462.936  44.682  27.292  27.281  2823227 ,63563334240888
8d4  27.314 101957.104 -52.491 139.266  43.026  27.592  27.312  2828707 ,63563334246369
7cd  27.559 102087.416 -63.282 288.284  44.132  27.399  27.312  2834186 ,63563334251848
7ef  27.771 102099.152 -64.254 463.409  44.849  27.228  27.218  2839666 ,63563334257331
7cd  27.595 102088.208 -63.345 287.261  44.270  27.399  27.312  2850626 ,63563334268288
7ef  27.740 102105.856 -64.809 450.561  44.880  27.196  27.218  2856106 ,63563334273778
8d4  27.339 101940.416 -51.112 136.581  43.026  27.582  27.312  2861586 ,63563334279248
7cd  27.608 102078.856 -62.574 293.884  44.338  27.399  27.312  2867066 ,63563334284735
7ef  27.752 102106.232 -64.841 447.372  44.712  27.228  27.218  2872546 ,63563334290208
8d4  27.394 101941.280 -51.180 138.458  43.057  27.539  27.312  2878026 ,63563334295695
7cd  27.626 102087.264 -63.271 287.689  44.399  27.356  27.312  2883506 ,63563334301168
7ef  27.740 102102.800 -64.556 462.432  44.781  27.196  27.187  2888986 ,63563334306649
8d4  27.351 101946.832 -51.640 137.939  43.224  27.560  27.312  2894466 ,63563334312128
7cd  27.626 102080.864 -62.738 290.588  44.537  27.292  27.281  2899946 ,63563334317609
7ef  27.716 102108.176 -64.999 462.707  45.254  27.153  27.156  2905426 ,63563334323097
8d4  27.308 101937.600 -50.879 139.114  43.324  27.560  27.281  2910906 ,63563334328568
7cd  27.583 102075.144 -62.267 289.123  44.270  27.346  27.312  2916386 ,63563334334048
7ef  27.691 102098.232 -64.175 461.746  45.216  27.142  27.156  2921865 ,63563334339529
8d4  27.290 101941.256 -51.180 139.266  43.293  27.571  27.281  2927345 ,63563334345017
7cd  27.583 102078.336 -62.532 289.749  44.270  27.335  27.312  2932825 ,63563334350489
7ef  27.655 102097.096 -64.080 462.173  45.223  27.078  27.093  2938305 ,63563334355969
8d4  27.278 101949.600 -51.873 139.923  43.224  27.571  27.281  2943785 ,63563334361454
7cd  27.552 102082.472 -62.870 287.384  44.537  27.399  27.312  2949265 ,63563334366928
7ef  27.679 102116.224 -65.665 463.394  45.162  27.099  27.125  2954745 ,63563334372408
8d4  27.266 101943.160 -51.339 140.304  43.194  27.560  27.250  2960225 ,63563334377890
7cd  27.534 102074.072 -62.177 286.788  44.537  27.346  27.312  2965705 ,63563334383368
7ef  27.673 102102.264 -64.508 463.256  44.979  27.174  27.156  2971185 ,63563334388849
8d4  27.241 101942.104 -51.249 140.457  43.293  27.550  27.250  2976685 ,63563334394348
7cd  27.509 102073.536 -62.135 287.307  44.567  27.356  27.312  2982165 ,63563334399828
7ef  27.679 102103.976 -64.651 463.867  45.147  27.185  27.156  2987645 ,63563334405308
8d4  27.266 101940.208 -51.096 140.838  43.224  27.560  27.250  2993125 ,63563334410789
7cd  27.509 102079.936 -62.664 287.048  44.468  27.399  27.312  2998605 ,63563334416269
7ef  27.685 102121.016 -66.062 463.684  45.353  27.163  27.156  3004084 ,63563334421748
8d4  27.241 101939.144 -51.006 140.594  43.293  27.550  27.250  3009564 ,63563334427229
7cd  27.509 102076.736 -62.399 286.972  44.399  27.367  27.312  3015044 ,63563334432709
7ef  27.661 102104.944 -64.730 463.073  45.315  27.131  27.156  3020524 ,63563334438188
8d4  27.192 101931.120 -50.340 140.457  43.293  27.528  27.218  3026004 ,63563334443676
7cd  27.503 102084.616 -63.049 287.307  44.834  27.356  27.312  3031484 ,63563334449148
7ef  27.679 102103.976 -64.651 462.738  45.116  27.153  27.156  3036964 ,63563334454629
8d4  27.211 101936.352 -50.773 138.916  43.194  27.528  27.218  3042444 ,63563334460108
7cd  27.522 102077.008 -62.421 288.986  44.735  27.346  27.281  3047924 ,63563334465589
7ef  27.710 102112.576 -65.364 465.789  44.979  27.217  27.218  3053404 ,63563334471069
8d4  27.235 101934.440 -50.615 139.297  43.201  27.517  27.218  3058884 ,63563334476549
7cd  27.565 102082.744 -62.896 289.138  44.567  27.378  27.312  3064364 ,63563334482029
7ef  27.728 102093.232 -63.763 464.309  44.849  27.292  27.250  3069844 ,63563334487508
8d4  27.241 101939.144 -51.006 139.617  43.301  27.517  27.218  3075324 ,63563334492992
7cd  27.608 102085.272 -63.102 287.963  44.537  27.367  27.312  3080804 ,63563334498468
7ef  27.764 102100.496 -64.365 462.005  44.872  27.324  27.281  3086283 ,63563334503949
8d4  27.308 101940.552 -51.122 140.411  43.369  27.496  27.218  3091763 ,63563334509428
7cd  27.638 102074.728 -62.230 290.023  44.537  27.389  27.343  3097243 ,63563334514909
7ef  27.795 102093.784 -63.810 462.493  44.704  27.356  27.312  3102723 ,63563334520389
8d4  27.351 101932.032 -50.414 141.036  43.369  27.496  27.250  3108203 ,63563334525869
7cd  27.657 102076.712 -62.394 291.046  44.468  27.399  27.375  3113683 ,63563334531349
8d4  27.357 101942.664 -51.297 140.792  43.430  27.539  27.281  3124643 ,63563334542309
7cd  27.663 102078.464 -62.542 290.863  44.537  27.410  27.375  3130123 ,63563334547788
7ef  27.819 102106.776 -64.883 462.142  44.773  27.367  27.343  3135603 ,63563334553269
8d4  27.357 101936.752 -50.805 140.090  43.392  27.550  27.281  3141083 ,63563334558755
7cd  27.669 102080.184 -62.685 293.609  44.369  27.442  27.406  3146563 ,63563334564229
7ef  27.807 102115.584 -65.612 461.898  44.872  27.378  27.343  3152043 ,63563334569709
8d4  27.388 101951.360 -52.015 140.304  43.392  27.571  27.312  3157523 ,63563334575189
7cd  27.681 102077.248 -62.442 293.502  44.399  27.399  27.406  3163003 ,63563334580670
7ef  27.825 102099.296 -64.265 464.080  44.941  27.389  27.343  3168482 ,63563334586149
8d4  27.424 101938.152 -50.921 139.831  43.293  27.582  27.312  3173962 ,63563334591629
7cd  27.645 102076.464 -62.373 286.666  44.300  27.432  27.406  3179442 ,63563334597109
7ef  27.844 102119.776 -65.961 461.807  44.971  27.346  27.312  3184922 ,63563334602589
idx: 0 backoff: 3 ,63563334614604
7cd  27.657 102076.712 -62.394 291.427  44.338  27.453  27.406  3202422 ,63563334620089
7ef  27.837 102105.808 -64.804 464.477  44.971  27.314  27.312  3207902 ,63563334625569
8d4  27.424 101947.024 -51.656 140.884  43.224  27.614  27.375  3213382 ,63563334631053
7cd  27.638 102074.728 -62.230 293.182  44.399  27.453  27.406  3218862 ,63563334636529
7ef  27.862 102115.752 -65.623 463.424  44.842  27.356  27.312  3224342 ,63563334642010
8d4  27.424 101949.984 -51.904 139.816  43.324  27.635  27.375  3229822 ,63563334647489
7cd  27.657 102089.520 -63.456 293.960  44.437  27.399  27.406  3235302 ,63563334652974
7ef  27.868 102114.392 -65.512 458.892  44.903  27.367  27.343  3240782 ,63563334658449
8d4  27.412 101946.496 -51.614 135.223  43.293  27.646  27.375  3246262 ,63563334663929
7cd  27.663 102084.864 -63.071 293.441  44.537  27.399  27.375  3251742 ,63563334669409
7ef  27.874 102109.984 -65.147 459.030  44.842  27.399  27.343  3257221 ,63563334674889
8d4  27.412 101943.536 -51.371 137.924  43.224  27.667  27.375  3262701 ,63563334680370
7cd  27.638 102100.352 -64.355 294.570  44.369  27.442  27.406  3268181 ,63563334685850
7ef  27.898 102110.728 -65.211 462.036  44.704  27.442  27.375  3273661 ,63563334691329
7cd  27.608 102082.072 -62.838 292.724  44.354  27.453  27.406  3284621 ,63563334702289
7ef  27.880 102105.576 -64.783 464.019  44.773  27.378  27.343  3290101 ,63563334707773
8d4  27.333 101944.560 -51.455 139.999  43.324  27.635  27.343  3295581 ,63563334713250
7cd  27.638 102077.928 -62.495 292.388  44.338  27.410  27.406  3301061 ,63563334718730
7ef  27.892 102115.136 -65.575 464.294  44.704  27.399  27.375  3306541 ,63563334724210
8d4  27.314 101942.304 -51.265 140.411  43.392  27.635  27.312  3312021 ,63563334729689
7cd  27.651 102100.616 -64.376 291.961  44.399  27.442  27.406  3317501 ,63563334735169
7ef  27.886 102104.232 -64.672 465.332  44.804  27.410  27.375  3322981 ,63563334740649
8d4  27.339 101937.448 -50.863 140.563  43.461  27.635  27.343  3328461 ,63563334746137
7cd  27.632 102079.392 -62.616 292.236  44.354  27.474  27.437  3333941 ,63563334751610
7ef  27.904 102106.320 -64.846 445.388  44.804  27.421  27.375  3339420 ,63563334757089
8d4  27.375 101947.888 -51.730 129.730  43.430  27.646  27.343  3344900 ,63563334762569
7cd  27.632 102079.392 -62.616 285.705  44.323  27.474  27.437  3350380 ,63563334768050
7ef  27.923 102111.480 -65.274 444.244  44.804  27.432  27.406  3355860 ,63563334773536
idx: 0 backoff: 4 ,63563334785547
7cd  27.681 102080.456 -62.706 294.326  44.231  27.432  27.406  3373360 ,63563334791030
7ef  27.874 102116.112 -65.655 460.357  44.949  27.292  27.312  3378840 ,63563334796509
8d4  27.363 101944.408 -51.439 139.801  43.530  27.635  27.343  3384320 ,63563334801990
7cd  27.688 102088.584 -63.377 295.669  44.338  27.399  27.406  3389800 ,63563334807470
7ef  27.856 102117.080 -65.734 461.181  44.941  27.292  27.312  3395280 ,63563334812951
8d4  27.314 101942.304 -51.265 141.387  43.591  27.603  27.312  3400760 ,63563334818433
7cd  27.700 102088.848 -63.404 288.970  44.537  27.399  27.375  3406240 ,63563334823910
7ef  27.813 102105.056 -64.740 462.921  44.979  27.238  27.281  3411720 ,63563334829390
8d4  27.290 101944.216 -51.423 140.808  43.461  27.603  27.312  3417220 ,63563334834889
7cd  27.731 102091.112 -63.588 293.396  44.704  27.335  27.343  3422699 ,63563334840376
7ef  27.831 102104.096 -64.661 465.576  45.116  27.260  27.281  3428199 ,63563334845870
8d4  27.308 101940.552 -51.122 141.098  43.591  27.582  27.281  3433679 ,63563334851350
7ef  27.825 102108.496 -65.026 465.133  45.216  27.238  27.281  3444639 ,63563334862310
8d4  27.314 101948.224 -51.756 138.229  43.629  27.582  27.281  3450119 ,63563334867790
7cd  27.663 102091.264 -63.599 287.567  44.537  27.421  27.406  3455599 ,63563334873270
7ef  27.801 102113.872 -65.470 465.499  45.353  27.163  27.218  3461079 ,63563334878750
8d4  27.314 101942.304 -51.265 139.617  43.697  27.582  27.312  3466559 ,63563334884230
7cd  27.638 102084.328 -63.028 293.350  44.567  27.432  27.406  3472039 ,63563334889710
7ef  27.771 102117.528 -65.771 464.920  45.521  27.131  27.156  3477519 ,63563334895190
8d4  27.296 101951.856 -52.058 140.762  43.629  27.592  27.281  3482999 ,63563334900669
7cd  27.663 102088.064 -63.335 293.884  44.567  27.399  27.375  3488479 ,63563334906155
7ef  27.740 102121.168 -66.072 465.469  45.414  27.131  27.156  3493959 ,63563334911630
8d4  27.320 101944.056 -51.413 141.082  43.697  27.592  27.312  3499439 ,63563334917109
7cd  27.675 102088.320 -63.356 293.838  44.567  27.399  27.375  3504919 ,63563334922595
7ef  27.734 102122.512 -66.188 465.026  45.551  27.163  27.187  3510398 ,63563334928070
8d4  27.351 101952.760 -52.132 139.221  43.728  27.603  27.312  3515878 ,63563334933550
7cd  27.712 102095.512 -63.953 292.678  44.498  27.399  27.406  3521358 ,63563334939030
7ef  27.691 102116.608 -65.697 463.882  45.589  27.110  27.125  3526838 ,63563334944510
8d4  27.351 101946.832 -51.640 140.258  43.591  27.625  27.343  3532338 ,63563334950010
7cd  27.718 102094.048 -63.832 289.245  44.300  27.442  27.437  3537818 ,63563334955490
8d4  27.357 101948.584 -51.788 136.825  43.560  27.625  27.343  3548778 ,63563334966455
7cd  27.718 102084.440 -63.034 289.489  44.323  27.485  27.468  3554258 ,63563334971930
7ef  27.734 102116.392 -65.681 463.760  45.719  27.142  27.187  3559738 ,63563334977410
8d4  27.375 101953.816 -52.221 141.082  43.560  27.646  27.343  3565238 ,63563334982910
7cd  27.706 102077.784 -62.484 293.762  44.392  27.485  27.468  3570738 ,63563334988410
7ef  27.752 102112.368 -65.348 459.304  45.353  27.238  27.218  3576218 ,63563334993891
8d4  27.394 101947.192 -51.672 137.771  43.560  27.646  27.343  3581698 ,63563334999378
7cd  27.724 102082.960 -62.912 289.001  44.254  27.496  27.468  3587178 ,63563335004850
7ef  27.789 102113.496 -65.438 463.882  45.284  27.292  27.281  3592657 ,63563335010331
8d4  27.418 101954.160 -52.248 140.777  43.530  27.646  27.375  3598137 ,63563335015810
7cd  27.718 102087.640 -63.298 292.526  44.498  27.453  27.437  3603617 ,63563335021298
7ef  27.789 102119.632 -65.945 465.133  45.254  27.292  27.281  3609097 ,63563335026774
8d4  27.394 101941.280 -51.180 140.792  43.560  27.646  27.375  3614577 ,63563335032250
7cd  27.755 102098.032 -64.159 292.388  44.636  27.432  27.437  3620057 ,63563335037730
7ef  27.801 102110.816 -65.216 465.454  45.376  27.303  27.281  3625537 ,63563335043211
8d4  27.388 101945.456 -51.529 139.755  43.461  27.657  27.375  3631017 ,63563335048695
7cd  27.774 102090.416 -63.530 287.643  44.567  27.442  27.437  3636497 ,63563335054173
7ef  27.831 102113.280 -65.422 471.862  45.345  27.367  27.343  3641977 ,63563335059650
8d4  27.400 101943.016 -51.323 138.549  43.591  27.603  27.343  3647457 ,63563335065130
7cd  27.786 102097.088 -64.080 289.779  44.453  27.507  27.468  3652937 ,63563335070610
7ef  27.856 102120.152 -65.993 466.384  45.239  27.399  27.343  3658417 ,63563335076090
8d4  27.461 101954.496 -52.280 139.450  43.659  27.592  27.343  3663917 ,63563335081591
7cd  27.724 102095.768 -63.974 292.297  44.491  27.550  27.500  3669397 ,63563335087074
7ef  27.880 102114.768 -65.544 463.089  45.139  27.442  27.406  3674876 ,63563335092553
8d4  27.461 101957.456 -52.523 139.648  43.591  27.635  27.375  3680356 ,63563335098031
7cd  27.731 102097.512 -64.117 292.800  44.521  27.517  27.468  3685836 ,63563335103510
8d4  27.449 101948.072 -51.746 140.319  43.461  27.646  27.375  3696796 ,63563335114470
7cd  27.737 102092.840 -63.731 293.243  44.559  27.496  27.468  3702276 ,63563335119951
7ef  27.929 102113.192 -65.417 464.767  45.124  27.496  27.437  3707756 ,63563335125430
8d4  27.418 101951.184 -52.005 140.640  43.392  27.646  27.375  3713236 ,63563335130912
7cd  27.780 102088.944 -63.409 292.907  44.590  27.507  27.468  3718736 ,63563335136411
7ef  27.941 102113.560 -65.443 464.141  45.124  27.474  27.437  3724216 ,63563335141894
8d4  27.412 101946.496 -51.614 140.090  43.224  27.678  27.375  3729696 ,63563335147371
7cd  27.743 102107.376 -64.931 292.831  44.567  27.464  27.468  3735176 ,63563335152850
7ef  27.959 102115.648 -65.618 464.569  44.926  27.517  27.468  3740656 ,63563335158337
8d4  27.424 101949.984 -51.904 140.228  43.324  27.678  27.406  3746136 ,63563335163811
7cd  27.700 102098.456 -64.196 294.204  44.590  27.517  27.468  3751616 ,63563335169293
7ef  27.983 102116.384 -65.681 465.362  44.926  27.550  27.500  3757096 ,63563335174771
8d4  27.412 101940.584 -51.122 141.448  43.362  27.678  27.406  3762575 ,63563335180250
7cd  27.718 102087.640 -63.298 294.616  44.453  27.528  27.468  3768055 ,63563335185731
7ef  27.996 102119.832 -65.961 466.583  44.895  27.550  27.500  3773535 ,63563335191211
8d4  27.430 101945.808 -51.556 141.250  43.392  27.678  27.406  3779015 ,63563335196699
7cd  27.737 102092.840 -63.731 294.433  44.521  27.550  27.500  3784495 ,63563335202171
7ef  28.014 102124.968 -66.389 465.896  44.857  27.539  27.500  3789975 ,63563335207651
8d4  27.436 101953.464 -52.190 141.464  43.385  27.700  27.406  3795455 ,63563335213131
7cd  27.724 102089.368 -63.441 292.541  44.392  27.571  27.500  3800935 ,63563335218611
7ef  27.996 102110.632 -65.200 465.774  44.964  27.496  27.500  3806415 ,63563335224093
8d4  27.461 101954.496 -52.280 142.135  43.385  27.721  27.406  3811895 ,63563335229571
7cd  27.755 102094.832 -63.895 294.433  44.323  27.571  27.500  3817375 ,63563335235051
7ef  28.008 102117.136 -65.739 466.979  45.261  27.464  27.468  3822855 ,63563335240531
8d4  27.455 101952.776 -52.132 141.662  43.415  27.721  27.437  3828355 ,63563335246032
7cd  27.780 102098.552 -64.201 294.143  44.323  27.560  27.531  3833835 ,63563335251512
8d4  27.503 101954.848 -52.306 141.204  43.392  27.667  27.406  3844794 ,63563335262471
7cd  27.804 102089.464 -63.451 293.197  44.392  27.550  27.531  3850274 ,63563335267950
7ef  28.020 102129.760 -66.786 465.927  45.124  27.485  27.500  3855754 ,63563335273431
8d4  27.497 101947.176 -51.672 141.616  43.346  27.700  27.437  3861234 ,63563335278911
7cd  27.829 102099.584 -64.286 292.739  44.590  27.517  27.500  3866714 ,63563335284390
7ef  28.014 102124.968 -66.389 464.981  45.025  27.507  27.500  3872194 ,63563335289878
8d4  27.528 101955.888 -52.391 141.235  43.453  27.721  27.437  3877674 ,63563335295351
7cd  27.829 102093.184 -63.758 293.396  44.590  27.539  27.531  3883154 ,63563335300831
7ef  28.020 102111.376 -65.264 464.416  44.857  27.550  27.531  3888634 ,63563335306319
8d4  27.516 101961.280 -52.840 141.387  43.453  27.743  27.437  3894114 ,63563335311794
7cd  27.853 102093.696 -63.800 293.701  44.521  27.560  27.531  3899594 ,63563335317271
7ef  28.038 102125.696 -66.447 465.637  44.926  27.550  27.531  3905074 ,63563335322761
8d4  27.528 101949.960 -51.899 141.052  43.415  27.743  27.468  3910554 ,63563335328231
7cd  27.853 102090.488 -63.536 293.701  44.521  27.560  27.531  3916034 ,63563335333711
7ef  28.050 102116.880 -65.718 465.988  44.994  27.571  27.531  3921514 ,63563335339196
8d4  27.534 101954.656 -52.290 141.357  43.346  27.753  27.468  3926993 ,63563335344671
7cd  27.866 102100.360 -64.355 293.640  44.521  27.592  27.562  3932473 ,63563335350151
7ef  28.038 102110.376 -65.184 466.293  44.758  27.582  27.562  3937953 ,63563335355631
8d4  27.534 101954.656 -52.290 141.952  43.415  27.753  27.468  3943433 ,63563335361111
7cd  27.835 102094.904 -63.900 294.158  44.453  27.603  27.562  3948913 ,63563335366592
7ef  28.056 102127.800 -66.622 466.918  44.895  27.560  27.562  3954393 ,63563335372071
8d4  27.570 101950.296 -51.931 141.830  43.385  27.721  27.468  3959873 ,63563335377551
7cd  27.847 102088.768 -63.393 293.807  44.422  27.614  27.593  3965353 ,63563335383032
7ef  28.081 102131.584 -66.939 465.560  44.796  27.582  27.562  3970833 ,63563335388515
8d4  27.583 101953.768 -52.216 142.272  43.453  27.743  27.500  3976313 ,63563335393993
7cd  27.866 102103.552 -64.619 293.838  44.354  27.614  27.593  3981793 ,63563335399471
7ef  28.068 102115.904 -65.639 466.201  44.758  8d4  27.570 101947.328 -51.682 141.769  43.415  27.743  27.500  3992753 ,63563335410432
7cd  27.872 102092.488 -63.699 294.387  44.453  27.582  27.562  3998233 ,63563335415921
7ef  28.093 102116.640 -65.697 466.232  44.628  27.625  27.593  4003713 ,63563335421392
8d4  27.552 101945.088 -51.497 142.181  43.415  27.775  27.500  4009193 ,63563335426878
7cd  27.859 102095.432 -63.943 293.884  44.590  27.528  27.531  4014672 ,63563335432351
7ef  28.075 102129.880 -66.796 465.209  44.758  27.614  27.593  4020152 ,63563335437831
8d4  27.570 101962.144 -52.908 142.333  43.385  27.785  27.500  4025632 ,63563335443318
7cd  27.872 102098.880 -64.228 294.189  44.521  27.582  27.562  4031112 ,63563335448792
7ef  28.068 102115.904 -65.639 465.759  44.895  27.614  27.593  4036592 ,63563335454271
8d4  27.583 101953.768 -52.216 141.601  43.385  27.743  27.500  4042072 ,63563335459752
7cd  27.872 102095.680 -63.964 293.762  44.491  27.571  27.562  4047552 ,63563335465231
7ef  28.081 102110.144 -65.163 466.674  44.750  27.646  27.625  4053032 ,63563335470712
8d4  27.583 101947.840 -51.725 142.013  43.415  27.743  27.500  4058512 ,63563335476192
7cd  27.884 102095.928 -63.985 294.219  44.559  27.560  27.562  4063992 ,63563335481671
7ef  28.081 102122.392 -66.173 465.164  44.796  27.646  27.593  4069472 ,63563335487151
8d4  27.583 101953.768 -52.216 141.708  43.415  27.775  27.500  4074952 ,63563335492631
7cd  27.890 102104.080 -64.661 294.082  44.559  27.550  27.562  4080432 ,63563335498112
7ef  28.111 102109.520 -65.110 466.217  44.552  27.667  27.625  4085912 ,63563335503592
8d4  27.534 101954.656 -52.290 141.937  43.346  27.785  27.500  4091392 ,63563335509078
7cd  27.921 102106.312 -64.846 294.296  44.559  27.571  27.562  4096871 ,63563335514552
7ef  28.117 102111.232 -65.253 465.805  44.582  27.678  27.625  4102351 ,63563335520039
8d4  27.522 101954.152 -52.248 139.953  43.346  27.785  27.500  4107831 ,63563335525512
7ef  28.105 102129.248 -66.743 465.972  44.926  27.614  27.593  4118791 ,63563335536472
8d4  27.516 101961.280 -52.840 140.243  43.415  27.785  27.500  4124271 ,63563335541951
7cd  27.853 102103.304 -64.598 288.345  44.559  27.635  27.593  4129751 ,63563335547432
7ef  28.105 102126.184 -66.490 458.328  45.094  27.539  27.562  4135231 ,63563335552920
8d4  27.534 101951.704 -52.047 141.098  43.552  27.796  27.500  4140711 ,63563335558401
7cd  27.853 102093.696 -63.800 274.566  44.590  27.582  27.562  4146191 ,63563335563872
7ef  28.032 102130.120 -66.817 452.545  44.964  27.550  27.562  4151671 ,63563335569351
8d4  27.558 101964.568 -53.109 134.185  43.346  27.764  27.500  4157151 ,63563335574832
7cd  27.878 102087.800 -63.314 274.765  45.025  27.582  27.562  4162631 ,63563335580312
7ef  28.032 102114.808 -65.549 423.858  44.758  27.560  27.562  4168111 ,63563335585792
8d4  27.461 101954.496 -52.280 118.453  43.247  27.753  27.468  4173591 ,63563335591272
7cd  27.896 102096.184 -64.006 275.238  44.956  27.571  27.593  4179070 ,63563335596751
7ef  28.062 102117.240 -65.750 423.675  44.460  27.635  27.593  4184550 ,63563335602232
8d4  27.406 101959.536 -52.697 117.095  43.385  27.721  27.406  4190030 ,63563335607712
7cd  27.841 102109.464 -65.105 274.703  44.712  27.635  27.593  4195510 ,63563335613192
7ef  28.075 102117.616 -65.782 424.072  44.178  27.700  27.656  4200990 ,63563335618672
8d4  27.522 101954.152 -52.248 116.836  44.201  27.646  27.437  4206470 ,63563335624152
7cd  27.823 102104.264 -64.677 273.895  44.849  27.646  27.593  4211950 ,63563335629632
7ef  27.989 102111.992 -65.317 423.736  44.048  27.743  27.656  4217430 ,63563335635119
8d4  27.631 101961.760 -52.877 116.653  43.697  27.646  27.437  4222910 ,63563335640601
7cd  27.853 102096.896 -64.064 275.146  44.895  27.571  27.562  4228390 ,63563335646072
7ef  27.917 102109.760 -65.132 419.540  44.109  27.753  27.656  4233870 ,63563335651552
8d4  27.711 101942.880 -51.312 113.128  44.598  27.646  27.500  4239350 ,63563335657041
7cd  27.853 102100.096 -64.328 275.299  45.025  27.474  27.500  4244830 ,63563335662511
7ef  27.862 102112.680 -65.369 414.917  44.216  27.710  27.593  4250310 ,63563335667992
8d4  27.771 101957.304 -52.507 112.564  44.865  27.646  27.500  4255790 ,63563335673479
7cd  27.829 102083.568 -62.965 271.881  45.002  27.432  27.500  4261270 ,63563335678952
7ef  27.837 102124.184 -66.326 407.455  44.178  27.646  27.562  4266749 ,63563335684432
