8d4  25.505 101635.064 -25.783 117.660  49.076  25.716  25.406  97339 ,63563504458015
7ef  26.016 101798.776 -39.369 660.522  50.137  25.801  25.625  97479 ,63563504458155
7cd  25.351 101767.312 -36.759 233.520  50.312  25.533  25.250  102819 ,63563504463495
8d4  25.542 101639.752 -26.169 115.768  48.977  25.748  25.437  102979 ,63563504463655
7ef  26.053 101790.904 -38.714 674.804  49.999  25.833  25.687  108319 ,63563504468994
7cd  25.426 101772.488 -37.187 243.377  50.045  25.544  25.281  108459 ,63563504469134
8d4  25.597 101629.080 -25.286 129.028  48.969  25.791  25.500  113819 ,63563504474495
7ef  26.077 101785.640 -38.281 677.505  50.236  25.844  25.687  113959 ,63563504474635
7cd  25.519 101766.976 -36.732 240.158  49.801  25.608  25.375  119299 ,63563504479975
8d4  25.616 101628.448 -25.233 128.494  49.068  25.812  25.531  119459 ,63563504480135
7ef  26.120 101800.840 -39.538 660.018  50.434  25.855  25.718  124799 ,63563504485474
7cd  25.581 101771.808 -37.134 235.061  49.770  25.598  25.406  124939 ,63563504485614
8d4  25.684 101633.088 -25.619 123.306  49.274  25.812  25.531  130299 ,63563504490974
7ef  26.151 101788.176 -38.492 669.906  50.533  25.887  25.750  130439 ,63563504491141
7cd  25.668 101777.248 -37.583 235.321  49.671  25.598  25.437  135779 ,63563504496455
8d4  25.696 101630.704 -25.418 121.292  49.206  25.812  25.562  135939 ,63563504496615
7ef  26.182 101790.736 -38.704 670.715  50.297  25.909  25.781  141278 ,63563504501955
7cd  25.693 101758.752 -36.051 235.412  49.732  25.619  25.468  141418 ,63563504502094
8d4  25.758 101630.600 -25.413 124.633  49.236  25.866  25.593  146778 ,63563504507454
7ef  26.212 101796.368 -39.169 670.303  50.091  25.919  25.781  146918 ,63563504507594
7cd  25.817 101765.136 -36.579 232.498  49.770  25.694  25.531  152258 ,63563504512935
8d4  25.788 101645.288 -26.628 123.535  49.168  25.887  25.625  152418 ,63563504513095
7ef  26.249 101800.664 -39.528 669.891  51.022  25.919  25.812  157758 ,63563504518435
7cd  25.842 101768.960 -36.896 234.817  49.633  25.726  25.562  157898 ,63563504518579
8d4  25.825 101635.200 -25.793 124.481  49.168  25.887  25.625  163258 ,63563504523954
7ef  26.261 101801.088 -39.560 669.769  50.594  25.930  25.812  163398 ,63563504524074
7cd  25.929 101771.160 -37.076 232.742  49.427  25.769  25.625  168738 ,63563504529415
8d4  25.850 101630.440 -25.397 124.191  49.107  25.909  25.656  168898 ,63563504529575
7ef  26.286 101789.704 -38.614 667.663  50.327  25.941  25.843  174238 ,63563504534916
7cd  25.966 101772.096 -37.155 234.573  49.328  25.780  25.656  174378 ,63563504535055
8d4  25.893 101630.952 -25.439 125.610  48.992  25.984  25.718  179738 ,63563504540415
7ef  26.311 101790.528 -38.688 672.241  50.289  25.973  25.875  179878 ,63563504540554
7cd  26.040 101761.184 -36.252 236.038  49.259  25.844  25.718  185218 ,63563504545895
8d4  25.918 101632.072 -25.534 126.083  48.862  26.016  25.718  185378 ,63563504546055
7ef  26.360 101804.424 -39.840 663.757  50.060  26.005  25.906  190718 ,63563504551395
7cd  26.071 101763.544 -36.447 232.376  49.221  25.909  25.750  190858 ,63563504551535
7ef  26.366 101806.144 -39.977 672.103  49.992  26.016  25.906  196358 ,63563504557034
7cd  26.133 101771.480 -37.102  18.173  49.091  25.951  25.812  201838 ,63563504562515
8d4  26.004 101627.168 -25.128  32.943  48.695  26.134  25.843  207338 ,63563504568016
7ef  26.409 101790.808 -38.709  43.029  50.091  25.962  25.906  212838 ,63563504573514
7cd  26.239 101772.456 -37.187  19.943  48.786  26.059  25.906  218318 ,63563504578995
8d4  26.022 101626.528 -25.075  33.798  48.519  26.220  25.906  223817 ,63563504584495
7ef  26.433 101791.624 -38.778  44.921  49.854  26.048  26.000  229317 ,63563504589995
7cd  26.307 101762.936 -36.394  18.692  48.611  26.145  25.968  234797 ,63563504595476
8d4  26.120 101636.888 -25.931  33.767  48.489  26.262  25.968  240297 ,63563504600975
7ef  26.476 101788.472 -38.513  40.313  49.786  26.123  26.062  245797 ,63563504606475
7cd  26.400 101769.968 -36.981  17.181  48.512  26.166  26.031  251277 ,63563504611955
8d4  26.170 101621.416 -24.647  30.059  48.641  26.316  26.031  256777 ,63563504617455
7ef  26.488 101779.720 -37.789  39.672  49.480  26.230  26.156  262277 ,63563504622955
7cd  26.449 101764.760 -36.547  17.593  48.679  26.187  26.093  267757 ,63563504628437
8d4  26.219 101629.528 -25.323  29.663  48.275  26.380  26.062  273257 ,63563504633935
7ef  26.543 101789.184 -38.577  39.367  49.473  26.305  26.218  278757 ,63563504639435
7cd  26.529 101771.464 -37.102  18.341  48.809  26.220  26.125  284237 ,63563504644915
8d4  26.262 101624.088 -24.869  32.211  48.145  26.456  26.125  289737 ,63563504650418
7ef  26.568 101796.112 -39.147  42.785  49.404  26.391  26.281  295237 ,63563504655915
7cd  26.591 101776.120 -37.488  17.868  48.740  26.284  26.187  300717 ,63563504661395
8d4  26.323 101623.888 -24.853  32.211  48.000  26.488  26.187  306216 ,63563504666895
7ef  26.592 101781.640 -37.948  43.350  49.198  26.456  26.312  311716 ,63563504672395
8d4  26.348 101636.792 -25.925  32.608  47.939  26.541  26.218  322696 ,63563504683376
7ef  26.629 101792.040 -38.809  43.212  49.000  26.520  26.375  328196 ,63563504688875
7cd  26.659 101756.936 -35.897  17.318  48.573  26.305  26.250  333676 ,63563504694355
8d4  26.384 101623.680 -24.837  32.775  47.840  26.584  7ef  26.666 101787.144 -38.402  43.121  48.901  26.563  26.406  344676 ,63563504705355
7cd  26.727 101763.312 -36.426  17.608  48.473  26.391  26.312  350156 ,63563504710835
8d4  26.415 101629.488 -25.318  32.836  47.665  26.627  26.281  355676 ,63563504716355
7ef  26.697 101795.792 -39.121  43.121  48.763  26.584  26.437  37cd  26.764 101757.760 -35.966  16.723  48.260  26.456  26.375  366656 ,63563504727335
8d4  26.464 101631.664 -25.497  33.050  47.527  26.659  26.343  372156 ,63563504732835
7ef  26.752 101780.784 -37.879  43.563  48.763  26.584  26.468  377656 ,63563504738335
7cd  26.820 101770.224 -37.002  17.959  48.061  26.520  26.437  383136 ,63563504743815
8d4  26.495 101628.600 -25.244  32.745  47.489  26.702  26.375  388636 ,63563504749315
7ef  26.794 101792.872 -38.878  42.907  48.664  26.584  26.468  394135 ,63563504754815
7cd  26.844 101764.400 -36.516  16.860  47.962  26.531  26.468  399615 ,63563504760295
8d4  26.550 101629.560 -25.323  32.073  47.153  26.745  26.406  405115 ,63563504765796
7ef  26.801 101770.160 -36.997  43.258  48.595  26.595  26.500  410615 ,63563504771297
7cd  26.887 101763.792 -36.468  17.486  47.855  26.616  26.531  416095 ,63563504776777
7ef  26.807 101793.256 -38.910  42.266  48.458  26.670  26.531  427095 ,63563504787775
7cd  26.869 101771.352 -37.092  17.868  47.787  26.670  26.593  432575 ,63563504793255
8d4  26.630 101628.648 -25.249  32.119  47.092  26.831  26.468  438075 ,63563504798756
7ef  26.856 101788.752 -38.534  42.877  48.458  26.681  26.562  443575 ,63563504804255
7cd  26.881 101765.240 -36.590  17.440  47.649  26.691  26.625  449055 ,63563504809735
8d4  26.630 101616.832 -24.266  32.546  47.047  26.842  26.500  454555 ,63563504815236
7ef  26.880 101780.376 -37.842  43.212  48.153  26.702  26.593  460055 ,63563504820735
7cd  26.918 101756.496 -35.860  17.715  47.619  26.734  26.656  465535 ,63563504826215
8d4  26.660 101622.616 -24.747  32.867  46.848  26.874  26.531  471035 ,63563504831716
7ef  26.911 101789.016 -38.561  40.908  48.153  26.691  26.593  476534 ,63563504837219
7cd  26.968 101754.408 -35.686  15.335  47.550  26.724  26.656  482014 ,63563504842695
8d4  26.691 101619.528 -24.493  33.065  46.780  26.895  26.562  487514 ,63563504848196
7ef  26.898 101788.608 -38.524  40.054  48.222  26.681  26.593  493014 ,63563504853696
7cd  27.017 101761.904 -36.310  14.755  47.482  26.756  26.687  498494 ,63563504859175
8d4  26.709 101627.720 -25.170  32.989  46.711  26.917  26.562  503994 ,63563504864675
7ef  26.905 101781.168 -37.906  39.443  48.122  26.702  26.625  509494 ,63563504870176
7cd  27.048 101757.800 -35.971  18.264  47.405  26.799  26.718  514974 ,63563504875655
8d4  26.721 101619.392 -24.478  32.699  46.650  26.927  26.593  520474 ,63563504881155
7ef  26.935 101777.560 -37.610  42.572  48.122  26.702  26.625  525974 ,63563504886656
7cd  27.085 101761.824 -36.304  16.723  47.237  26.809  26.750  531454 ,63563504892135
8d4  26.752 101619.248 -24.467  32.165  46.551  26.938  26.625  536954 ,63563504897635
7ef  26.984 101788.304 -38.503  42.755  47.955  26.756  26.656  542454 ,63563504903136
7cd  27.116 101770.496 -37.023  19.027  47.176  26.863  26.781  547934 ,63563504908616
8d4  26.770 101627.456 -25.149  32.699  46.444  26.960  26.625  553434 ,63563504914115
7ef  27.027 101788.168 -38.487  43.899  47.848  26.788  26.687  558933 ,63563504919616
7cd  27.116 101760.904 -36.225  17.547  47.108  26.809  26.781  564413 ,63563504925096
8d4  26.770 101624.496 -24.906  33.020  46.513  26.970  26.625  569913 ,63563504930595
7ef  26.996 101785.656 -38.281  44.174  47.848  26.852  26.718  575413 ,63563504936096
7cd  27.128 101764.384 -36.516  17.486  47.207  26.788  26.781  580893 ,63563504941577
8d4  26.777 101623.264 -24.800  33.660  46.444  26.981  26.656  586393 ,63563504947075
7ef  27.008 101773.816 -37.298  43.502  47.848  26.852  26.750  591913 ,63563504952596
7cd  27.146 101766.384 -36.685  16.815  47.237  26.809  26.812  597393 ,63563504958076
8d4  26.777 101614.400 -24.065  33.340  46.383  26.992  26.656  602913 ,63563504963595
7ef  27.021 101780.312 -37.837  42.755  47.741  26.852  26.750  608413 ,63563504969096
7cd  27.159 101757.064 -35.908  17.318  47.138  26.842  26.812  613893 ,63563504974576
8d4  26.801 101624.344 -24.890  33.523  46.337  27.013  26.687  619393 ,63563504980076
7ef  27.063 101789.328 -38.587  41.946  47.710  26.863  26.750  624893 ,63563504985576
7cd  27.189 101756.144 -35.834  16.647  47.039  26.874  26.843  630373 ,63563504991056
8d4  26.801 101612.520 -23.912  33.538  46.436  27.024  26.687  635873 ,63563504996556
7ef  27.076 101780.552 -37.858  43.334  47.611  26.874  26.781  641373 ,63563505002056
7cd  27.214 101763.072 -36.405  17.105  46.932  26.917  26.875  646852 ,63563505007536
8d4  26.813 101621.936 -24.689  33.004  46.375  27.035  26.687  652352 ,63563505013036
7ef  27.106 101776.928 -37.557  43.869  47.573  26.863  26.781  657852 ,63563505018536
7cd  27.239 101757.208 -35.919  17.364  46.833  26.938  26.906  663352 ,63563505024036
8d4  26.795 101616.704 -24.256  33.935  46.268  27.035  26.687  668852 ,63563505029536
7ef  27.118 101780.384 -37.842  43.395  47.512  26.874  26.812  674352 ,63563505035035
7cd  27.263 101754.552 -35.702  18.508  46.864  26.970  26.937  679832 ,63563505040516
8d4  26.789 101626.776 -25.096  32.318  46.268  27.045  26.687  685332 ,63563505046016
7ef  27.106 101786.104 -38.318  43.548  47.474  26.895  26.812  690832 ,63563505051517
7cd  27.282 101769.360 -36.928  17.852  46.795  26.938  26.906  696312 ,63563505056996
8d4  26.777 101623.264 -24.800  32.257  46.200  27.045  26.687  701812 ,63563505062496
7ef  27.106 101795.280 -39.079  42.465  47.443  26.906  26.812  707312 ,63563505067996
7cd  27.282 101766.152 -36.664  18.112  46.795  26.960  26.937  712792 ,63563505073476
8d4  26.807 101614.280 -24.055  31.494  46.101  27.035  26.687  718292 ,63563505078976
7ef  27.118 101780.384 -37.842  41.763  47.543  26.874  26.781  723792 ,63563505084476
7cd  27.276 101767.616 -36.785  17.120  46.696  26.970  26.968  729271 ,63563505089956
senddatacnf error! 0xe1,63563505089992
idx: 0 backoff: 1 ,63563505101992
7ef  27.155 101781.544 -37.937  43.533  47.710  26.831  26.781  746791 ,63563505107477
7cd  27.202 101759.616 -36.119  19.348  46.597  27.024  26.968  752271 ,63563505112956
8d4  26.813 101616.016 -24.197  32.241  46.139  27.067  26.718  757771 ,63563505118456
7ef  27.161 101777.144 -37.573  42.663  47.512  26.874  26.812  763271 ,63563505123957
7cd  27.226 101769.744 -36.960  19.104  46.566  27.035  26.968  768751 ,63563505129436
8d4  26.795 101619.648 -24.504  34.515  46.169  27.088  26.718  774251 ,63563505134936
7ef  27.173 101780.584 -37.863  45.166  47.344  26.917  26.843  779751 ,63563505140437
7cd  27.263 101760.952 -36.230  17.852  46.566  27.035  26.968  785231 ,63563505145916
8d4  26.813 101616.016 -24.197  34.545  46.307  27.088  26.718  790731 ,63563505151416
7ef  27.204 101783.088 -38.069  44.738  47.779  26.852  26.812  796231 ,63563505156916
7cd  27.270 101753.088 -35.580  19.821  46.597  27.003  26.968  801711 ,63563505162396
8d4  26.795 101628.512 -25.239  35.156  46.169  27.099  26.718  807211 ,63563505167896
7ef  27.228 101786.920 -38.386  45.486  47.810  26.809  26.781  812710 ,63563505173397
7cd  27.257 101762.408 -36.352  18.966  46.429  27.067  27.031  818190 ,63563505178876
8d4  26.807 101620.192 -24.546  35.537  46.307  27.099  26.750  823690 ,63563505184376
7ef  27.253 101781.568 -37.943  46.157  47.810  26.842  26.812  829190 ,63563505189877
7cd  27.270 101762.688 -36.378  18.859  46.299  27.099  27.031  834670 ,63563505195356
8d4  26.819 101608.896 -23.611  35.507  46.139  27.121  26.750  840170 ,63563505200856
7ef  27.271 101774.488 -37.356  45.959  47.848  26.820  26.812  845670 ,63563505206359
7cd  27.294 101766.408 -36.685  20.263  46.360  27.110  27.031  851190 ,63563505211876
8d4  26.850 101626.488 -25.069  35.202  46.139  27.121  26.750  856690 ,63563505217376
7ef  27.314 101783.480 -38.101  45.333  47.710  26.852  26.843  862190 ,63563505222878
7cd  27.313 101755.624 -35.792  17.791  46.421  27.099  27.031  867690 ,63563505228376
8d4  26.844 101612.912 -23.944  34.835  46.101  27.131  26.781  873190 ,63563505233876
7ef  27.320 101776.024 -37.483  46.371  47.611  26.917  26.875  878690 ,63563505239377
7cd  27.337 101752.952 -35.570  18.066  46.490  27.078  27.031  884170 ,63563505244856
8d4  26.868 101608.072 -23.542  33.767  46.001  27.142  26.781  889670 ,63563505250356
7ef  27.326 101771.624 -37.118  45.547  47.543  26.906  26.875  895170 ,63563505255857
7cd  27.350 101756.416 -35.855  14.999  46.528  27.067  27.031  900649 ,63563505261337
8d4  26.899 101613.824 -24.018  34.118  46.001  27.153  26.812  906149 ,63563505266836
7ef  27.326 101786.920 -38.386  44.296  47.710  26.852  26.843  911649 ,63563505272337
7cd  27.386 101757.208 -35.919  17.883  46.497  27.099  27.062  917129 ,63563505277817
8d4  26.893 101609.136 -23.627  32.821  45.933  27.174  26.812  922629 ,63563505283316
7ef  27.338 101778.128 -37.657  42.541  48.046  26.820  26.812  928129 ,63563505288817
7cd  27.411 101757.728 -35.966  18.081  46.398  27.121  27.093  933609 ,63563505294297
8d4  26.948 101615.944 -24.192  34.530  45.925  27.185  26.843  939109 ,63563505299796
7ef  27.350 101778.496 -37.689  44.708  48.016  26.842  26.843  944609 ,63563505305297
7cd  27.442 101763.192 -36.415  20.278  46.284  27.121  27.093  950089 ,63563505310777
7ef  27.326 101774.672 -37.372  45.272  47.909  26.788  26.812  961089 ,63563505321776
7cd  27.411 101754.528 -35.697  20.095  46.215  27.131  27.125  966569 ,63563505327257
8d4  26.936 101615.416 -24.150  32.958  45.895  27.196  26.843  972069 ,63563505332757
7ef  27.356 101774.104 -37.324  45.318  48.023  26.756  26.781  977569 ,63563505338256
7cd  27.300 101758.544 -36.030  18.905  46.116  27.174  27.125  983048 ,63563505343737
8d4  26.966 101606.392 -23.399  33.721  45.895  27.206  26.843  988548 ,63563505349237
7ef  27.381 101777.920 -37.641  44.677  47.955  26.767  26.812  994048 ,63563505354737
7cd  27.270 101769.088 -36.907  17.227  46.116  27.163  27.093  999528 ,63563505360217
8d4  26.972 101614.056 -24.039  33.935  45.925  27.217  26.875  1005028 ,63563505365719
7ef  27.387 101776.592 -37.530  43.960  47.741  26.831  26.843  1010528 ,63563505371217
7cd  27.257 101765.608 -36.616  16.784  46.185  27.153  27.093  1016008 ,63563505376697
8d4  27.015 101614.432 -24.071  34.545  45.826  27.238  26.875  1021508 ,63563505382197
7ef  27.387 101773.528 -37.277  44.326  47.543  26.895  26.906  1027008 ,63563505387697
7cd  27.300 101739.352 -34.439  13.778  46.215  27.163  27.093  1032488 ,63563505393177
8d4  27.009 101621.544 -24.657  34.530  45.727  27.249  26.906  1037988 ,63563505398677
7ef  27.411 101777.352 -37.594  45.196  47.504  26.960  26.937  1043488 ,63563505404177
7cd  27.362 101753.480 -35.612  17.562  46.322  27.174  27.093  1048968 ,63563505409657
8d4  27.021 101616.168 -24.213  34.362  45.658  27.260  26.906  1054468 ,63563505415157
7ef  27.411 101771.232 -37.086  44.281  47.337  27.003  27.000  1059968 ,63563505420657
7cd  27.405 101756.000 -35.818  17.944  46.154  27.196  27.125  1065447 ,63563505426140
8d4  27.033 101616.704 -24.256  34.332  45.628  27.271  26.906  1070947 ,63563505431637
7ef  27.423 101774.664 -37.367  45.059  47.169  27.024  27.000  1076447 ,63563505437137
7cd  27.436 101758.264 -36.008  19.104  46.185  27.228  27.156  1081927 ,63563505442618
8d4  27.064 101610.624 -23.754  33.752  45.689  27.281  26.937  1087427 ,63563505448117
7ef  27.423 101780.784 -37.879  44.067  47.031  27.088  27.031  1092927 ,63563505453617
7cd  27.479 101757.576 -35.950  16.769  46.154  27.228  27.156  1098407 ,63563505459098
8d4  27.058 101617.736 -24.340  33.706  45.628  27.281  26.937  1103907 ,63563505464597
7ef  27.411 101777.352 -37.594  43.869  46.803  27.078  27.031  1109407 ,63563505470097
7cd  27.479 101751.168 -35.422  19.958  46.154  27.249  27.187  1114887 ,63563505475578
8d4  27.070 101612.352 -23.896  34.072  45.589  27.281  26.937  1120407 ,63563505481097
7ef  27.448 101775.432 -37.435  45.684  46.932  27.099  27.031  1125907 ,63563505486597
7cd  27.509 101766.224 -36.669  17.257  46.009  27.292  27.218  1131387 ,63563505492078
8d4  27.070 101612.352 -23.896  35.430  45.460  27.281  26.968  1136887 ,63563505497577
7ef  27.460 101772.744 -37.208  45.425  46.970  27.045  27.031  1142387 ,63563505503077
7cd  27.528 101765.016 -36.569  14.724  45.910  27.303  27.218  1147866 ,63563505508558
8d4  27.095 101613.408 -23.981  35.324  45.391  27.303  26.968  1153366 ,63563505514058
7ef  27.472 101785.352 -38.254  46.081  47.100  27.003  27.000  1158866 ,63563505519557
7cd  27.534 101757.152 -35.913  18.539  45.918  27.249  27.187  1164346 ,63563505525038
8d4  27.082 101612.872 -23.939  35.110  45.361  27.314  26.968  1169846 ,63563505530538
7ef  27.497 101783.048 -38.064  46.356  47.100  27.003  27.031  1175346 ,63563505536037
7cd  27.509 101756.624 -35.871  20.233  45.986  27.228  27.187  1180826 ,63563505541518
8d4  27.088 101605.752 -23.347  34.530  45.422  27.314  26.968  1186326 ,63563505547018
7ef  27.497 101789.168 -38.571  46.325  47.100  26.981  27.000  1191826 ,63563505552517
7cd  27.546 101751.000 -35.406  18.646  45.986  27.260  27.218  1197306 ,63563505557998
8d4  27.119 101617.408 -24.314  32.318  45.322  27.335  27.000  1202806 ,63563505563498
7ef  27.472 101788.416 -38.508  46.249  46.970  27.024  27.031  1208306 ,63563505568997
7cd  27.559 101760.856 -36.225  17.257  45.979  27.260  27.218  1213786 ,63563505574477
8d4  27.119 101605.584 -23.331  35.385  45.322  27.335  27.000  1219286 ,63563505579978
7ef  27.466 101786.688 -38.365  45.318  46.902  27.067  27.062  1224786 ,63563505585477
7cd  27.546 101751.000 -35.406  17.654  45.879  27.303  27.218  1230266 ,63563505590959
8d4  27.119 101611.496 -23.822  33.996  45.322  27.346  27.000  1235765 ,63563505596458
7ef  27.448 101781.536 -37.937  44.738  46.902  27.067  27.031  1241265 ,63563505601958
7cd  27.552 101752.728 -35.549  20.111  45.887  27.249  27.218  1246745 ,63563505607438
8d4  27.131 101623.832 -24.847  32.852  45.246  27.356  27.031  1252245 ,63563505612938
7ef  27.466 101774.456 -37.351  45.608  46.970  27.078  27.062  1257745 ,63563505618437
7cd  27.559 101760.856 -36.225  19.912  45.986  27.249  27.218  1263225 ,63563505623917
8d4  27.125 101619.144 -24.462  30.776  45.216  27.367  27.031  1268725 ,63563505629418
7ef  27.503 101790.880 -38.714  45.715  46.932  27.078  27.062  1274225 ,63563505634917
7cd  27.8d4  27.119 101614.448 -24.071  35.064  45.246  27.356  27.031  1285205 ,63563505645898
7ef  27.484 101779.608 -37.779  45.608  46.833  27.078  27.062  1290705 ,63563505651398
7cd  27.589 101759.896 -36.146  19.332  45.841  27.271  27.250  1296185 ,63563505656877
8d4  27.137 101613.768 -24.012  34.729  45.147  27.367  27.031  1301685 ,63563505662378
7ef  27.478 101777.888 -37.636  46.112  46.803  27.067  27.062  1307185 ,63563505667878
7cd  27.583 101758.168 -36.003  17.593  45.750  27.260  27.250  1312665 ,63563505673357
8d4  27.162 101617.752 -24.345  34.164  45.147  27.378  27.031  1318164 ,63563505678858
7ef  27.521 101783.800 -38.128  44.372  46.864  27.067  27.062  1323664 ,63563505684358
7cd  27.577 101762.848 -36.389  19.897  45.750  27.228  27.250  1329144 ,63563505689837
8d4  27.156 101621.928 -24.689  32.974  45.147  27.399  27.062  1334644 ,63563505695338
7ef  27.521 101796.040 -39.142  44.708  46.803  27.045  27.062  1340144 ,63563505700838
7cd  27.589 101756.704 -35.876  18.005  45.818  27.217  27.218  1345624 ,63563505706317
8d4  27.162 101623.664 -24.837  34.744  45.048  27.399  27.062  1351124 ,63563505711818
7ef  27.533 101781.112 -37.906  45.700  46.833  27.035  27.062  1356624 ,63563505717318
7cd  27.589 101759.896 -36.146  17.791  45.818  27.249  27.250  1362104 ,63563505722800
8d4  27.168 101628.352 -25.223  33.569  44.979  27.410  27.062  1367604 ,63563505728298
7ef  27.527 101779.392 -37.763  44.677  46.764  27.035  27.062  1373104 ,63563505733798
7cd  27.620 101758.936 -36.067  18.020  45.750  27.292  27.281  1378584 ,63563505739278
8d4  27.180 101625.928 -25.022  34.362  44.949  27.399  27.062  1384084 ,63563505744778
7ef  27.527 101785.504 -38.270  44.326  46.734  27.035  27.062  1389584 ,63563505750278
7cd  27.632 101756.000 -35.818  17.227  45.612  27.292  27.281  1395064 ,63563505755758
8d4  27.192 101632.368 -25.556  33.874  44.949  27.410  27.062  1400563 ,63563505761258
7ef  27.497 101789.168 -38.571  44.464  46.734  27.078  27.062  1406063 ,63563505766758
7cd  27.645 101749.848 -35.311  19.561  45.605  27.324  27.312  1411543 ,63563505772238
8d4  27.186 101630.624 -25.413  33.126  44.949  27.432  27.093  1417043 ,63563505777738
7ef  27.521 101796.040 -39.142  44.494  46.803  27.056  27.062  1422543 ,63563505783238
7cd  27.669 101753.552 -35.617  17.898  45.574  27.346  27.343  1428023 ,63563505788718
8d4  27.168 101619.488 -24.488  33.218  44.949  27.432  27.093  1433523 ,63563505794218
7ef  27.509 101780.360 -37.842  44.738  46.635  27.067  27.062  1439023 ,63563505799718
7cd  27.663 101758.232 -36.008  16.387  45.574  27.399  27.343  1444503 ,63563505805198
8d4  27.192 101617.584 -24.330  36.407  45.078  27.432  27.093  1450003 ,63563505810698
7ef  27.515 101785.144 -38.238  47.958  46.635  27.110  27.093  1455503 ,63563505816198
7cd  27.645 101772.264 -37.171  17.929  45.437  27.399  27.375  1460983 ,63563505821678
8d4  27.192 101629.416 -25.312  35.614  44.979  27.453  27.093  1466483 ,63563505827179
7ef  27.497 101783.048 -38.064  45.608  46.619  27.131  27.093  1471983 ,63563505832678
7cd  27.681 101769.824 -36.965  18.768  45.437  27.399  27.375  1477463 ,63563505838158
8d4  27.229 101628.016 -25.196  30.212  44.979  27.464  27.125  1482963 ,63563505843659
7ef  27.478 101784.008 -38.143  47.119  46.520  27.153  27.125  1488462 ,63563505849158
7cd  27.681 101769.824 -36.965  20.935  45.376  27.399  27.375  1493942 ,63563505854638
8d4  27.229 101630.968 -25.439  35.614  44.910  27.464  27.125  1499442 ,63563505860138
7ef  27.472 101782.288 -38.001  47.714  46.352  27.206  27.156  1504942 ,63563505865638
7cd  27.706 101763.928 -36.479  17.761  45.338  27.410  27.375  1510422 ,63563505871118
8d4  27.253 101629.064 -25.281  36.178  44.949  27.474  27.125  1515922 ,63563505876618
7ef  27.478 101790.128 -38.651  47.729  46.223  27.238  27.156  1521422 ,63563505882119
7cd  27.706 101767.128 -36.743  18.997  45.307  27.410  27.375  1526902 ,63563505887598
8d4  27.241 101625.576 -24.995  36.331  44.842  27.474  27.125  1532402 ,63563505893098
7ef  27.484 101782.664 -38.032  47.485  46.291  27.131  27.062  1537902 ,63563505898599
7cd  27.718 101767.384 -36.764  19.546  45.277  27.432  27.406  1543382 ,63563505904079
8d4  27.247 101627.320 -25.138  36.026  44.842  27.485  27.156  1548882 ,63563505909578
7ef  27.472 101788.416 -38.508  47.546  46.421  27.131  27.093  1554382 ,63563505915079
7cd  27.743 101771.104 -37.071  18.539  45.376  27.442  27.406  1559862 ,63563505920558
8d4  27.266 101623.664 -24.837  35.308  44.842  27.496  27.156  1565362 ,63563505926058
7ef  27.484 101788.792 -38.540  47.943  46.566  27.045  27.031  1570861 ,63563505931559
7cd  27.755 101764.936 -36.563  18.783  45.376  27.453  27.437  1576341 ,63563505937038
8d4  27.253 101629.064 -25.281  35.308  44.842  27.485  27.156  1581841 ,63563505942538
7ef  27.490 101793.560 -38.936  47.851  46.810  26.960  26.968  1587341 ,63563505948039
7cd  27.749 101756.808 -35.887  19.134  45.391  27.485  27.437  1592821 ,63563505953518
8d4  27.266 101629.576 -25.328  35.842  44.842  27.496  27.156  1598321 ,63563505959018
7ef  27.515 101785.144 -38.238  47.286  46.734  27.003  27.031  1603821 ,63563505964519
7cd  27.780 101771.840 -37.134  18.798  45.292  27.453  27.437  1609301 ,63563505969998
8d4  27.272 101628.344 -25.223  36.270  44.781  27.507  27.156  1614801 ,63563505975498
7ef  27.527 101797.752 -39.285  47.561  46.597  27.056  27.062  1620301 ,63563505980999
7cd  27.767 101768.392 -36.849  18.188  45.277  27.474  27.437  1625781 ,63563505986478
8d4  27.259 101627.832 -25.180  36.041  44.712  27.517  27.187  1631281 ,63563505991978
7ef  27.545 101790.664 -38.698  47.698  46.566  27.056  27.062  1636781 ,63563505997479
7cd  27.780 101771.840 -37.134  19.073  45.208  27.442  27.437  1642281 ,63563506002979
8d4  27.296 101629.392 -25.312  35.415  44.712  27.507  27.187  1647781 ,63563506008478
7ef  27.551 101786.256 -38.328  47.637  46.467  27.110  27.093  1653280 ,63563506013979
7cd  27.798 101770.608 -37.034  18.569  45.208  27.432  27.437  1658760 ,63563506019459
8d4  27.302 101628.176 -25.212  35.217  44.781  27.517  27.187  1664260 ,63563506024959
7ef  27.545 101790.664 -38.698  47.576  46.223  27.174  27.156  1669760 ,63563506030459
7cd  27.780 101765.440 -36.606  18.692  45.239  27.421  27.437  1675240 ,63563506035939
8d4  27.308 101623.976 -24.863  35.888  44.697  27.528  27.187  1680740 ,63563506041441
7ef  27.539 101788.944 -38.556  47.348  46.154  27.196  27.156  1686240 ,63563506046939
8d4  27.290 101624.696 -24.921  34.576  44.666  27.528  27.187  1697220 ,63563506057918
7ef  27.557 101787.992 -38.476  44.738  46.154  27.174  27.125  1702720 ,63563506063419
7cd  27.755 101764.936 -36.563  20.095  45.223  27.453  27.468  1708200 ,63563506068899
7ef  27.588 101787.392 -38.423  45.104  46.352  27.142  27.125  1719200 ,63563506079899
7cd  27.731 101770.832 -37.049  19.866  45.193  27.464  27.468  1724700 ,63563506085399
8d4  27.229 101628.016 -25.196  33.950  44.666  27.528  27.156  1730200 ,63563506090898
7ef  27.7cd  27.743 101764.688 -36.542  18.783  45.193  27.474  27.468  1741179 ,63563506101879
8d4  27.211 101622.800 -24.763  33.813  44.643  27.528  27.156  1746679 ,63563506107379
7ef  27.606 101792.544 -38.851  45.288  46.253  27.163  27.156  1752179 ,63563506112879
7cd  27.743 101761.488 -36.278  18.890  45.124  27.485  27.468  1757659 ,63563506118359
8d4  27.180 101634.800 -25.762  34.698  44.735  27.517  27.156  1763159 ,63563506123859
7ef  27.618 101799.032 -39.391  45.257  46.223  27.228  27.218  1768659 ,63563506129359
7cd  27.774 101773.320 -37.256  20.797  45.094  27.496  27.468  1774139 ,63563506134839
8d4  27.168 101628.352 -25.223  35.873  44.712  27.507  27.156  1779639 ,63563506140339
7ef  27.606 101789.488 -38.598  45.379  46.017  27.281  27.250  1785139 ,63563506145838
7cd  27.755 101777.744 -37.625  17.578  45.025  27.496  27.500  1790619 ,63563506151319
8d4  27.198 101631.160 -25.455  35.476  44.674  27.517  27.156  1796119 ,63563506156819
7ef  27.606 101792.544 -38.851  44.845  46.085  27.238  27.218  1801619 ,63563506162319
7cd  27.706 101770.336 -37.012  19.638  44.956  27.528  27.500  1807099 ,63563506167799
8d4  27.241 101634.456 -25.730  34.469  44.735  27.528  27.187  1812599 ,63563506173299
7ef  27.594 101779.928 -37.805  45.379  46.055  27.217  27.187  1818099 ,63563506178799
7cd  27.718 101770.584 -37.034  18.661  45.025  27.517  27.468  1823578 ,63563506184279
8d4  27.253 101626.112 -25.038  34.652  44.735  27.528  27.187  1829078 ,63563506189779
7ef  27.618 101786.784 -38.376  45.913  46.223  27.163  27.156  1834578 ,63563506195279
7cd  27.755 101774.536 -37.361  19.836  44.956  27.528  27.500  1840058 ,63563506200759
8d4  27.266 101629.576 -25.328  35.400  44.735  27.550  27.187  1845558 ,63563506206259
7ef  27.637 101785.824 -38.297  46.981  46.299  27.099  27.125  1851058 ,63563506211759
7cd  27.780 101765.440 -36.606  18.020  45.094  27.550  27.500  1856538 ,63563506217240
8d4  27.314 101628.688 -25.254  36.178  44.735  27.560  27.218  1862038 ,63563506222739
7ef  27.637 101785.824 -38.297  47.027  46.299  27.099  27.125  1867538 ,63563506228239
7cd  27.804 101769.144 -36.912  17.044  45.094  27.539  27.500  1873018 ,63563506233720
8d4  27.302 101628.176 -25.212  35.980  44.636  27.560  27.218  1878518 ,63563506239219
7ef  27.649 101801.496 -39.597  47.393  46.398  27.088  27.125  1884018 ,63563506244719
7cd  27.823 101764.712 -36.542  19.058  45.193  27.528  27.500  1889498 ,63563506250200
8d4  27.320 101621.544 -24.657  34.423  44.636  27.571  27.218  1894998 ,63563506255699
7ef  27.655 101784.832 -38.212  46.707  46.398  27.110  27.156  1900498 ,63563506261199
7cd  27.823 101777.520 -37.604  19.668  45.162  27.517  27.500  1905977 ,63563506266680
8d4  27.308 101626.936 -25.106  36.193  44.567  27.582  27.218  1911477 ,63563506272179
7ef  27.691 101801.256 -39.575  45.013  46.398  27.099  27.156  1916977 ,63563506277679
7cd  27.804 101772.352 -37.176  18.249  45.139  27.442  27.437  1922457 ,63563506283160
8d4  27.308 101626.936 -25.106  35.568  44.598  27.582  27.250  1927957 ,63563506288659
7ef  27.704 101798.568 -39.354  44.998  46.322  27.131  27.156  1933457 ,63563506294159
7cd  27.780 101759.032 -36.072  18.371  45.338  27.399  27.437  1938937 ,63563506299640
8d4  27.290 101627.648 -25.165  36.041  44.567  27.571  27.218  1944437 ,63563506305140
7ef  27.710 101791.104 -38.730  45.715  46.253  27.185  27.218  1949937 ,63563506310639
7cd  27.786 101760.760 -36.215  18.661  45.277  27.432  27.437  1955417 ,63563506316120
8d4  27.290 101621.744 -24.673  35.919  44.598  27.582  27.218  1960917 ,63563506321619
7ef  27.716 101786.688 -38.365  45.639  46.055  27.260  27.250  1966417 ,63563506327119
7cd  27.804 101772.352 -37.176  18.020  45.239  27.464  27.468  1971897 ,63563506332600
8d4  27.320 101621.544 -24.657  35.125  44.636  27.560  27.218  1977397 ,63563506338099
7ef  27.734 101782.648 -38.032  45.654  45.979  27.324  27.312  1982897 ,63563506343599
7cd  27.829 101769.640 -36.954  18.539  45.124  27.517  27.500  1988377 ,63563506349080
8d4  27.363 101627.792 -25.180  35.034  44.697  27.592  27.250  1993876 ,63563506354580
7ef  27.764 101797.352 -39.253  45.700  45.879  27.324  27.312  1999376 ,63563506360079
7cd  27.847 101765.208 -36.584  20.782  45.025  27.550  27.531  2004856 ,63563506365560
8d4  27.388 101625.864 -25.017  33.828  44.636  27.592  27.250  2010356 ,63563506371060
7ef  27.764 101785.104 -38.233  43.273  45.956  27.281  27.312  2015856 ,63563506376559
7cd  27.866 101763.984 -36.484  18.249  44.994  27.571  27.531  2021336 ,63563506382040
8d4  27.388 101619.936 -24.525  34.240  44.636  27.603  27.281  2026856 ,63563506387560
7ef  27.758 101795.640 -39.110  43.380  45.956  27.292  27.312  2032356 ,63563506393060
7cd  27.884 101756.344 -35.850  18.112  44.994  27.571  27.562  2037836 ,63563506398540
8d4  27.400 101623.424 -24.816  33.828  44.598  27.625  27.281  2043336 ,63563506404040
7ef  27.783 101787.184 -38.408  43.350  45.979  27.324  27.312  2048836 ,63563506409539
7cd  27.915 101774.584 -37.361  17.745  44.926  27.635  27.562  2054316 ,63563506415020
8d4  27.381 101627.080 -25.117  33.203  44.666  27.646  27.281  2059816 ,63563506420520
7ef  27.801 101801.520 -39.597  44.479  45.910  27.356  27.343  2065316 ,63563506426019
7cd  27.951 101772.120 -37.155  19.805  44.926  27.646  27.593  2070796 ,63563506431500
8d4  27.375 101625.368 -24.974  32.958  44.598  27.646  27.281  2076295 ,63563506437000
7ef  27.837 101790.368 -38.672  43.792  45.910  27.378  27.375  2081795 ,63563506442499
7cd  27.951 101768.904 -36.891  18.432  44.880  27.646  27.593  2087275 ,63563506447980
8d4  27.357 101629.024 -25.281  33.508  44.598  27.646  27.281  2092775 ,63563506453483
7ef  27.874 101785.328 -38.254  43.441  45.879  27.421  27.406  2098275 ,63563506458979
7cd  27.964 101765.952 -36.648  17.333  44.987  27.646  27.593  2103755 ,63563506464460
8d4  27.412 101626.896 -25.106  34.179  44.636  27.646  27.312  2109255 ,63563506469960
idx: 1 backoff: 1 ,63563506481976
7cd  27.988 101776.056 -37.483  20.065  44.987  27.678  27.593  2126755 ,63563506487460
8d4  27.418 101628.632 -25.249  34.454  44.598  27.667  27.312  2132255 ,63563506492960
7ef  27.923 101789.848 -38.630  46.142  45.979  27.442  27.406  2137755 ,63563506498460
7cd  27.994 101771.376 -37.097  18.035  44.849  27.700  27.593  2143235 ,63563506503940
8d4  27.455 101624.256 -24.884  34.561  44.666  27.678  27.343  2148735 ,63563506509440
7ef  27.935 101790.200 -38.656  44.952  45.948  27.453  27.437  2154235 ,63563506514939
8d4  27.485 101612.216 -23.886  34.454  44.621  27.700  27.375  2165214 ,63563506525920
7ef  27.953 101795.360 -39.084  45.135  45.963  27.474  27.437  2170714 ,63563506531420
7cd  27.994 101768.168 -36.833  16.708  44.880  27.710  27.593  2176194 ,63563506536900
7ef  27.917 101785.072 -38.233  44.754  45.864  27.517  27.468  2187194 ,63563506547900
7cd  28.000 101769.888 -36.975  19.760  44.987  27.689  27.593  2192674 ,63563506553380
8d4  27.510 101625.088 -24.953  33.767  44.491  27.753  27.406  2198174 ,63563506558880
7ef  27.910 101783.368 -38.091  45.120  45.834  27.507  27.468  2203674 ,63563506564379
7cd  27.988 101766.440 -36.685  16.677  44.949  27.700  27.593  2209154 ,63563506569860
8d4  27.534 101623.136 -24.789  34.149  44.491  27.753  27.406  2214654 ,63563506575360
7ef  27.898 101789.128 -38.571  45.013  45.795  27.528  27.500  2220154 ,63563506580860
7cd  28.000 101769.888 -36.975  17.486  44.987  27.678  27.593  2225634 ,63563506586340
8d4  27.534 101629.064 -25.281  34.866  44.590  27.764  27.406  2231134 ,63563506591842
7ef  27.929 101788.504 -38.519  45.272  46.001  27.528  27.500  2236634 ,63563506597340
7cd  28.000 101757.072 -35.908  18.295  45.185  27.689  27.593  2242114 ,63563506602820
8d4  27.534 101614.264 -24.055  34.729  44.521  27.785  27.437  2247613 ,63563506608321
7ef  27.947 101793.640 -38.941  45.578  46.169  27.539  27.500  2253113 ,63563506613820
7cd  28.000 101769.888 -36.975  17.227  45.185  27.700  27.593  2258593 ,63563506619300
8d4  27.558 101627.112 -25.122  33.828  44.453  27.796  27.437  2264093 ,63563506624800
7ef  27.947 101787.512 -38.434  45.532  45.902  27.571  27.531  2269593 ,63563506630300
7cd  28.025 101776.784 -37.546  18.692  45.147  27.700  27.625  2275073 ,63563506635781
8d4  27.601 101627.408 -25.143  33.782  44.453  27.818  27.468  2280573 ,63563506641280
7ef  28.002 101781.480 -37.932  45.532  45.666  27.625  27.562  2286073 ,63563506646780
7cd  28.019 101778.264 -37.668  17.669  45.147  27.678  27.593  2291553 ,63563506652261
8d4  27.607 101629.160 -25.291  31.570  44.453  27.828  27.468  2297053 ,63563506657760
7ef  27.983 101782.464 -38.017  41.839  45.696  27.582  27.531  2302553 ,63563506663260
7cd  28.019 101768.648 -36.870  17.929  45.254  27.657  27.593  2308033 ,63563506668741
8d4  27.619 101623.752 -24.842  31.814  44.422  27.839  27.500  2313533 ,63563506674240
7ef  27.983 101791.656 -38.778  41.870  45.963  27.485  27.468  2319033 ,63563506679740
7cd  28.025 101773.584 -37.282  14.526  45.254  27.614  27.562  2324513 ,63563506685221
8d4  27.644 101624.752 -24.927  31.585  44.453  27.861  27.500  2330012 ,63563506690721
7ef  27.996 101801.208 -39.570  41.244  46.108  27.464  27.500  2335512 ,63563506696220
7cd  28.043 101765.928 -36.643  16.296  45.330  27.657  27.593  2340992 ,63563506701701
8d4  27.601 101615.560 -24.160  29.678  44.445  27.882  27.531  2346492 ,63563506707201
7ef  27.983 101785.528 -38.270  40.878  46.001  27.539  27.531  2351992 ,63563506712700
7cd  28.037 101767.424 -36.769  15.426  45.322  27.646  27.593  2357472 ,63563506718180
8d4  27.601 101618.528 -24.409  31.295  44.415  27.893  27.531  2362992 ,63563506723701
7ef  28.014 101791.032 -38.725  41.549  45.765  27.635  27.593  2368492 ,63563506729200
7cd  28.056 101772.584 -37.197  18.234  45.254  27.667  27.625  2373972 ,63563506734680
8d4  27.644 101615.864 -24.187  34.347  44.415  27.903  27.531  2379472 ,63563506740181
7ef  27.996 101782.832 -38.048  44.464  45.628  27.635  27.593  2384972 ,63563506745680
7cd  28.074 101774.552 -37.361  18.875  45.147  27.700  27.625  2390452 ,63563506751160
8d4  27.668 101628.736 -25.254  33.935  44.247  27.914  27.562  2395952 ,63563506756661
7ef  28.008 101780.136 -37.821  44.570  45.666  27.625  27.593  2401452 ,63563506762160
7cd  28.086 101761.960 -36.315  16.632  45.284  27.710  27.625  2406932 ,63563506767641
8d4  27.656 101625.264 -24.969  33.325  44.376  27.914  27.562  2412431 ,63563506773141
7ef  27.996 101788.952 -38.556  44.815  45.902  27.539  27.500  2417931 ,63563506778642
7cd  28.086 101768.376 -36.849  19.149  45.254  27.721  27.656  2423411 ,63563506784120
8d4  27.680 101626.272 -25.054  33.721  44.346  27.925  27.593  2428911 ,63563506789621
7ef  28.014 101787.968 -38.471  44.754  46.032  27.550  27.531  2434411 ,63563506795121
7cd  28.099 101768.624 -36.870  15.777  45.147  27.721  27.656  2439891 ,63563506800600
8d4  27.674 101618.616 -24.414  32.989  44.376  27.946  27.593  2445391 ,63563506806101
7ef  28.026 101785.264 -38.249  44.921  45.864  27.582  27.562  2450891 ,63563506811601
7cd  28.092 101760.496 -36.193  15.457  45.185  27.732  27.656  2456371 ,63563506817080
8d4  27.680 101620.352 -24.562  33.355  44.277  27.957  27.593  2461871 ,63563506822581
7ef  28.056 101793.824 -38.957  44.799  45.902  27.582  27.562  2467371 ,63563506828081
7cd  28.111 101768.864 -36.886  16.342  45.322  27.764  27.687  2472851 ,63563506833560
8d4  27.698 101619.624 -24.499  33.645  44.209  27.957  27.593  2478351 ,63563506839061
7ef  28.044 101790.400 -38.672  44.937  45.963  27.550  27.531  2483851 ,63563506844561
7cd  28.123 101765.896 -36.643  16.723  45.307  27.775  27.687  2489331 ,63563506850040
8d4  27.741 101625.832 -25.017  32.424  44.277  27.957  27.625  2494831 ,63563506855541
7ef  28.050 101785.976 -38.307  44.799  46.062  27.582  27.562  2500330 ,63563506861041
7cd  28.117 101760.968 -36.230  18.936  45.239  27.785  27.687  2505810 ,63563506866521
8d4  27.778 101633.272 -25.635  34.042  44.277  27.968  27.656  2511310 ,63563506872021
7ef  28.044 101790.400 -38.672  44.692  45.963  27.582  27.562  2516810 ,63563506877521
7cd  28.123 101769.104 -36.907  17.425  45.116  27.764  27.687  2522290 ,63563506883001
8d4  27.765 101626.832 -25.101  33.859  44.209  27.989  27.656  2527790 ,63563506888501
7ef  28.020 101795.816 -39.121  44.601  45.963  27.592  27.593  2533290 ,63563506894001
7cd  28.129 101761.200 -36.252  18.386  45.353  27.753  27.687  2538770 ,63563506899481
8d4  27.784 101626.120 -25.038  33.187  44.178  27.989  27.656  2544270 ,63563506904981
7ef  28.026 101791.392 -38.756  44.052  45.834  27.603  27.593  2549770 ,63563506910481
7cd  28.099 101768.624 -36.870  18.737  45.383  27.743  27.687  2555250 ,63563506915961
8d4  27.778 101621.424 -24.652  34.072  44.109  28.000  27.656  2560750 ,63563506921461
7ef  28.038 101788.680 -38.534  43.960  45.696  27.603  27.593  2566250 ,63563506926961
7cd  28.074 101764.944 -36.563  17.517  45.322  27.764  27.687  2571750 ,63563506932461
8d4  27.826 101635.264 -25.799  33.203  44.109  28.011  27.687  2577250 ,63563506937961
7ef  28.081 101794.528 -39.015  43.777  45.696  27.582  27.593  2582749 ,63563506943461
7cd  28.099 101765.424 -36.600  18.035  45.216  27.764  27.718  2588229 ,63563506948941
8d4  27.778 101621.424 -24.652  33.584  44.109  28.021  27.656  2593729 ,63563506954441
7ef  28.093 101794.896 -39.047  44.113  45.628  27.582  27.593  2599229 ,63563506959941
7cd  28.099 101768.624 -36.870  17.654  45.086  27.785  27.718  2604709 ,63563506965421
8d4  27.802 101628.336 -25.223  34.622  44.178  28.021  27.687  2610209 ,63563506970921
7ef  28.105 101789.120 -38.566  44.692  45.567  27.603  27.593  2615709 ,63563506976422
7cd  28.117 101764.176 -36.500  17.639  45.109  27.796  27.718  2621209 ,63563506981921
8d4  27.826 101632.296 -25.550  32.714  44.178  28.032  27.687  2626709 ,63563506987421
7ef  28.093 101791.840 -38.793  44.769  45.521  27.657  27.656  2632209 ,63563506992922
7cd  28.129 101770.816 -37.049  16.876  45.139  27.839  27.750  2637689 ,63563506998401
8d4  27.826 101635.264 -25.799  33.645  44.163  28.043  27.687  2643189 ,63563507003903
7ef  28.056 101793.824 -38.957  44.769  45.452  27.689  27.656  2648709 ,63563507009424
7cd  28.123 101775.520 -37.441  19.180  45.147  27.764  27.718  2654189 ,63563507014901
8d4  27.832 101625.144 -24.958  34.454  44.132  28.054  27.687  2659689 ,63563507020401
7ef  28.044 101778.136 -37.657  44.799  45.322  27.753  27.687  2665188 ,63563507025901
7cd  28.135 101769.352 -36.928  18.493  45.139  27.796  27.750  2670668 ,63563507031381
8d4  27.838 101626.880 -25.101  34.179  44.163  28.054  27.718  2676168 ,63563507036881
7ef  28.020 101783.560 -38.106  44.799  45.216  27.796  27.718  2681668 ,63563507042381
7cd  28.135 101759.736 -36.130  19.134  45.208  27.839  27.750  2687148 ,63563507047861
8d4  27.844 101628.616 -25.244  33.432  44.102  28.064  27.718  2692648 ,63563507053361
7ef  28.008 101795.456 -39.095  44.845  45.139  27.818  27.718  2698148 ,63563507058862
7cd  28.154 101761.680 -36.294  18.066  45.170  27.850  27.750  2703628 ,63563507064342
8d4  27.851 101627.384 -25.143  33.660  44.102  28.064  27.718  2709128 ,63563507069841
7ef  28.026 101803.648 -39.771  44.815  45.322  27.785  27.687  2714628 ,63563507075342
8d4  27.863 101630.840 -25.434  34.317  44.132  28.086  27.718  2725628 ,63563507086341
7ef  28.056 101784.632 -38.196  44.860  45.307  27.828  27.718  2731128 ,63563507091842
7cd  28.166 101768.336 -36.843  17.593  45.139  27.839  27.781  2736608 ,63563507097321
7ef  28.081 101794.528 -39.015  44.998  45.452  27.796  27.718  2747608 ,63563507108322
7cd  28.197 101773.744 -37.293  18.371  45.170  27.839  27.781  2753087 ,63563507113801
8d4  27.899 101635.312 -25.804  33.599  44.102  28.096  27.750  2758587 ,63563507119303
7ef  28.117 101795.616 -39.105  45.028  45.521  27.796  27.718  2764087 ,63563507124802
7cd  28.184 101770.288 -37.007  18.585  45.277  27.839  27.781  2769567 ,63563507130281
8d4  27.851 101633.320 -25.635  33.416  43.995  28.107  27.750  2775067 ,63563507135781
7ef  28.105 101801.368 -39.586  45.074  45.689  27.753  27.687  2780567 ,63563507141282
7cd  28.184 101773.504 -37.271  17.181  45.170  27.861  27.781  2786047 ,63563507146762
8d4  27.826 101632.296 -25.550  34.255  44.033  28.096  27.750  2791547 ,63563507152261
7ef  28.153 101793.608 -38.941  43.579  45.925  27.721  27.687  2797047 ,63563507157762
7cd  28.209 101777.176 -37.578  16.464  45.170  27.871  27.781  2802527 ,63563507163242
8d4  27.851 101627.384 -25.143  34.439  44.132  28.075  27.750  2808027 ,63563507168741
7ef  28.166 101800.104 -39.480  43.334  45.925  27.710  27.687  2813527 ,63563507174242
7cd  28.227 101769.528 -36.944  18.753  45.139  27.893  27.812  2819007 ,63563507179722
8d4  27.887 101634.816 -25.762  33.721  44.201  28.086  27.750  2824507 ,63563507185221
7ef  28.166 101797.032 -39.227  43.228  45.719  27.743  27.718  2830007 ,63563507190722
7cd  28.233 101777.648 -37.615  10.650  45.139  27.925  27.843  2835486 ,63563507196202
8d4  27.857 101640.976 -26.274  19.439  44.033  28.107  27.750  2840986 ,63563507201702
7ef  28.153 101799.752 -39.449  26.550  45.826  27.732  27.718  2846486 ,63563507207201
7cd  28.221 101777.416 -37.599  10.848  45.139  27.914  27.843  2851986 ,63563507212702
8d4  27.857 101638.008 -26.026  19.699  44.201  28.096  27.750  2857486 ,63563507218202
7ef  28.178 101794.312 -38.999  42.434  45.925  27.732  27.718  2862986 ,63563507223701
7cd  28.221 101767.800 -36.801  17.135  45.139  27.914  27.843  2868466 ,63563507229182
8d4  27.893 101639.504 -26.147  32.745  44.163  28.096  27.750  2873966 ,63563507234682
7ef  28.196 101793.312 -38.915  41.671  45.719  27.764  27.750  2879466 ,63563507240181
7cd  28.246 101771.488 -37.108  16.998  45.071  27.903  27.812  2884946 ,63563507245662
8d4  27.863 101636.768 -25.925  31.448  44.102  28.107  27.750  2890446 ,63563507251162
7ef  28.196 101790.240 -38.661  42.861  45.589  27.775  27.750  2895946 ,63563507256661
7cd  28.221 101771.000 -37.065  17.288  45.071  27.871  27.812  2901426 ,63563507262142
8d4  27.881 101641.960 -26.354  31.997  44.163  28.096  27.750  2906926 ,63563507267642
7ef  28.202 101804.208 -39.819  43.045  45.689  27.775  27.750  2912426 ,63563507273141
7cd  28.233 101780.856 -37.884  14.129  45.208  27.871  27.812  2917905 ,63563507278622
8d4  27.875 101631.336 -25.471  32.165  44.201  28.086  27.750  2923405 ,63563507284122
7ef  28.141 101799.384 -39.422  43.273  45.589  27.807  27.750  2928905 ,63563507289622
7cd  28.227 101766.320 -36.680  18.218  45.307  27.850  27.812  2934385 ,63563507295102
8d4  27.863 101639.728 -26.169  32.791  44.270  28.096  27.750  2939885 ,63563507300602
7ef  28.147 101791.888 -38.799  42.922  45.658  27.785  27.750  2945385 ,63563507306102
7cd  28.246 101781.104 -37.900  16.876  45.406  27.850  27.812  2950865 ,63563507311582
8d4  27.851 101621.472 -24.652  32.012  44.300  28.096  27.750  2956365 ,63563507317082
7ef  28.172 101792.616 -38.857  41.961  45.658  27.785  27.750  2961865 ,63563507322582
7cd  28.246 101777.888 -37.636  16.616  45.376  27.882  27.843  2967345 ,63563507328062
8d4  27.875 101628.368 -25.228  32.028  44.300  28.107  27.750  2972845 ,63563507333562
7ef  28.178 101803.512 -39.760  41.931  45.788  27.721  27.718  2978345 ,63563507339062
7cd  28.239 101782.584 -38.027  15.350  45.307  27.871  27.843  2983825 ,63563507344542
8d4  27.857 101629.128 -25.286  32.852  44.270  28.118  27.750  2989325 ,63563507350042
7ef  28.202 101791.952 -38.804  41.809  45.887  27.710  27.718  2994825 ,63563507355542
7cd  28.258 101784.536 -38.191  13.809  45.376  27.871  27.843  3000304 ,63563507361023
8d4  27.881 101630.112 -25.371  27.755  44.231  28.107  27.750  3005804 ,63563507366522
7ef  28.214 101816.832 -40.865  35.552  45.856  27.721  27.718  3011304 ,63563507372022
7cd  28.282 101775.400 -37.430  15.701  45.307  27.903  27.875  3016784 ,63563507377502
8d4  27.863 101624.920 -24.937  27.099  44.201  28.107  27.750  3022284 ,63563507383002
7ef  28.196 101784.128 -38.154  35.873  45.689  27.775  27.750  3027784 ,63563507388502
7cd  28.307 101785.488 -38.265  13.168  45.208  27.936  27.875  3033264 ,63563507393982
8d4  27.887 101631.848 -25.513  27.252  44.399  28.118  27.781  3038764 ,63563507399484
7ef  28.232 101794.376 -39.005  36.270  45.658  27.775  27.750  3044264 ,63563507404982
7cd  28.319 101772.888 -37.224  17.608  45.170  27.946  27.906  3049744 ,63563507410462
8d4  27.887 101640.752 -26.253  31.982  44.369  28.129  27.781  3055244 ,63563507415962
7ef  28.232 101806.640 -40.019  42.587  45.582  27.828  27.812  3060744 ,63563507421462
7cd  28.294 101769.216 -36.917  18.127  45.208  27.936  27.906  3066224 ,63563507426942
8d4  27.905 101631.112 -25.455  31.600  44.270  28.139  27.781  3071724 ,63563507432442
7ef  28.220 101797.088 -39.227  42.251  45.589  27.807  27.781  3077224 ,63563507437942
7cd  28.294 101782.040 -37.980  15.106  45.139  27.936  27.906  3082704 ,63563507443422
8d4  27.917 101631.600 -25.492  31.005  44.231  28.129  27.781  3088203 ,63563507448922
7ef  28.214 101795.384 -39.089  40.664  45.689  27.710  27.718  3093703 ,63563507454422
7cd  28.301 101770.936 -37.060  17.929  45.071  27.936  27.906  3099183 ,63563507459902
8d4  27.911 101641.736 -26.338  31.646  44.270  28.139  27.781  3104683 ,63563507465403
7ef  28.208 101793.672 -38.947  40.603  45.956  27.667  27.687  3110183 ,63563507470902
7cd  28.325 101774.608 -37.367  15.045  45.139  27.957  27.906  3115663 ,63563507476382
8d4  27.924 101633.344 -25.640  31.860  44.300  28.139  27.812  3121163 ,63563507481883
7ef  28.202 101798.080 -39.311  41.259  45.956  27.657  27.656  3126663 ,63563507487382
7cd  28.319 101776.096 -37.488  17.776  45.170  27.936  27.906  3132143 ,63563507492877
8d4  27.930 101638.032 -26.031  31.463  44.300  28.150  27.812  3137643 ,63563507498363
7ef  28.208 101793.672 -38.947  41.687  46.062  27.614  27.656  3143143 ,63563507503864
7cd  28.343 101782.976 -38.059  16.006  45.139  27.936  27.906  3148623 ,63563507509343
7ef  28.208 101787.544 -38.439  42.099  46.055  27.689  27.718  3159623 ,63563507520343
7cd  28.331 101776.336 -37.509  15.991  45.277  27.979  27.937  3165103 ,63563507525822
8d4  27.966 101630.640 -25.413  31.845  44.369  28.129  27.812  3170602 ,63563507531323
7cd  28.362 101781.720 -37.953  15.594  45.162  28.021  27.937  3181582 ,63563507542302
8d4  27.972 101641.256 -26.295  31.036  44.300  28.161  27.812  3187082 ,63563507547802
7ef  28.214 101798.448 -39.343  40.710  45.994  27.732  27.718  3192582 ,63563507553303
7cd  28.368 101777.032 -37.567  16.983  45.033  28.021  27.937  3198062 ,63563507558782
8d4  27.984 101641.744 -26.338  30.487  44.300  28.182  27.843  3203562 ,63563507564282
7ef  28.226 101792.672 -38.862  41.336  45.956  27.743  27.750  3209062 ,63563507569783
7cd  28.380 101774.048 -37.319  17.944  45.063  28.021  27.968  3214542 ,63563507575263
8d4  27.984 101644.712 -26.581  30.960  44.270  28.193  27.843  3220042 ,63563507580762
7ef  28.226 101798.808 -39.369  41.809  45.856  27.796  27.781  3225542 ,63563507586263
7cd  28.374 101778.744 -37.710  16.662  45.200  28.021  27.968  3231022 ,63563507591743
8d4  28.009 101639.784 -26.174  31.768  44.323  28.214  27.843  3236522 ,63563507597242
7ef  28.184 101796.024 -39.142  40.359  45.681  27.871  27.812  3242022 ,63563507602743
7cd  28.386 101772.560 -37.192  15.625  45.101  28.000  27.937  3247502 ,63563507608223
8d4  28.021 101637.312 -25.968  32.241  44.231  28.214  27.875  3253002 ,63563507613723
senddatacnf error! 0xe1,63563507613758
idx: 1 backoff: 2 ,63563507625738
7cd  28.392 101774.272 -37.335  13.381  45.200  28.000  27.968  3270501 ,63563507631223
8d4  28.009 101636.824 -25.925  31.600  44.292  28.214  27.875  3276001 ,63563507636723
7ef  28.172 101795.688 -39.116  41.854  45.544  27.914  27.843  3281501 ,63563507642223
7cd  28.392 101780.688 -37.869  18.188  45.300  28.000  27.937  3287001 ,63563507647722
8d4  28.021 101640.272 -26.216  31.280  44.224  28.214  27.875  3292501 ,63563507653223
7ef  28.178 101803.512 -39.760  36.895  45.582  27.925  27.843  3298001 ,63563507658723
7cd  28.386 101782.176 -37.995  13.259  45.231  27.979  27.937  3303481 ,63563507664202
8d4  27.997 101642.248 -26.380  30.029  44.254  28.214  27.875  3308981 ,63563507669704
7ef  28.172 101798.744 -39.364  42.144  45.612  27.946  27.875  3314481 ,63563507675203
7cd  28.392 101777.488 -37.604  18.707  45.239  27.979  27.937  3319961 ,63563507680683
8d4  28.015 101647.432 -26.808  32.775  44.292  28.214  27.875  3325461 ,63563507686183
7ef  28.160 101810.648 -40.352  41.763  45.467  27.989  27.875  3330961 ,63563507691683
7cd  28.405 101780.928 -37.890  18.325  45.467  28.000  27.968  3336461 ,63563507697183
8d4  28.027 101636.072 -25.867  31.036  44.254  28.214  27.875  3341960 ,63563507702683
7ef  28.196 101799.448 -39.422  40.954  45.475  27.968  27.875  3347460 ,63563507708183
7cd  28.392 101790.304 -38.667  17.608  45.368  28.011  27.968  3352940 ,63563507713663
8d4  28.033 101637.808 -26.010  31.951  44.254  28.214  27.875  3358440 ,63563507719163
7ef  28.226 101795.744 -39.116  42.053  45.475  27.936  27.875  3363940 ,63563507724663
7cd  28.386 101785.392 -38.260  18.402  45.445  27.968  27.937  3369420 ,63563507730143
8d4  28.015 101656.312 -27.548  31.860  44.292  28.214  27.875  3374940 ,63563507735664
7ef  28.251 101799.504 -39.428  41.717  45.582  27.925  27.875  3380440 ,63563507741163
7cd  28.386 101782.176 -37.995  19.119  45.445  27.914  27.906  3385920 ,63563507746643
8d4  27.960 101643.720 -26.502  30.975  44.422  28.214  27.843  3391420 ,63563507752143
7ef  28.263 101793.728 -38.952  42.495  45.475  27.979  27.906  3396920 ,63563507757643
7cd  28.392 101783.896 -38.133  17.929  45.506  27.925  27.937  3402400 ,63563507763123
8d4  27.997 101639.280 -26.132  31.997  44.392  28.214  27.875  3407900 ,63563507768624
7ef  28.281 101795.784 -39.121  37.811  45.437  28.000  27.906  3413400 ,63563507774123
7cd  28.405 101774.504 -37.356  14.312  45.376  27.979  27.968  3418880 ,63563507779603
8d4  28.003 101641.016 -26.274  30.059  44.292  28.214  27.875  3424379 ,63563507785103
7ef  28.287 101803.632 -39.771  38.665  45.445  27.968  27.906  3429879 ,63563507790603
7cd  28.423 101779.672 -37.784  16.571  45.231  28.032  27.968  3435359 ,63563507796083
8d4  28.009 101642.752 -26.422  33.462  44.224  28.214  27.875  3440859 ,63563507801583
7ef  28.311 101804.328 -39.829  42.587  45.475  27.957  27.906  3446359 ,63563507807083
7cd  28.429 101781.392 -37.927  17.654  45.231  28.021  27.968  3451839 ,63563507812563
8d4  27.997 101639.280 -26.132  33.203  44.292  28.214  27.875  3457339 ,63563507818064
7ef  28.293 101796.136 -39.153  43.991  45.612  27.903  27.875  3462839 ,63563507823563
7cd  28.441 101784.832 -38.212  15.838  45.300  28.043  28.000  3468319 ,63563507829043
8d4  27.984 101638.784 -26.089  33.096  44.224  28.214  27.875  3473819 ,63563507834543
7ef  28.299 101794.784 -39.036  44.876  45.811  27.850  27.843  3479319 ,63563507840044
7cd  28.441 101772.000 -37.150  16.815  45.231  28.054  28.000  3484799 ,63563507845523
8d4  28.021 101643.240 -26.459  34.118  44.224  28.214  27.875  3490299 ,63563507851023
7ef  28.311 101804.328 -39.829  43.289  45.712  27.882  27.875  3495799 ,63563507856524
7cd  28.429 101774.976 -37.393  15.640  45.231  28.054  28.000  3501279 ,63563507862003
8d4  27.954 101639.024 -26.110  29.983  44.323  28.214  27.875  3506778 ,63563507867503
7ef  28.336 101801.960 -39.634  43.701  45.513  27.925  27.906  3512278 ,63563507873004
7cd  28.441 101781.624 -37.948  17.974  45.300  28.054  28.000  3517758 ,63563507878483
8d4  27.948 101649.160 -26.951  33.599  44.323  28.214  27.843  3523258 ,63563507883983
7ef  28.305 101793.424 -38.925  45.059  45.399  28.021  27.937  3528758 ,63563507889484
7cd  28.441 101775.208 -37.414  17.211  45.330  28.054  28.000  3534238 ,63563507894964
8d4  27.997 101642.248 -26.380  33.798  44.369  28.214  27.875  3539738 ,63563507900463
7ef  28.336 101798.896 -39.380  45.333  45.414  27.989  27.937  3545238 ,63563507905964
7cd  28.429 101768.568 -36.865  18.356  45.261  28.086  28.031  3550718 ,63563507911443
8d4  28.033 101649.664 -26.993  33.126  44.323  28.214  27.875  3556218 ,63563507916943
7ef  28.329 101797.192 -39.237  44.937  45.437  28.000  27.937  3561718 ,63563507922444
7cd  28.441 101778.416 -37.678  17.379  45.101  28.096  28.031  3567198 ,63563507927924
8d4  28.039 101639.520 -26.153  34.805  44.292  28.214  27.906  3572698 ,63563507933423
7ef  28.336 101798.896 -39.380  44.540  45.300  28.032  27.968  3578198 ,63563507938924
7cd  28.447 101773.712 -37.287  17.364  45.033  28.096  28.031  3583678 ,63563507944404
8d4  28.027 101647.920 -26.850  35.003  44.254  28.214  27.906  3589178 ,63563507949903
7ef  28.323 101795.480 -39.095  44.799  45.269  28.043  27.968  3594677 ,63563507955403
7cd  28.454 101781.840 -37.964  17.303  45.132  28.086  28.031  3600157 ,63563507960884
8d4  28.033 101649.664 -26.993  33.660  44.254  28.214  27.875  3605657 ,63563507966383
7ef  28.311 101807.400 -40.083  45.196  45.300  28.075  28.000  3611157 ,63563507971883
7cd  28.460 101789.984 -38.640  16.891  45.261  28.107  28.031  3616637 ,63563507977364
26.850  33.950  44.186  28.214  27.906  3622137 ,63563507982868
7ef  28.299 101800.904 -39.544  44.708  45.170  28.118  28.000  3627637 ,63563507988366
7cd  28.478 101788.720 -38.534  16.159  45.162  28.107  28.031  3633117 ,63563507993844
8d4  28.045 101641.248 -26.295  34.698  44.254  28.214  27.906  3638617 ,63563507999344
7cd  28.490 101788.944 -38.556  17.913  45.132  28.107  28.062  3649597 ,63563508010324
8d4  28.033 101640.776 -26.258  34.500  44.254  28.225  27.906  3655097 ,63563508015824
7ef  28.305 101799.552 -39.433  44.616  45.170  28.129  28.000  3660597 ,63563508021323
7cd  28.478 101782.304 -38.001  17.745  45.162  28.086  28.031  3666077 ,63563508026804
8d4  28.076 101655.832 -27.506  33.782  44.186  28.236  27.906  3671577 ,63563508032304
7ef  28.323 101801.608 -39.602  44.998  45.200  28.139  28.031  3677076 ,63563508037803
7cd  28.478 101782.304 -38.001  18.676  45.200  28.107  28.062  3682556 ,63563508043284
8d4  28.039 101645.456 -26.644  34.011  44.155  28.247  27.906  3688056 ,63563508048784
7ef  28.372 101809.136 -40.231  45.089  45.200  28.118  28.031  3693556 ,63563508054283
7cd  28.502 101779.552 -37.773  18.905  45.162  28.107  28.062  3699036 ,63563508059770
8d4  28.039 101648.424 -26.893  34.698  44.224  28.257  27.906  3704536 ,63563508065274
7ef  28.360 101805.720 -39.945  45.333  45.101  28.118  28.031  3710036 ,63563508070768
7cd  28.502 101785.968 -38.307  17.669  45.162  28.075  28.031  3715516 ,63563508076244
8d4  28.045 101647.168 -26.787  34.774  44.186  28.268  27.937  3721016 ,63563508081744
7ef  28.342 101800.600 -39.523  44.097  45.033  28.150  28.031  3726516 ,63563508087244
7cd  28.496 101787.464 -38.429  17.471  45.231  28.107  28.062  3731996 ,63563508092724
8d4  28.039 101639.520 -26.153  33.966  44.224  28.268  27.937  3737496 ,63563508098224
7ef  28.336 101805.032 -39.887  44.754  45.033  28.129  28.031  3742996 ,63563508103724
7cd  28.496 101781.040 -37.900  17.440  45.162  28.096  28.062  3748476 ,63563508109204
8d4  28.045 101641.248 -26.295  33.920  44.224  28.225  27.906  3753976 ,63563508114704
7ef  28.360 101802.664 -39.692  44.494  45.269  28.086  28.000  3759475 ,63563508120204
7cd  28.490 101782.528 -38.022  17.623  45.231  28.075  28.031  3764955 ,63563508125684
8d4  28.100 101642.000 -26.359  34.790  44.224  28.225  27.937  3770475 ,63563508131204
7ef  28.384 101806.424 -40.004  44.128  45.300  28.075  28.000  3775975 ,63563508136704
7cd  28.484 101787.232 -38.413  17.913  45.261  28.043  28.031  3781455 ,63563508142184
8d4  28.118 101650.136 -27.035  34.667  44.224  28.247  27.937  3786955 ,63563508147684
7ef  28.408 101800.984 -39.554  43.701  45.338  28.086  28.031  3792455 ,63563508153184
7cd  28.515 101786.184 -38.323  16.510  45.261  28.064  28.031  3797935 ,63563508158664
8d4  28.106 101652.616 -27.241  33.950  44.224  28.257  27.937  3803435 ,63563508164164
7ef  28.402 101805.424 -39.919  43.685  45.338  28.075  28.000  3808935 ,63563508169664
7cd  28.502 101779.552 -37.773  19.088  45.231  28.086  28.062  3814415 ,63563508175144
8d4  28.094 101652.120 -27.199  33.737  44.224  28.290  27.968  3819915 ,63563508180644
7ef  28.439 101803.392 -39.750  44.174  45.269  28.096  28.031  3825415 ,63563508186144
7cd  28.521 101787.912 -38.466  17.105  45.162  28.129  28.093  3830895 ,63563508191624
8d4  28.106 101652.616 -27.241  34.545  44.254  28.279  27.968  3836395 ,63563508197124
7ef  28.469 101799.648 -39.443  44.723  45.231  28.107  28.031  3841895 ,63563508202624
7cd  28.527 101792.840 -38.878  17.227  45.162  28.129  28.093  3847374 ,63563508208104
8d4  28.082 101651.632 -27.157  34.744  44.155  28.290  27.937  3852874 ,63563508213604
7ef  28.493 101806.480 -40.009  44.265  45.200  28.150  28.062  3858394 ,63563508219124
7cd  28.527 101805.672 -39.940  17.425  45.162  28.118  28.062  3863874 ,63563508224604
8d4  28.069 101648.168 -26.871  34.133  44.186  28.290  27.937  3869374 ,63563508230104
7ef  28.517 101804.112 -39.813  43.914  45.063  28.139  28.062  3874894 ,63563508235624
7cd  28.527 101789.632 -38.614  17.089  45.231  28.107  28.062  3880374 ,63563508241104
8d4  28.088 101647.432 -26.808  33.813  44.155  28.279  27.937  3885874 ,63563508246604
7ef  28.511 101811.600 -40.432  43.746  45.300  28.064  28.031  3891374 ,63563508252104
7cd  28.509 101768.440 -36.854  16.494  45.231  28.129  28.093  3896854 ,63563508257584
8d4  28.094 101649.160 -26.951  34.469  44.155  28.290  27.968  3902354 ,63563508263085
7ef  28.505 101797.624 -39.274  43.289  45.437  28.043  28.031  3907854 ,63563508268584
7cd  28.515 101782.992 -38.059 153.579  45.254  28.161  28.093  3913334 ,63563508274064
8d4  28.155 101660.504 -27.897  64.910  44.254  28.268  27.968  3918834 ,63563508279565
7ef  28.499 101808.168 -40.146 429.367  45.269  28.118  28.062  3924334 ,63563508285065
7cd  28.527 101796.064 -39.142 152.053  45.162  28.139  28.093  3929813 ,63563508290544
8d4  28.191 101653.088 -27.278  70.755  44.559  28.214  27.968  3935313 ,63563508296045
7ef  28.457 101805.448 -39.924 458.313  45.467  28.118  28.062  3940813 ,63563508301544
7cd  28.484 101784.024 -38.143 157.135  45.200  28.107  28.062  3946293 ,63563508307024
8d4  28.155 101657.544 -27.648  72.906  44.758  28.247  27.968  3951793 ,63563508312525
7ef  28.390 101801.992 -39.634 480.728  45.528  28.182  28.062  3957293 ,63563508318025
7cd  28.429 101791.016 -38.725 161.621  45.231  28.011  28.031  3962773 ,63563508323504
8d4  28.106 101655.568 -27.484  75.317  44.521  28.268  27.968  3968273 ,63563508329005
7ef  28.390 101811.192 -40.400 492.584  45.536  28.150  28.062  3973773 ,63563508334505
7cd  28.392 101790.304 -38.667 166.641  45.467  28.021  28.031  3979253 ,63563508339984
8d4  28.039 101645.456 -26.644  79.391  44.689  28.225  27.937  3984753 ,63563508345487
7ef  28.396 101797.568 -39.269 514.038  45.673  28.107  28.031  3990253 ,63563508350985
7cd  28.288 101786.728 -38.371 169.815  45.467  28.064  28.031  3995733 ,63563508356467
8d4  28.045 101650.144 -27.035  81.527  44.827  28.257  27.968  4001233 ,63563508361964
7ef  28.402 101808.488 -40.173 519.729  45.673  28.032  28.000  4006733 ,63563508367465
7cd  28.239 101782.584 -38.027 170.043  45.422  28.129  28.031  4012212 ,63563508372944
8d4  28.021 101655.088 -27.447  76.126  44.559  28.247  27.937  4017712 ,63563508378444
7ef  28.390 101808.136 -40.146 535.400  45.750  27.946  27.937  4023212 ,63563508383945
7cd  28.270 101797.600 -39.269 175.460  45.437  28.075  28.000  4028692 ,63563508389424
8d4  28.009 101654.592 -27.405  79.116  44.796  28.247  27.968  4034192 ,63563508394924
7ef  28.396 101806.776 -40.035 547.378  45.544  27.882  27.906  4039692 ,63563508400425
7cd  28.282 101794.632 -39.026 178.283  45.536  27.989  27.968  4045172 ,63563508405904
8d4  28.051 101648.928 -26.935  76.446  44.422  28.214  27.968  4050672 ,63563508411404
7ef  28.372 101812.200 -40.484 555.526  45.551  27.807  27.843  4056172 ,63563508416905
7cd  28.282 101791.432 -38.762 186.737  45.712  27.957  27.968  4061652 ,63563508422385
8d4  28.069 101662.984 -28.097  75.210  44.292  28.214  28.000  4067152 ,63563508427884
7ef  28.360 101805.720 -39.945 559.982  45.788  27.743  27.812  4072652 ,63563508433385
7cd  28.172 101792.496 -38.846 188.766  45.506  27.979  27.968  4078132 ,63563508438865
8d4  28.057 101650.648 -27.078  76.782  44.422  28.214  27.968  4083632 ,63563508444365
7ef  28.323 101804.672 -39.861 566.085  45.788  27.710  27.781  4089132 ,63563508449865
7cd  28.184 101789.528 -38.603 190.856  45.612  27.914  27.906  4094612 ,63563508455345
7ef  28.287 101812.824 -40.532 575.027  45.719  27.678  27.781  4105611 ,63563508466345
7cd  28.172 101786.080 -38.318 197.204  45.681  27.871  27.875  4111091 ,63563508471825
