7cd  24.440 101665.584 -28.314 371.917  52.326  24.568  24.312  162678 
8d4  25.085 101535.680 -17.523  76.370  50.030  25.201  24.937  163218 
7ef  24.838 101681.832 -29.667 280.090  52.212  24.675  24.468  165678 
7cd  24.483 101674.808 -29.080 369.659  52.387  24.589  24.343  168178 
7ef  24.882 101697.120 -30.935 277.038  52.181  24.686  24.500  171178 
7cd  24.521 101672.712 -28.906 369.934  52.181  24.600  24.375  173678 
8d4  25.153 101537.448 -17.671  74.325  50.236  25.147  24.968  176678 ,63562899455864
7ef  24.943 101690.288 -30.370 274.276  52.212  24.729  24.531  179178 ,63562899458367
7cd  24.571 101667.776 -28.499 365.875  51.945  24.611  24.406  182178 
8d4  25.184 101531.544 -17.180  70.724  50.198  25.115  24.937  184678 
7ef  24.974 101686.864 -30.084 273.757  52.296  24.707  24.531  187678 
7cd  24.634 101675.904 -29.175 369.628  52.090  24.622  24.437  190178 ,63562899469368
8d4  25.221 101533.312 -17.328  70.251  50.533  25.083  24.937  193178 ,63562899472363
7ef  25.018 101689.984 -30.343 279.205  52.097  24.675  24.531  195678 
7cd  24.696 101674.496 -29.059 365.097  52.410  24.675  24.500  198678 ,63562899477863
8d4  25.277 101528.568 -16.931  69.351  50.602  25.104  24.968  201178 ,63562899480364
7ef  25.055 101673.096 -28.938 278.625  52.181  24.707  24.562  204178 
7cd  24.746 101669.552 -28.647 364.410  52.235  24.697  24.531  206678 
8d4  25.332 101541.504 -18.009  77.911  50.396  25.158  25.031  209678 
7ef  25.129 101694.080 -30.682 282.363  52.296  24.740  24.625  212178 ,63562899491363
7cd  24.802 101666.352 -28.378 374.801  52.235  24.718  24.562  215178 
8d4  25.375 101530.272 -17.074  81.771  50.365  25.190  25.062  217678 ,63562899496869
7ef  25.191 101684.168 -29.857 281.250  52.265  24.782  24.656  220678 
7cd  24.846 101675.504 -29.138 373.748  52.120  24.740  24.625  223177 
8d4  25.449 101533.728 -17.365  80.322  51.006  25.265  25.125  226177 ,63562899505363
7ef  25.228 101688.544 -30.222 271.652  52.326  24.804  24.687  228677 
7cd  24.890 101665.592 -28.314 368.789  51.678  24.729  24.625  231677 
8d4  25.499 101536.032 -17.555  74.813  51.098  25.372  25.187  234177 
7ef  25.289 101684.672 -29.899 274.826  52.265  24.858  24.781  237177 ,63562899516367
7cd  24.971 101669.432 -28.636 366.790  51.968  24.740  24.656  239677 
8d4  25.493 101534.288 -17.407  75.744  51.098  25.415  25.250  242677 
7ef  25.345 101691.248 -30.449 276.840  52.151  24.922  24.843  245177 
7cd  25.027 101672.560 -28.895 369.796  52.029  24.815  24.718  248177 
8d4  25.456 101532.544 -17.264  78.506  51.296  25.469  25.281  250677 
7ef  25.388 101682.160 -29.693 280.075  51.945  24.986  24.875  253677 
7cd  25.089 101677.440 -29.302 373.825  51.968  24.890  24.781  256177 
8d4  25.493 101540.176 -17.898  80.429  51.205  25.544  25.343  259177 
7ef  25.450 101690.456 -30.380 279.632  51.823  25.040  24.937  261677 
7cd  25.133 101680.208 -29.530 374.267  52.113  24.933  24.843  264677 ,63562899543863
8d4  25.536 101543.664 -18.189  80.154  50.915  25.587  25.375  267177 
7ef  25.511 101692.640 -30.565 280.776  51.792  25.147  25.031  270177 
7cd  25.195 101675.528 -29.144 375.335  52.143  24.954  24.875  272677 ,63562899551863
senddatacnf error! 0xe1
8d4  25.573 101533.600 -17.354  76.217  50.846  25.630  25.406  275677 
7cd  25.233 101670.168 -28.695 368.698  52.143  24.954  24.875  281177 
8d4  25.653 101535.832 -17.539  73.562  50.968  25.630  25.437  286677 
7ef  25.622 101690.488 -30.386 275.054  51.769  25.190  25.093  292177 ,63562899571363
7cd  25.345 101673.160 -28.943 376.281  52.410  24.986  24.937  297677 ,63562899576863
8d4  25.696 101539.296 -17.824  85.098  50.610  25.716  25.500  303177 
7ef  25.696 101683.944 -29.841 283.721  51.823  25.254  25.156  308676 
7cd  25.432 101672.272 -28.869 386.672  52.441  25.040  25.031  314176 
8d4  25.813 101537.312 -17.660  85.861  50.610  25.780  25.562  319676 
7ef  25.733 101688.296 -30.201 288.467  51.762  25.372  25.281  325176 
7cd  25.544 101668.824 -28.584 399.063  52.174  25.115  25.125  330676 
idx: 0 backoff: 1 ,63562899621879
7ef  25.856 101686.496 -30.053 296.508  51.876  25.512  25.406  348176 ,63562899627364
7cd  25.687 101683.656 -29.815 409.545  52.349  25.169  25.187  353676 
8d4  25.985 101542.240 -18.067 104.385  50.472  25.919  25.718  359176 
7ef  25.967 101687.256 -30.116 282.302  52.166  25.619  25.500  364676 ,63562899643864
7cd  25.743 101667.544 -28.478 396.606  52.319  25.276  25.281  370176 
idx: 0 backoff: 2 ,63562899661379
7ef  26.096 101699.312 -31.115 284.408  52.113  25.737  25.625  387676 
7cd  25.867 101661.136 -27.944 384.567  52.197  25.447  25.406  393175 
8d4  26.139 101538.856 -17.787  92.819  50.060  25.973  25.812  398675 
7ef  26.194 101687.408 -30.127 303.710  51.815  25.855  25.718  404175 ,63562899683364
7cd  25.966 101669.992 -28.684 429.306  51.899  25.533  25.500  409675 
8d4  26.133 101545.960 -18.379  77.682  50.076  25.909  25.781  415175 ,63562899694364
7ef  26.261 101697.312 -30.951 299.346  51.662  25.984  25.812  420675 ,63562899699864
7cd  26.053 101672.144 -28.858 418.197  51.929  25.533  25.593  426175 
8d4  26.200 101541.624 -18.020 107.482  50.373  25.930  25.781  431675 
7ef  26.286 101692.032 -30.512 299.896  51.754  26.080  25.906  437175 
7cd  26.127 101680.352 -29.540 426.666  51.899  25.544  25.656  442675 
8d4  26.256 101530.832 -17.121 119.461  50.030  26.037  25.875  448175 
7ef  26.378 101693.592 -30.645 286.956  51.868  26.155  25.968  453675 
7cd  26.170 101686.200 -30.026 410.400  51.312  25.673  25.750  459175 
8d4  26.299 101540.128 -17.893 120.300  49.992  26.112  25.937  464675 
7ef  26.445 101694.320 -30.703 300.415  51.662  26.177  26.000  470175 
7cd  26.220 101665.064 -28.272 424.850  51.518  25.544  25.718  475674 
8d4  26.348 101545.264 -18.321 109.985  50.358  26.177  26.000  481174 
7ef  26.519 101690.648 -30.396 307.724  51.487  26.230  26.062  486674 
7cd  26.257 101672.344 -28.880 423.675  51.693  25.576  25.718  492174 ,63562899771364
8d4  26.397 101544.496 -18.258 120.162  49.725  26.262  26.062  497674 ,63562899776864
7ef  26.599 101694.808 -30.740 303.054  51.128  26.241  26.093  503174 
7cd  26.245 101678.432 -29.382 426.712  52.227  25.533  25.656  508674 
8d4  26.452 101542.520 -18.094 119.735  49.618  26.338  26.125  514174 
7ef  26.648 101687.248 -30.116 302.536  51.044  26.316  26.156  519674 
7cd  26.251 101667.400 -28.467 427.139  52.929  25.533  25.656  525174 
8d4  26.458 101535.424 -17.502 120.285  49.618  26.423  26.187  530674 
7ef  26.709 101692.304 -30.534 303.222  51.067  26.402  26.218  536174 
7cd  26.325 101675.568 -29.144 424.652  53.074  25.544  25.687  541674 ,63562899820864
8d4  26.507 101546.456 -18.421 122.070  49.648  26.423  26.218  547174 ,63562899826365
7ef  26.739 101679.560 -29.477 305.191  51.006  26.477  26.281  552674 ,63562899831864
7cd  26.400 101677.360 -29.292 427.154  52.753  25.630  25.781  558174 
8d4  26.550 101543.896 -18.210  99.578  49.541  26.541  26.281  563673 
7ef  26.788 101699.472 -31.131 295.089  51.098  26.531  26.343  569173 
7cd  26.455 101673.888 -29.006 405.090  52.486  25.758  25.875  574673 
8d4  26.532 101532.752 -17.280 120.941  50.076  26.616  26.343  580173 
7ef  26.843 101684.448 -29.884 311.981  51.159  26.541  26.343  585673 
7cd  26.560 101677.944 -29.345 430.450  52.341  25.930  25.968  591173 
idx: 0 backoff: 3 ,63562899882380
7ef  26.856 101681.800 -29.662 307.662  51.029  26.627  26.437  608673 
7cd  26.653 101678.504 -29.392 424.636  52.166  26.027  26.093  614173 
8d4  26.550 101540.944 -17.962 121.170  49.801  26.702  26.406  619673 
7ef  26.923 101688.536 -30.222 307.144  50.800  26.659  26.468  625173 
7cd  26.733 101672.368 -28.880 403.549  52.303  26.123  26.187  630673 
8d4  26.574 101544.984 -18.300  91.979  49.595  26.724  26.437  636173 
7ef  26.935 101695.040 -30.761 291.397  50.663  26.713  26.500  641673 
7cd  26.795 101680.176 -29.530 403.945  51.601  26.187  26.250  647172 
8d4  26.617 101545.400 -18.332  95.169  49.427  26.756  26.468  652672 
7ef  26.960 101686.656 -30.063 294.387  50.564  26.756  26.562  658172 ,63562899937365
7cd  26.857 101668.784 -28.584 402.175  51.334  26.295  26.343  663672 
8d4  26.636 101535.848 -17.539  95.458  49.427  26.799  26.500  669172 
7ef  27.021 101697.784 -30.988 295.669  50.594  26.734  26.562  674672 
7cd  26.894 101669.616 -28.652 402.359  51.098  26.327  26.375  680172 
8d4  26.654 101529.272 -16.995  94.985  49.564  26.831  26.531  685672 
7ef  26.960 101683.600 -29.810 306.686  50.663  26.734  26.593  691172 
7cd  26.900 101671.352 -28.795 423.217  51.838  26.252  26.343  696672 
8d4  26.685 101532.096 -17.227 111.907  49.458  26.863  26.562  702172 ,63562899981365
7ef  26.923 101688.536 -30.222 305.084  50.694  26.809  26.593  707672 
7cd  26.949 101659.672 -27.823 423.049  51.624  26.241  26.343  713172 
8d4  26.728 101541.360 -17.999 114.303  49.458  26.895  26.593  718672 
7ef  26.929 101687.200 -30.111 305.435  50.694  26.852  26.625  724172 
7cd  26.974 101660.216 -27.870 425.476  51.632  26.252  26.343  729671 
8d4  26.777 101528.696 -16.947 117.507  49.328  26.895  26.625  735171 
7ef  26.929 101681.096 -29.604 308.715  50.655  26.885  26.656  740671 
7cd  27.017 101659.576 -27.817 430.679  51.655  26.284  26.406  746171 
8d4  26.813 101536.216 -17.571 117.172  48.893  26.949  26.656  751671 ,63562900030865
7ef  26.972 101687.040 -30.095 306.747  50.587  26.917  26.687  757171 
7cd  27.060 101665.336 -28.293 430.099  51.128  26.348  26.468  762671 
8d4  26.844 101541.976 -18.046 118.118  48.481  27.024  26.687  768171 
7ef  27.015 101683.824 -29.831 311.859  50.755  26.949  26.718  773671 
7cd  27.085 101665.872 -28.341 429.962  50.976  26.370  26.500  779171 
8d4  26.862 101541.296 -17.993 117.660  48.512  27.024  26.718  784671 
7ef  27.094 101684.832 -29.915 306.854  50.625  26.938  26.750  790171 
7cd  27.109 101669.616 -28.652 429.794  51.067  26.380  26.500  795671 
8d4  26.874 101532.960 -17.301 117.523  48.481  27.045  26.750  801171 
7ef  27.204 101691.328 -30.454 310.104  50.358  26.949  26.781  806671 
7cd  27.153 101665.760 -28.330 430.267  50.907  26.391  26.500  812170 
8d4  26.911 101534.552 -17.433 117.156  48.748  27.045  26.781  817670 ,63562900096866
7ef  27.240 101686.368 -30.042 312.652  49.946  27.035  26.843  823170 
7cd  27.189 101666.568 -28.399 428.054  50.838  26.434  26.562  828670 
8d4  26.948 101530.216 -17.069 116.897  48.382  27.088  26.812  834170 
7ef  27.265 101684.072 -29.852 312.057  49.778  27.088  26.906  839670 
7cd  27.220 101665.632 -28.319 407.623  50.465  26.531  26.625  845170 ,63562900124365
8d4  26.972 101528.312 -16.910  95.672  48.412  27.099  26.812  850670 
7ef  27.301 101679.096 -29.440 299.789  50.381  27.099  26.937  856170 
7cd  27.263 101671.368 -28.795 407.363  50.335  26.574  26.656  861670 ,63562900140867
8d4  27.003 101531.112 -17.148  96.115  48.412  27.131  26.843  867170 
7ef  27.369 101685.768 -29.989 315.963  50.579  27.153  26.968  872670 
7cd  27.288 101652.704 -27.247 436.050  50.495  26.638  26.718  878170 
8d4  27.021 101539.288 -17.824 122.817  48.313  27.153  26.875  883670 
7ef  27.399 101676.000 -29.181 313.995  49.969  27.185  27.000  889170 
7cd  27.325 101669.488 -28.642 436.523  50.198  26.670  26.781  894670 
8d4  27.046 101543.288 -18.157 114.562  48.176  27.142  26.875  900169 ,63562900179366
7ef  27.387 101678.688 -29.403 310.531  49.572  27.238  27.062  905669 ,63562900184866
7cd  27.350 101663.616 -28.156 428.314  50.030  26.713  26.812  911169 
8d4  27.052 101536.168 -17.565 122.756  48.039  27.217  26.906  916669 
7ef  27.411 101679.440 -29.466 311.859  49.366  27.292  27.093  922169 ,63562900201367
7cd  27.386 101667.592 -28.483 432.281  49.862  26.745  26.843  927689 
8d4  27.082 101541.896 -18.041 111.907  47.833  27.228  26.937  933189 
7ef  27.472 101690.488 -30.386 306.518  49.541  27.281  27.093  938689 
7cd  27.423 101658.784 -27.749 427.459  49.511  26.820  26.906  944189 ,63562900223386
8d4  27.082 101527.112 -16.810 121.139  47.901  27.249  26.968  949689 
7ef  27.503 101686.832 -30.079 312.255  49.999  27.314  27.125  955189 
7cd  27.442 101657.576 -27.654 438.110  49.511  26.852  26.937  960689 
8d4  27.107 101539.984 -17.882 121.551  47.771  27.281  26.968  966189 
7ef  27.539 101691.008 -30.428 310.409  49.793  27.346  27.156  971689 
7cd  27.485 101663.280 -28.124 437.088  49.381  26.895  26.968  977189 
8d4  27.119 101537.560 -17.682 121.704  47.604  27.314  27.000  982688 
7ef  27.570 101687.360 -30.121 314.117  49.328  27.314  27.156  988188 
7cd  27.509 101666.992 -28.430 437.561  49.244  26.938  27.000  993688 
8d4  27.143 101541.552 -18.015 122.695  47.489  27.367  27.031  999188 
7ef  27.631 101680.016 -29.514 314.987  49.328  27.335  27.187  1004688 
7cd  27.540 101678.832 -29.413 439.071  49.038  26.949  27.031  1010188 
8d4  27.156 101533.192 -17.317 123.031  47.489  27.399  27.062  1015688 ,63562900294887
7ef  27.685 101689.344 -30.291 313.613  49.358  27.367  27.250  1021188 
7cd  27.559 101664.816 -28.251 437.652  48.908  26.960  27.062  1026688 
8d4  27.205 101535.288 -17.491 121.429  47.359  27.410  27.093  1032188 
7ef  27.704 101688.360 -30.206 311.691  49.259  27.399  27.281  1037688 
7cd  27.608 101662.624 -28.071 433.898  48.702  27.013  27.093  1043188 
8d4  27.217 101535.808 -17.534 121.215  47.092  27.442  27.125  1048688 
7ef  27.752 101686.752 -30.074 314.605  49.229  27.399  27.281  1054188 
7cd  27.632 101666.336 -28.378 439.025  48.740  27.045  27.125  1059688 ,63562900338888
8d4  27.229 101536.312 -17.576 121.887  47.291  27.453  27.125  1065187 
7ef  27.789 101681.728 -29.656 313.079  49.191  27.432  27.312  1070687 
7cd  27.663 101678.184 -29.360 440.200  49.038  27.056  27.125  1076187 
8d4  27.247 101544.488 -18.258 121.719  46.986  27.496  27.156  1081687 ,63562900360887
7ef  27.825 101692.000 -30.507 314.147  49.358  27.464  27.343  1087187 
7cd  27.669 101673.504 -28.975 439.132  48.977  27.045  27.156  1092687 
8d4  27.272 101545.520 -18.342 122.131  46.711  27.528  27.187  1098187 
7ef  27.819 101699.480 -31.131 316.604  48.916  27.550  27.406  1103687 
7cd  27.688 101659.472 -27.807 438.751  49.000  27.121  27.187  1109187 
8d4  27.290 101530.024 -17.053 116.271  46.642  27.571  27.218  1114687 
7ef  27.844 101691.016 -30.428 311.477  48.580  27.571  27.406  1120187 
7cd  27.718 101671.312 -28.790 433.746  48.794  27.131  27.218  1125707 ,63562900404908
8d4  27.339 101532.088 -17.227 116.867  46.742  27.571  27.250  1131207 
7ef  27.868 101685.624 -29.979 315.139  48.649  27.603  27.437  1136707 
7cd  27.761 101676.984 -29.260 432.861  49.030  27.142  27.250  1142207 
8d4  27.351 101529.632 -17.021 117.034  46.642  27.582  27.250  1147707 
7ef  27.874 101678.136 -29.360 316.238  48.817  27.625  27.468  1153206 
7cd  27.755 101662.448 -28.055 440.505  48.977  27.088  27.218  1158706 
8d4  27.375 101533.640 -17.354 122.070  46.513  27.592  27.281  1164226 
7ef  27.874 101675.072 -29.102 315.582  48.603  27.646  27.500  1169726 
7cd  27.780 101672.560 -28.895 441.177  49.030  27.110  27.218  1175226 
8d4  27.388 101531.176 -17.148 122.726  46.444  27.625  27.312  1180726 
7ef  27.910 101685.352 -29.958 316.741  48.641  27.646  27.500  1186226 
7cd  27.780 101669.352 -28.631 440.628  48.695  27.131  27.250  1191726 
8d4  27.394 101532.912 -17.296 121.475  46.444  27.646  27.312  1197226 
7ef  27.898 101681.920 -29.672 319.030  48.702  27.700  27.531  1202726 
7cd  27.804 101663.448 -28.140 443.588  48.626  27.185  27.281  1208226 ,63562900487428
8d4  27.412 101538.128 -17.729 124.328  46.612  27.646  27.343  1213726 
7ef  27.910 101691.480 -30.465 316.772  48.504  27.710  27.562  1219226 
7cd  27.841 101667.376 -28.467 444.290  48.595  27.217  27.312  1224726 
8d4  27.424 101541.600 -18.015 122.528  46.612  27.678  27.343  1230226 
7ef  27.923 101688.784 -30.243 316.116  48.939  27.732  27.562  1235725 
7cd  27.872 101663.184 -28.119 442.977  48.321  27.314  27.375  1241225 ,63562900520429
8d4  27.436 101542.104 -18.057 123.626  46.299  27.721  27.375  1246725 
7ef  27.904 101689.768 -30.322 319.915  48.206  27.775  27.593  1252225 ,63562900531428
7cd  27.890 101671.568 -28.811 438.156  48.153  27.399  27.437  1257725 
8d4  27.461 101540.160 -17.898 121.719  46.368  27.753  27.406  1263245 
7ef  27.935 101686.064 -30.016 318.634  47.871  27.796  27.593  1268745 
7cd  27.909 101667.128 -28.446 439.590  47.955  27.399  27.437  1274245 
8d4  27.461 101531.272 -17.158 121.932  46.230  27.753  27.406  1279745 
7ef  27.977 101685.800 -29.995 316.329  48.336  27.775  27.593  1285245 
7cd  27.927 101672.296 -28.874 439.437  48.023  27.399  27.437  1290745 
8d4  27.473 101531.792 -17.201 122.817  46.131  27.796  27.437  1296245 
7ef  28.014 101683.800 -29.825 318.023  48.473  27.785  27.625  1301745 
7cd  27.964 101669.832 -28.668 442.565  47.848  27.356  27.437  1307245 
8d4  27.485 101538.224 -17.734 123.214  45.895  27.818  27.468  1312745 ,63562900591948
7ef  28.044 101692.360 -30.539 316.711  48.306  27.785  27.625  1318244 
7cd  27.951 101666.376 -28.383 443.420  47.955  27.324  27.437  1323744 ,63562900602948
8d4  27.516 101532.096 -17.227 119.781  45.895  27.828  27.468  1329244 ,63562900608448
7ef  28.032 101691.992 -30.507 316.925  48.267  27.785  27.656  1334744 
7cd  27.988 101663.896 -28.177 437.927  47.916  27.335  27.437  1340244 ,63562900619449
8d4  27.540 101539.032 -17.803 118.881  46.001  27.818  27.468  1345744 
7ef  27.996 101690.920 -30.417 315.460  48.336  27.785  27.625  1351244 
7cd  27.982 101681.408 -29.630 438.323  47.886  27.303  27.437  1356744 
8d4  27.570 101532.896 -17.296 119.140  46.001  27.796  27.500  1362244 
7ef  28.026 101684.168 -29.857 320.922  48.336  27.743  27.625  1367744 
7cd  27.982 101668.592 -28.568 443.527  47.749  27.303  27.437  1373244 ,63562900652449
8d4  27.577 101543.520 -18.178 112.197  45.727  27.828  27.500  1378744 
7ef  28.032 101676.680 -29.239 318.267  48.069  27.796  27.656  1384244 
7cd  28.000 101664.144 -28.198 450.454  47.886  27.314  27.437  1389744 ,63562900668948
8d4  27.601 101538.592 -17.766 127.807  45.795  27.785  27.500  1395244 
7ef  28.038 101690.632 -30.396 325.576  47.726  27.828  27.687  1400743 
7cd  28.000 101670.544 -28.726 451.629  47.627  27.292  27.437  1406243 
8d4  27.619 101534.928 -17.465 130.371  45.933  27.796  27.500  1411743 
7ef  28.068 101696.136 -30.851 322.479  47.825  27.828  27.687  1417243 
7cd  28.019 101669.312 -28.626 447.097  47.688  27.378  27.468  1422743 
8d4  27.644 101532.960 -17.301 126.876  46.032  27.796  27.500  1428243 
7ef  28.129 101691.776 -30.491 324.691  48.161  27.861  27.718  1433743 
7cd  28.037 101668.064 -28.520 442.031  47.581  27.399  27.500  1439263 
8d4  27.631 101535.424 -17.502 123.199  45.895  27.828  27.531  1444763 ,63562900723969
7ef  28.166 101677.512 -29.308 321.319  47.825  27.850  27.718  1450263 
7cd  28.037 101664.864 -28.256 444.976  47.451  27.399  27.531  1455763 
8d4  27.631 101535.424 -17.502 122.802  45.620  27.893  27.562  1461263 
7ef  28.166 101686.712 -30.069 319.625  47.764  27.893  27.750  1466763 
7cd  28.056 101673.232 -28.954 445.251  47.352  27.410  27.531  1472263 ,63562900751470
8d4  27.638 101534.208 -17.402 124.389  45.757  27.882  27.562  1477763 
7ef  28.172 101691.480 -30.465 318.786  47.863  27.893  27.781  1483263 
7cd  28.074 101665.592 -28.314 445.816  47.848  27.399  27.531  1488762 
8d4  27.650 101528.792 -16.952 122.222  45.818  27.903  27.562  1494262 
7ef  28.220 101686.744 -30.074 319.656  47.924  27.861  27.781  1499762 
7cd  28.099 101656.456 -27.558 444.732  47.619  27.399  27.531  1505262 ,63562900784469
idx: 0 backoff: 4 ,63562900796485
7ef  28.251 101692.224 -30.528 319.213  47.924  27.850  27.781  1522762 ,63562900801969
7cd  28.141 101665.288 -28.293 443.893  47.405  27.496  27.593  1528262 ,63562900807469
8d4  27.668 101539.896 -17.877 121.902  45.452  27.989  27.625  1533762 
7ef  28.287 101674.872 -29.086 317.657  47.726  27.882  27.812  1539262 
7cd  28.154 101671.928 -28.843 442.459  47.138  27.560  27.625  1544762 
8d4  27.680 101537.448 -17.671 122.512  45.422  27.989  27.625  1550262 ,63562900829470
7ef  28.329 101674.568 -29.065 318.038  47.588  27.893  27.843  1555762 
7cd  28.209 101668.176 -28.531 443.801  46.894  27.689  27.718  1561262 
8d4  27.698 101536.712 -17.608 123.947  45.315  28.000  27.656  1566762 
7ef  28.354 101681.376 -29.625 324.157  47.421  27.914  27.843  1572261 
7cd  28.233 101665.448 -28.304 446.945  46.513  27.807  27.812  1577761 
8d4  27.741 101536.984 -17.634 124.313  45.315  27.989  27.656  1583261 
7ef  28.354 101681.376 -29.625 323.059  47.588  27.893  27.843  1588761 ,63562900867970
7cd  28.264 101670.832 -28.753 446.411  46.314  27.850  27.843  1594261 ,63562900873470
8d4  27.741 101536.984 -17.634 124.694  45.422  28.021  27.687  1599761 
7ef  28.396 101693.320 -30.618 317.184  47.726  27.936  27.875  1605261 
7cd  28.270 101659.728 -27.828 446.517  46.490  27.764  27.812  1610761 
8d4  27.747 101532.800 -17.285 123.947  45.406  28.043  27.687  1616261 
7ef  28.384 101680.720 -29.572 318.252  47.550  28.011  27.937  1621761 
7cd  28.270 101662.936 -28.097 445.297  46.459  27.710  27.781  1627261 
idx: 0 backoff: 5 ,63562900918485
7ef  28.372 101674.224 -29.033 317.947  47.245  28.064  27.968  1644761 
7cd  28.282 101672.800 -28.917 445.251  46.726  27.657  27.781  1650261 
8d4  27.790 101536.024 -17.555 123.626  45.208  28.064  27.718  1655760 ,63562900934969
7ef  28.336 101682.400 -29.715 319.870  46.780  28.107  27.968  1661260 ,63562900940474
7cd  28.270 101666.144 -28.362 443.573  46.658  27.700  27.781  1666760 
8d4  27.796 101534.808 -17.454 120.742  45.208  28.064  27.718  1672260 ,63562900951471
7ef  28.366 101681.736 -29.656 316.894  46.680  28.075  27.968  1677760 
7cd  28.246 101656.064 -27.527 444.213  46.589  27.689  27.781  1683260 
8d4  27.802 101527.640 -16.857 119.506  45.040  28.054  27.718  1688760 
7ef  28.384 101677.656 -29.318 318.985  46.948  28.064  27.968  1694260 
7cd  28.282 101666.384 -28.383 442.871  46.490  27.710  27.812  1699760 
8d4  27.808 101538.264 -17.740 122.619  45.147  28.011  27.718  1705260 
7ef  28.372 101686.496 -30.053 318.618  46.810  28.096  28.000  1710760 ,63562900989970
7cd  28.270 101653.320 -27.299 445.663  46.322  27.743  27.812  1716260 
8d4  27.832 101518.512 -16.096 123.367  45.452  27.957  27.718  1721760 ,63562901000970
7ef  28.396 101681.056 -29.598 319.000  46.948  28.075  27.968  1727260 
7cd  28.294 101660.192 -27.870 446.685  46.223  27.700  27.812  1732760 
8d4  27.832 101527.392 -16.836 119.659  45.246  28.021  27.718  1738259 
7ef  28.396 101690.248 -30.365 316.391  46.948  28.011  27.937  1743759 
7cd  28.319 101673.488 -28.975 444.229  46.223  27.710  27.812  1749259 ,63562901028470
8d4  27.851 101526.680 -16.778 122.116  45.284  28.032  27.718  1754759 
7ef  28.420 101681.744 -29.656 317.169  47.421  27.979  27.937  1760259 
7cd  28.307 101663.632 -28.156 445.358  46.291  27.775  27.875  1765759 
8d4  27.832 101524.440 -16.588 122.192  45.170  28.086  27.750  1771259 
7ef  28.445 101682.432 -29.715 317.581  47.520  28.021  27.968  1776759 
7cd  28.356 101664.552 -28.230 446.502  46.177  27.882  27.937  1782259 
8d4  27.844 101524.944 -16.630 121.917  45.071  28.086  27.781  1787759 
7ef  28.487 101694.368 -30.708 316.009  47.215  28.054  28.000  1793259 
7cd  28.392 101671.648 -28.821 444.198  46.047  27.936  27.968  1798759 
8d4  27.844 101530.872 -17.127 120.788  45.040  28.107  27.781  1804259 
7ef  28.511 101682.784 -29.741 317.413  47.047  28.075  28.031  1809759 
7cd  28.411 101663.976 -28.182 446.975  45.879  27.946  28.000  1815259 ,63562901094470
8d4  27.851 101535.568 -17.518 121.887  45.002  28.129  27.781  1820759 ,63562901099970
7ef  28.517 101684.496 -29.884 316.329  47.245  28.075  28.031  1826258 
7cd  28.392 101668.448 -28.552 444.412  46.047  27.828  27.937  1831758 
8d4  27.887 101537.072 -17.639 121.734  44.941  28.118  27.781  1837258 
7ef  28.542 101679.040 -29.434 317.749  47.520  28.064  28.031  1842758 
7cd  28.423 101670.616 -28.732 444.168  46.177  27.818  27.937  1848258 
8d4  27.924 101535.568 -17.518 123.352  44.903  28.107  27.812  1853758 
7ef  28.578 101673.920 -29.006 314.209  47.077  28.107  28.062  1859258 
7cd  28.392 101662.024 -28.018 442.291  46.078  27.818  27.937  1864758 
8d4  27.911 101526.192 -16.736 118.698  44.941  28.129  27.812  1870258 ,63562901149475
7ef  28.596 101688.240 -30.195 314.743  46.711  28.107  28.062  1875758 
7cd  28.405 101668.680 -28.573 447.219  46.078  27.839  27.937  1881258 
8d4  27.942 101531.872 -17.206 123.001  44.804  28.150  27.843  1886758 
7ef  28.596 101675.960 -29.175 315.979  46.680  28.150  28.093  1892258 
7cd  28.405 101665.472 -28.309 445.938  45.979  27.882  27.968  1897758 
8d4  27.954 101529.408 -17.005 120.697  44.872  28.129  27.843  1903258 
7ef  28.626 101684.488 -29.884 313.934  46.772  28.172  28.125  1908757 
7cd  28.392 101668.448 -28.552 447.433  45.979  27.861  27.968  1914257 
idx: 0 backoff: 6 ,63562901205487
7ef  28.639 101675.600 -29.149 317.169  46.734  28.225  28.156  1931757 
7cd  28.417 101659.280 -27.791 447.860  45.849  27.850  27.968  1937257 
8d4  27.960 101540.024 -17.888 123.657  44.735  28.214  27.843  1942757 
senddatacnf error! 0xe1
idx: 1 backoff: 1 ,63562901233986
7cd  28.411 101670.392 -28.716 447.052  45.979  27.807  27.937  1960257 ,63562901239471
8d4  27.966 101532.864 -17.291 123.809  44.773  28.204  27.875  1965757 
7ef  28.675 101682.744 -29.741 321.868  46.703  28.214  28.156  1971257 
7cd  28.429 101672.344 -28.880 444.656  46.055  27.764  27.906  1976757 
8d4  27.978 101527.432 -16.841 122.039  44.704  28.172  27.875  1982257 
7ef  28.687 101689.224 -30.280 317.092  46.497  28.225  28.156  1987757 
idx: 2 backoff: 1 ,63562901278987
8d4  28.003 101537.312 -17.660 122.589  44.773  28.172  27.875  2005256 
7ef  28.705 101688.192 -30.195 321.456  47.108  28.214  28.187  2010756 
7cd  28.490 101676.680 -29.239 445.693  45.742  27.925  28.000  2016256 
8d4  28.009 101530.160 -17.069 125.076  44.659  28.214  27.906  2021756 ,63562901300971
7ef  28.711 101683.768 -29.825 319.183  46.803  28.204  28.187  2027256 ,63562901306472
7cd  28.515 101670.712 -28.742 447.494  45.536  28.043  28.093  2032756 
8d4  28.015 101540.768 -17.946 126.083  44.758  28.236  27.937  2038256 
7ef  28.748 101678.616 -29.397 324.981  46.635  28.257  28.218  2043756 
7cd  28.539 101677.576 -29.313 448.394  45.368  28.064  28.125  2049256 
8d4  28.045 101540.496 -17.925 126.480  44.796  28.214  27.937  2054756 
7ef  28.772 101682.360 -29.709 321.075  46.665  28.300  28.250  2060256 
7cd  28.515 101664.296 -28.208 448.211  45.368  28.021  28.093  2065756 
idx: 0 backoff: 7 ,63562901356987
7ef  28.784 101685.768 -29.989 319.549  46.497  28.322  28.281  2083255 
7cd  28.515 101673.920 -29.006 446.899  45.467  28.032  28.093  2088755 
8d4  28.094 101542.472 -18.089 125.915  44.491  28.311  27.968  2094255 ,63562901373472
7ef  28.814 101691.192 -30.444 316.329  46.497  28.343  28.281  2099755 
7cd  28.539 101671.168 -28.779 448.181  45.368  28.043  28.125  2105255 
8d4  28.094 101545.440 -18.337 124.832  44.460  28.300  28.000  2110755 
7ef  28.802 101684.736 -29.905 319.244  46.604  28.300  28.250  2116255 
7cd  28.539 101667.952 -28.515 448.425  45.330  28.054  28.125  2121755 
8d4  28.106 101539.992 -17.882 124.694  44.460  28.290  28.000  2127255 
7ef  28.814 101688.128 -30.190 319.030  46.772  28.257  28.250  2132755 
7cd  28.521 101666.016 -28.351 447.647  45.231  28.000  28.093  2138255 
8d4  28.118 101531.584 -17.185 124.816  44.491  28.311  28.000  2143755 ,63562901422972
7ef  28.808 101692.576 -30.555 318.161  46.703  28.236  28.250  2149255 ,63562901428472
7cd  28.551 101681.016 -29.598 445.236  45.437  28.011  28.093  2154755 
8d4  28.124 101548.152 -18.559 125.350  44.323  28.322  28.031  2160254 
7ef  28.808 101689.504 -30.301 324.188  46.330  28.268  28.250  2165754 ,63562901444972
7cd  28.564 101668.400 -28.552 447.753  45.437  28.032  28.125  2171254 
8d4  28.142 101538.496 -17.761 124.847  44.254  28.354  28.031  2176754 
7ef  28.820 101689.832 -30.328 320.526  46.368  28.290  28.281  2182254 
7cd  28.570 101673.320 -28.959 447.341  45.330  28.054  28.156  2187754 
8d4  28.130 101535.056 -17.470 124.542  44.254  28.386  28.062  2193254 
7ef  28.832 101684.024 -29.847 321.395  46.833  28.322  28.312  2198754 
7cd  28.600 101681.896 -29.672 447.082  45.330  28.043  28.156  2204254 
8d4  28.106 101531.112 -17.148 122.528  44.148  28.397  28.062  2209754 
7ef  28.856 101675.480 -29.138 318.679  46.833  28.322  28.312  2215254 ,63562901494534
7cd  28.612 101678.912 -29.424 447.311  45.536  28.021  28.125  2220754 
8d4  28.112 101538.760 -17.782 121.673  44.178  28.418  28.062  2226254 
7ef  28.869 101697.304 -30.951 317.184  47.070  28.279  28.281  2231754 
7cd  28.619 101683.832 -29.831 444.641  45.399  28.064  28.156  2237254 
8d4  28.112 101538.760 -17.782 121.856  44.079  28.397  28.062  2242754 
7ef  28.808 101692.576 -30.555 320.312  46.589  28.375  28.343  2248253 
7cd  28.600 101675.480 -29.138 447.143  45.536  28.011  28.125  2253753 
idx: 0 backoff: 8 ,63562901544988
7ef  28.802 101687.800 -30.158 319.580  46.322  28.418  28.343  2271253 
7cd  28.619 101674.216 -29.033 447.479  45.437  27.989  28.125  2276753 
8d4  28.112 101538.760 -17.782 123.764  44.186  28.375  28.062  2282253 
7ef  28.820 101689.832 -30.328 322.662  46.322  28.397  28.343  2287753 
7cd  28.637 101679.352 -29.461 449.020  45.467  28.054  28.156  2293253 
8d4  28.118 101540.480 -17.925 123.855  44.056  28.386  28.062  2298753 
7ef  28.844 101696.640 -30.893 319.335  46.253  28.365  28.343  2304253 
7cd  28.643 101668.240 -28.536 447.143  45.330  28.021  28.156  2309753 
8d4  28.112 101541.728 -18.030 123.611  44.048  28.429  28.062  2315253 
7ef  28.856 101693.888 -30.666 322.021  46.360  28.365  28.343  2320753 
7cd  28.655 101671.656 -28.821 446.060  45.368  28.011  28.156  2326253 
8d4  28.118 101528.624 -16.936 123.687  44.048  28.450  28.093  2331772 ,63562901610993
7ef  28.869 101681.952 -29.678 318.847  46.459  28.418  28.375  2337272 
7cd  28.661 101670.168 -28.695 446.411  45.399  28.021  28.156  2342772 ,63562901621993
8d4  28.136 101536.776 -17.618 124.084  44.010  28.429  28.093  2348272 
7ef  28.875 101692.856 -30.581 324.844  46.154  28.450  28.406  2353772 ,63562901632992
7cd  28.661 101666.960 -28.430 456.634  45.498  28.011  28.156  2359272 
8d4  28.161 101543.672 -18.189 123.764  44.148  28.408  28.093  2364772 
7ef  28.887 101696.264 -30.861 323.791  46.085  28.440  28.406  2370272 
7cd  28.674 101680.016 -29.514 448.761  45.368  28.021  28.156  2375772 
8d4  28.136 101542.704 -18.110 125.122  44.148  28.440  28.093  2381272 
7ef  28.881 101688.424 -30.211 323.471  46.696  28.429  28.406  2386772 
7cd  28.667 101678.304 -29.371 448.806  45.330  28.032  28.156  2392272 
8d4  28.167 101545.400 -18.332 124.359  44.048  28.397  28.093  2397772 
7ef  28.893 101685.672 -29.984 320.724  46.291  28.450  28.406  2403272 
7cd  28.692 101675.528 -29.144 448.822  45.437  28.011  28.156  2408772 
8d4  28.167 101545.400 -18.332 124.099  44.216  28.429  28.093  2414271 
7ef  28.911 101690.776 -30.407 324.981  46.658  28.418  28.406  2419771 
7cd  28.698 101677.248 -29.286 449.508  45.261  28.064  28.187  2425271 
8d4  28.161 101534.784 -17.449 125.091  44.178  28.461  28.125  2430771 
7ef  28.905 101682.936 -29.757 323.791  46.528  28.450  28.437  2436271 
7cd  28.698 101670.832 -28.753 450.027  45.231  28.075  28.187  2441771 
8d4  28.173 101535.272 -17.491 125.473  44.148  28.461  28.125  2447271 
7ef  28.893 101685.672 -29.984 320.571  45.750  28.515  28.437  2452771 ,63562901731993
7cd  28.710 101674.248 -29.038 448.471  45.231  28.075  28.187  2458271 
8d4  28.185 101544.656 -18.268 125.259  44.079  28.429  28.125  2463771 
7ef  28.911 101687.696 -30.153 322.219  46.085  28.461  28.406  2469271 
7cd  28.716 101669.544 -28.647 448.486  45.300  28.096  28.218  2474771 
8d4  28.191 101540.456 -17.919 122.909  44.048  28.429  28.125  2480271 
7ef  28.941 101699.272 -31.115 321.060  46.154  28.461  28.437  2485771 
7cd  28.710 101677.472 -29.302 446.365  45.231  28.096  28.218  2491271 
8d4  28.197 101536.240 -17.571 123.031  44.216  28.386  28.093  2496770 ,63562901775993
7ef  28.953 101684.248 -29.868 327.987  46.177  28.515  28.468  2502270 
7cd  28.722 101677.688 -29.323 449.478  45.162  28.118  28.218  2507770 
8d4  28.203 101543.904 -18.210 125.411  44.010  28.418  28.125  2513270 
7ef  28.959 101689.024 -30.264 323.150  46.459  28.450  28.437  2518770 
7cd  28.747 101674.896 -29.091 449.630  45.017  28.161  28.250  2524270 
8d4  28.209 101530.816 -17.121 125.167  43.942  28.461  28.125  2529770 
7ef  28.953 101687.312 -30.121 323.257  46.764  28.386  28.406  2535270 
7cd  28.765 101670.416 -28.716 449.066  44.918  28.225  28.312  2540770 ,63562901819994
8d4  28.221 101537.216 -17.650 126.007  43.942  28.461  28.125  2546270 
7ef  28.965 101699.912 -31.168 323.104  46.291  28.472  28.468  2551790 ,63562901831014
7cd  28.765 101670.416 -28.716 447.845  44.819  28.257  28.312  2557290 
8d4  28.233 101540.672 -17.941 125.228  43.980  28.483  28.156  2562790 
7ef  28.965 101687.640 -30.148 322.937  46.291  28.515  28.468  2568290 
7cd  28.790 101670.848 -28.753 447.189  44.682  28.257  28.343  2573790 
8d4  28.215 101541.432 -18.004 124.938  43.842  28.472  28.156  2579289 
7ef  28.983 101692.752 -30.571 321.334  46.627  28.450  28.437  2584789 ,63562901864014
7cd  28.802 101667.848 -28.504 446.441  44.682  28.257  28.343  2590289 
8d4  28.197 101530.320 -17.079 121.994  43.743  28.483  28.156  2595789 
7ef  28.983 101677.400 -29.297 320.877  46.421  28.483  28.468  2601309 
7cd  28.832 101673.208 -28.948 447.387  44.651  28.332  28.375  2606829 ,63562901886055
8d4  28.215 101541.432 -18.004 123.550  43.743  28.450  28.125  2612329 
7ef  29.014 101682.808 -29.746 321.884  46.391  28.515  28.468  2617829 
7cd  28.832 101666.792 -28.415 448.455  44.552  28.332  28.375  2623329 
8d4  28.191 101522.672 -16.445 122.100  43.674  28.493  28.156  2628849 
7ef  29.014 101682.808 -29.746 320.556  46.680  28.515  28.468  2634349 
7cd  28.844 101660.592 -27.902 447.097  44.575  28.311  28.375  2639849 ,63562901919074
8d4  28.209 101527.840 -16.873 125.564  43.743  28.461  28.156  2645349 
7ef  29.026 101676.984 -29.260 322.753  46.314  28.515  28.500  2650849 
7cd  28.851 101662.296 -28.045 445.327  44.552  28.247  28.375  2656349 
8d4  28.209 101539.704 -17.861 121.322  43.743  28.483  28.156  2661849 ,63562901941074
7ef  29.032 101687.888 -30.169 319.198  46.452  28.515  28.500  2667348 
7cd  28.838 101658.864 -27.759 448.455  44.613  28.290  28.375  2672848 
8d4  28.209 101533.776 -17.365 125.183  43.674  28.493  28.156  2678348 
7ef  29.032 101681.752 -29.656 320.648  46.528  28.472  28.468  2683848 
7cd  28.857 101664.000 -28.187 448.059  44.674  28.332  28.406  2689348 ,63562901968574
8d4  28.221 101525.368 -16.667 123.687  43.705  28.483  28.156  2694848 ,63562901974074
7ef  29.014 101688.944 -30.254 320.587  46.146  28.515  28.500  2700348 
7cd  28.863 101665.720 -28.330 447.219  44.506  28.332  28.406  2705848 
8d4  28.240 101536.464 -17.592 124.908  43.674  28.493  28.156  2711348 ,63562901990574
7ef  28.989 101694.448 -30.713 321.563  45.948  28.590  28.531  2716848 ,63562901996075
7cd  28.863 101659.296 -27.796 447.525  44.575  28.332  28.406  2722348 
8d4  28.215 101526.608 -16.773 124.145  43.674  28.515  28.187  2727848 ,63562902007075
7ef  29.014 101682.808 -29.746 320.312  45.742  28.611  28.562  2733348 
7cd  28.887 101666.144 -28.362 447.662  44.544  28.332  28.437  2738848 
8d4  28.227 101527.088 -16.810 122.482  43.674  28.504  28.156  2744348 ,63562902023574
7ef  29.026 101680.056 -29.519 320.999  45.544  28.611  28.562  2749847 
7cd  28.881 101664.432 -28.219 444.335  44.613  28.290  28.406  2755347 ,63562902034576
8d4  28.203 101520.192 -16.239 123.245  43.644  28.536  28.187  2760847 
7ef  29.044 101675.944 -29.175 319.885  45.979  28.590  28.562  2766347 ,63562902045575
7cd  28.881 101658.008 -27.685 445.938  44.651  28.332  28.406  2771847 
8d4  28.221 101534.256 -17.407 123.229  43.575  28.525  28.187  2777347 
7ef  29.032 101678.688 -29.403 318.191  45.605  28.611  28.562  2782847 
7cd  28.905 101668.064 -28.520 446.701  44.643  28.332  28.437  2788347 
8d4  28.221 101522.400 -16.419 123.840  43.476  28.547  28.187  2793847 
7ef  29.026 101673.912 -29.006 320.663  45.979  28.568  28.531  2799367 
7cd  28.899 101663.144 -28.113 448.394  44.514  28.332  28.406  2804867 
8d4  28.233 101531.784 -17.201 123.809  43.545  28.547  28.187  2810367 
7ef  29.038 101689.600 -30.312 319.061  45.841  28.568  28.531  2815867 
7cd  28.899 101666.352 -28.378 443.664  44.506  28.332  28.437  2821367 
8d4  28.246 101529.296 -16.995 119.705  43.575  28.547  28.187  2826867 
7ef  29.050 101680.720 -29.572 323.867  45.979  28.515  28.531  2832366 
7cd  28.930 101658.848 -27.759 447.174  44.506  28.397  28.468  2837866 
8d4  28.252 101533.984 -17.386 123.809  43.545  28.547  28.218  2843366 
7ef  29.050 101696.072 -30.845 320.404  45.712  28.568  28.562  2848866 ,63562902128095
senddatacnf error! 0xe1,63562902128131
idx: 2 backoff: 2 ,63562902140110
8d4  28.240 101536.464 -17.592 123.733  43.507  28.536  28.218  2866366 ,63562902145595
7ef  29.026 101683.120 -29.773 321.319  45.338  28.590  28.562  2871866 
7cd  28.948 101663.992 -28.182 445.007  44.338  28.386  28.468  2877366 
8d4  28.264 101534.480 -17.423 121.093  43.674  28.536  28.187  2882866 
7ef  28.977 101678.776 -29.413 318.435  45.002  28.665  28.593  2888366 
7cd  28.960 101677.056 -29.271 444.976  44.338  28.332  28.468  2893866 
8d4  28.258 101523.856 -16.540 120.574  43.674  28.568  28.218  2899366 
7ef  28.959 101685.944 -30.005 318.985  44.895  28.719  28.625  2904866 
7cd  28.942 101659.064 -27.775 441.223  44.506  28.332  28.468  2910366 
8d4  28.252 101531.016 -17.137 119.918  43.674  28.547  28.218  2915866 ,63562902195096
7ef  28.977 101684.912 -29.921 325.485  44.895  28.751  28.625  2921365 
7cd  28.954 101662.488 -28.060 448.699  44.437  28.365  28.468  2926865 
8d4  28.282 101530.752 -17.116 122.009  43.774  28.525  28.218  2932365 
7ef  28.983 101686.608 -30.063 321.075  45.025  28.740  28.625  2937865 
7cd  28.966 101662.696 -28.076 450.546  44.506  28.332  28.468  2943365 
8d4  28.288 101526.552 -16.767 123.367  43.674  28.536  28.218  2948865 
7ef  28.989 101688.304 -30.201 326.080  45.193  28.708  28.593  2954365 
7cd  28.966 101656.272 -27.543 449.920  44.476  28.332  28.468  2959865 
8d4  28.300 101544.824 -18.284 124.710  43.705  28.504  28.187  2965365 ,63562902244596
7ef  29.026 101680.056 -29.519 321.746  45.475  28.686  28.593  2970865 
7cd  28.973 101661.200 -27.955 449.996  44.376  28.332  28.468  2976365 
8d4  28.312 101536.392 -17.586 123.855  43.774  28.493  28.187  2981865 
7ef  29.026 101680.056 -29.519 321.289  45.475  28.686  28.625  2987365 
7cd  28.979 101666.120 -28.362 448.913  44.506  28.332  28.468  2992865 
8d4  28.306 101528.752 -16.947 123.687  43.774  28.515  28.218  2998365 
7ef  28.977 101694.128 -30.687 323.120  45.193  28.719  28.625  3003864 
7cd  28.991 101672.760 -28.911 449.279  44.674  28.332  28.468  3009364 ,63562902288597
8d4  28.300 101535.920 -17.544 122.665  43.774  28.525  28.218  3014864 
7ef  28.977 101684.912 -29.921 321.472  45.193  28.708  28.593  3020364 
7cd  29.003 101666.536 -28.393 449.188  44.575  28.418  28.531  3025864 ,63562902305095
8d4  28.331 101529.720 -17.026 113.357  43.743  28.525  28.218  3031364 
7ef  29.002 101679.408 -29.466 321.792  45.361  28.697  28.625  3036864 
7cd  29.027 101666.952 -28.430 449.935  44.262  28.493  28.562  3042364 
8d4  28.312 101533.440 -17.338 124.618  43.598  28.568  28.218  3047864 
7ef  29.008 101690.320 -30.370 322.372  45.162  28.729  28.625  3053364 
7cd  29.027 101660.536 -27.897 451.492  44.209  28.472  28.562  3058864 
idx: 0 backoff: 9 ,63562902350111
7ef  29.014 101679.736 -29.493 321.273  45.162  28.740  28.625  3076364 
7cd  29.021 101665.248 -28.288 448.486  44.338  28.408  28.531  3081864 
8d4  28.288 101532.480 -17.259 121.994  43.530  28.568  28.218  3087363 
7ef  29.032 101681.752 -29.656 321.472  45.025  28.751  28.625  3092863 ,63562902372096
7cd  29.027 101663.744 -28.161 448.333  44.270  28.429  28.531  3098363 
idx: 0 backoff: 10 ,63562902389611
7ef  29.032 101690.960 -30.423 327.362  44.994  28.772  28.656  3115863 ,63562902395096
7cd  29.015 101666.744 -28.415 451.187  44.270  28.450  28.562  3121363 
7ef  29.008 101681.112 -29.604 322.723  44.758  28.794  28.656  3126863 
7cd  29.027 101666.952 -28.430 448.638  44.270  28.418  28.531  3132363 
7ef  28.989 101688.304 -30.201 322.341  44.659  28.815  28.656  3137863 
7cd  29.027 101660.536 -27.897 447.875  44.437  28.386  28.531  3143363 
7ef  29.002 101685.552 -29.973 318.176  44.621  28.815  28.656  3148863 
7cd  29.021 101681.304 -29.619 450.653  44.437  28.332  28.500  3154363 
senddatacnf error! 0xe1
idx: 1 backoff: 2 ,63562902445612
7cd  29.015 101669.960 -28.679 445.770  44.651  28.332  28.468  3171862 ,63562902451096
7ef  29.050 101689.928 -30.338 319.381  44.994  28.708  28.625  3177382 
7cd  29.015 101673.176 -28.948 440.078  44.575  28.332  28.468  3182882 
7ef  29.062 101687.176 -30.111 316.131  45.139  28.697  28.625  3188382 
7cd  29.009 101668.256 -28.536 438.705  44.437  28.365  28.500  3193882 
7ef  29.086 101687.824 -30.164 323.913  45.170  28.686  28.625  3199382 
7cd  28.991 101669.536 -28.647 448.303  44.407  28.332  28.468  3204882 
7ef  29.092 101683.376 -29.794 320.907  45.338  28.686  28.625  3210382 
7cd  29.003 101672.960 -28.927 445.678  44.506  28.332  28.468  3215882 
7ef  29.086 101687.824 -30.164 320.114  45.445  28.697  28.625  3221382 
7cd  28.991 101669.536 -28.647 445.724  44.552  28.268  28.437  3226882 
7ef  29.080 101692.272 -30.534 323.501  45.506  28.676  28.625  3232382 
7cd  29.003 101666.536 -28.393 448.013  44.613  28.300  28.468  3237882 
7ef  29.116 101693.248 -30.613 319.458  45.544  28.665  28.625  3243382 
7cd  29.015 101669.960 -28.679 446.716  44.682  28.300  28.468  3248882 
7ef  29.147 101689.440 -30.296 319.747  45.429  28.708  28.656  3254381 
7cd  28.991 101669.536 -28.647 444.534  44.552  28.290  28.468  3259881 
7ef  29.147 101689.440 -30.296 323.501  45.292  28.708  28.656  3265401 
7cd  29.003 101666.536 -28.393 448.501  44.651  28.279  28.437  3270901 
senddatacnf error! 0xe1
idx: 2 backoff: 3 ,63562902567652
7ef  29.177 101691.776 -30.491 324.340  45.445  28.697  28.656  3293901 
7cd  29.003 101682.592 -29.730 450.088  44.575  28.311  28.437  3299401 ,63562902578638
7ef  29.195 101712.216 -32.188 323.989  45.605  28.676  28.656  3304901 
7ef  29.201 101704.704 -31.564 324.478  45.734  28.708  28.687  3315901 
7cd  29.003 101666.536 -28.393 449.890  44.613  28.332  28.468  3321401 
7ef  29.201 101689.344 -30.291 323.318  45.429  28.729  28.687  3326901 ,63562902606137
7ef  29.207 101694.112 -30.682 324.981  45.261  28.719  28.687  3337900 ,63562902617137
7cd  29.015 101660.328 -27.881 447.921  44.437  28.408  28.531  3343400 
7ef  29.219 101694.432 -30.713 323.364  45.193  28.697  28.687  3348920 
7cd  29.027 101666.952 -28.430 449.111  44.376  28.461  28.562  3354420 ,63562902633657
7ef  29.225 101686.904 -30.084 321.212  45.429  28.697  28.687  3359920 ,63562902639157
7cd  29.040 101673.584 -28.980 450.027  44.209  28.483  28.562  3365420 
7ef  29.237 101693.384 -30.623 325.698  45.124  28.740  28.718  3370920 
7cd  29.046 101672.088 -28.858 449.127  44.209  28.483  28.593  3376420 
7ef  29.243 101682.784 -29.741 325.622  45.162  28.761  28.718  3381920 
7cd  29.070 101682.136 -29.688 450.332  44.231  28.483  28.593  3387420 
7ef  29.285 101703.864 -31.495 326.126  44.994  28.794  28.750  3392920 ,63562902672157
7cd  29.064 101670.784 -28.747 450.943  44.231  28.504  28.593  3398420 ,63562902677658
7ef  29.279 101696.032 -30.845 326.766  44.956  28.783  28.750  3403920 
7cd  29.076 101674.208 -29.033 450.332  44.231  28.536  28.625  3409420 
7ef  29.279 101696.032 -30.845 326.187  45.399  28.740  28.718  3414920 ,63562902694158
28.625  3420420 
7ef  29.279 101686.816 -30.079 324.569  45.193  28.772  28.750  3425919 
7cd  29.076 101667.784 -28.499 449.798  44.094  28.568  28.656  3431419 
7ef  29.297 101701.104 -31.263 326.614  44.926  28.794  28.750  3436919 
7ef  29.303 101690.512 -30.386 325.592  44.727  28.826  28.781  3447919 
7cd  29.088 101677.624 -29.318 448.944  43.995  28.579  28.656  3453419 ,63562902732657
7ef  29.328 101694.216 -30.692 323.989  44.758  28.804  28.781  3458919 
7cd  29.088 101667.984 -28.515 443.939  43.995  28.590  28.656  3464419 ,63562902743659
7ef  29.328 101697.296 -30.951 319.717  45.124  28.804  28.781  3469919 
7cd  29.094 101672.912 -28.927 447.753  44.064  28.568  28.656  3475419 
7ef  29.328 101691.152 -30.438 319.335  45.330  28.794  28.781  3480919 
44.125  28.525  28.625  3486419 
7ef  29.303 101699.720 -31.152 323.303  44.994  28.804  28.781  3491919 
7cd  29.094 101672.912 -28.927 447.326  44.231  28.525  28.625  3497419 
7ef  29.291 101690.200 -30.359 323.654  44.895  28.837  28.812  3502919 
7cd  29.088 101664.784 -28.251 448.455  44.231  28.504  28.625  3508418 
7ef  29.285 101697.728 -30.983 324.661  44.750  28.879  28.812  3513918 
7cd  29.113 101674.824 -29.080 449.554  44.262  28.525  28.625  3519418 
7ef  29.255 101695.392 -30.793 325.286  44.880  28.912  28.843  3524918 
7cd  29.113 101678.040 -29.350 450.546  44.231  28.525  28.625  3530418 
7ef  29.249 101696.768 -30.904 327.102  44.712  28.912  28.812  3535918 ,63562902815158
7cd  29.113 101671.616 -28.816 450.317  44.125  28.568  28.656  3541418 
7ef  29.243 101698.144 -31.020 326.919  44.682  28.933  28.843  3546918 
7cd  29.113 101671.616 -28.816 451.522  44.125  28.568  28.656  3552418 
7ef  29.231 101688.616 -30.227 318.756  44.750  28.922  28.812  3557918 
7cd  29.101 101674.632 -29.070 449.005  44.094  28.536  28.656  3563418 
7ef  29.243 101698.144 -31.020 325.164  44.880  28.933  28.843  3568918 
7ef  29.255 101701.536 -31.300 317.932  44.949  28.890  28.812  3579938 
7cd  29.125 101675.024 -29.102 448.394  44.094  28.547  28.656  3585438 
7ef  29.249 101693.704 -30.650 320.938  45.292  28.815  28.781  3590937 
7cd  29.125 101668.608 -28.568 450.485  44.094  28.590  28.687  3596437 
7ef  29.243 101692.000 -30.507 325.988  45.330  28.815  28.781  3601937 
7cd  29.149 101672.224 -28.869 452.255  44.094  28.622  28.718  3607437 ,63562902886679
7ef  29.219 101697.504 -30.967 327.056  45.185  28.858  28.781  3612937 ,63562902892178
7cd  29.149 101675.440 -29.133 450.775  44.193  28.643  28.718  3618437 ,63562902897678
7ef  29.195 101696.864 -30.914 327.438  44.849  28.890  28.812  3623937 
7cd  29.155 101670.720 -28.742 453.079  44.064  28.665  28.718  3629437 
7ef  29.219 101697.504 -30.967 327.529  44.811  28.890  28.812  3634937 
7cd  29.149 101665.808 -28.335 451.934  43.926  28.622  28.718  3640437 
7ef  29.213 101701.944 -31.337 327.362  44.918  28.901  28.812  3645937 
7cd  29.149 101685.080 -29.936 452.514  44.064  28.622  28.718  3651437 
7ef  29.201 101698.544 -31.052 327.590  44.918  28.912  28.812  3656937 
7cd  29.162 101669.224 -28.621 451.141  44.025  28.643  28.718  3662437 ,63562902941679
7ef  29.189 101689.024 -30.264 326.797  45.116  28.912  28.812  3667937 
7cd  29.162 101672.432 -28.885 452.240  43.926  28.643  28.718  3673437 ,63562902952678
7ef  29.159 101692.832 -30.576 326.919  45.017  28.933  28.812  3678936 
7cd  29.155 101670.720 -28.742 452.072  43.926  28.654  28.750  3684436 
7ef  29.177 101691.776 -30.491 321.914  45.086  28.933  28.812  3689936 
7cd  29.162 101675.640 -29.149 449.035  43.789  28.643  28.718  3695436 
7ef  29.165 101700.672 -31.231 319.931  44.949  28.944  28.812  3700936 
7cd  29.149 101675.440 -29.133 451.278  44.025  28.579  28.687  3706436 
7ef  29.147 101686.376 -30.042 322.097  44.781  28.922  28.812  3711936 
7cd  29.149 101669.024 -28.599 450.988  44.125  28.515  28.656  3717436 
7ef  29.122 101688.800 -30.243 322.738  44.811  28.922  28.812  3722936 
7cd  29.143 101664.096 -28.193 452.011  44.125  28.558  28.687  3728436 
7ef  29.062 101690.248 -30.365 323.135  44.682  28.944  28.781  3733936 
7cd  29.162 101678.848 -29.419 450.469  44.025  28.579  28.718  3739436 ,63562903018679
7ef  29.050 101693.000 -30.592 322.616  44.643  28.933  28.781  3744936 
7cd  29.162 101666.008 -28.351 453.048  43.957  28.643  28.718  3750436 
7ef  29.038 101689.600 -30.312 322.845  44.811  28.901  28.750  3755936 
7cd  29.174 101675.840 -29.170 452.514  43.896  28.665  28.750  3761435 
7ef  29.068 101695.016 -30.761 324.386  45.147  28.901  28.750  3766935 
7cd  29.204 101674.752 -29.075 453.353  43.919  28.729  28.781  3772435 
7ef  29.086 101697.032 -30.925 323.547  44.994  28.858  28.718  3777935 
7cd  29.204 101684.392 -29.878 454.315  43.949  28.761  28.812  3783435 
7ef  29.110 101688.480 -30.217 326.461  45.330  28.783  28.687  3788935 
7cd  29.198 101673.048 -28.938 452.407  43.819  28.740  28.812  3794435 
7ef  29.128 101699.704 -31.147 326.187  45.528  28.729  28.656  3799935 
7cd  29.204 101674.752 -29.075 452.117  43.987  28.676  28.781  3805435 
7ef  29.147 101689.440 -30.296 326.202  45.597  28.729  28.687  3810935 
7cd  29.222 101670.232 -28.705 451.965  44.048  28.708  28.781  3816435 
7ef  29.140 101687.736 -30.153 326.019  45.429  28.761  28.687  3821935 
7cd  29.253 101678.768 -29.408 453.125  44.048  28.761  28.812  3827435 
7ef  29.159 101692.832 -30.576 326.477  45.361  28.815  28.750  3832935 
7cd  29.259 101680.488 -29.551 452.194  43.919  28.751  28.812  3838435 
7ef  29.177 101691.776 -30.491 326.782  45.429  28.837  28.750  3843934 
7cd  29.271 101677.472 -29.302 452.072  43.919  28.783  28.843  3849434 
7ef  29.183 101690.392 -30.375 326.736  45.628  28.826  28.750  3854934 
247 101664.208 -28.203 452.926  43.781  28.783  28.843  3860434 
7ef  29.195 101690.712 -30.402 326.019  45.498  28.837  28.781  3865934 
7cd  29.259 101667.624 -28.488 454.269  43.652  28.751  28.843  3871434 
7ef  29.201 101692.416 -30.544 326.477  45.467  28.826  28.750  3876934 
7cd  29.253 101672.352 -28.880 453.277  43.682  28.729  28.812  3882434 
7ef  29.207 101700.248 -31.194 302.459  45.330  28.847  28.781  3887954 
7cd  29.259 101667.624 -28.488 418.136  43.781  28.729  28.812  3893454 ,63562903172700
7ef  29.219 101697.504 -30.967 303.283  45.261  28.858  28.781  3898954 
7cd  29.283 101661.600 -27.986 432.281  43.751  28.740  28.812  3904454 
7ef  29.134 101686.056 -30.016 318.511  45.017  28.869  28.781  3909954 
7cd  29.283 101671.232 -28.784 400.070  43.713  28.719  28.812  3915454 ,63562903194702
7ef  29.080 101689.192 -30.275 298.477  44.926  28.847  28.750  3920954 ,63562903200200
7cd  29.289 101679.368 -29.461 414.840  43.819  28.783  28.843  3926454 ,63562903205700
7ef  28.935 101685.296 -29.952 313.079  44.895  28.858  28.718  3931953 
7cd  29.283 101677.664 -29.318 422.134  43.880  28.783  28.843  3937453 
7ef  28.905 101686.008 -30.010 318.313  44.857  28.804  28.656  3942953 
7cd  29.283 101680.880 -29.588 421.386  44.155  28.761  28.843  3948453 
7ef  28.705 101694.320 -30.703 316.238  45.162  28.751  28.562  3953953 
7cd  29.216 101665.312 -28.293 418.930  44.216  28.729  28.812  3959453 
7ef  28.614 101687.216 -30.111 318.466  45.292  28.719  28.500  3964953 ,63562903244203
7cd  29.186 101676.048 -29.186 414.657  44.262  28.654  28.750  3970453 ,63562903249699
7ef  28.548 101693.008 -30.592 322.067  45.376  28.686  28.437  3975953 
7cd  29.174 101663.000 -28.103 417.556  44.163  28.536  28.687  3981453 ,63562903260701
7ef  28.572 101693.696 -30.650 320.526  45.574  28.643  28.406  3986953 ,63562903266200
7cd  29.162 101672.432 -28.885 427.444  44.231  28.504  28.656  3992453 ,63562903271703
7ef  28.620 101695.056 -30.761 323.028  45.643  28.611  28.406  3997953 ,63562903277201
7cd  29.137 101672.016 -28.848 428.833  44.209  28.429  28.625  4003453 
7ef  28.645 101692.664 -30.565 322.143  45.742  28.547  28.375  4008953 
7cd  29.101 101671.416 -28.800 425.323  44.308  28.375  28.562  4014452 ,63562903293701
senddatacnf error! 0xe1
idx: 1 backoff: 3 ,63562903305716
idx: 2 backoff: 4 ,63562903317735
