8d4  25.240 101026.072  24.916 167.999  46.818  25.426  25.156  115799 
7ef  24.113 101181.720  11.935 466.033  51.922  24.396  23.968  116119 
7cd  25.401 101166.352  13.216 286.041  47.924  25.147  25.062  117619 
8d4  25.252 101041.384  23.640 167.373  46.749  25.426  25.187  121279 ,63562726370926
7ef  24.175 101205.360   9.966 463.806  51.426  24.407  24.000  121599 
7cd  25.432 101168.744  13.018 283.035  47.924  25.147  25.093  123099 
8d4  25.295 101024.224  25.069 165.481  46.749  25.426  25.187  126779 
7ef  24.206 101174.608  12.527 461.715  51.250  24.407  24.000  127079 ,63562726376722
7cd  25.450 101170.792  12.846 285.186  47.825  25.169  25.125  128579 
8d4  25.308 101015.944  25.762 156.356  46.719  25.426  25.187  132259 
7ef  24.249 101177.792  12.262 461.639  51.075  24.407  24.031  132559 
7cd  25.463 101145.624  14.944 287.612  47.924  25.169  25.125  134059 
8d4  25.351 101016.464  25.719 161.666  46.719  25.426  25.187  137738 
7ef  24.311 101174.048  12.574 465.118  51.014  24.407  24.062  138038 
7cd  25.506 101167.432  13.126 288.986  47.955  25.201  25.156  139538 
8d4  25.363 101014.088  25.918 161.254  46.726  25.426  25.187  143218 
7ef  24.349 101175.440  12.458 464.416  50.869  24.407  24.062  143518 
7cd  25.494 101151.184  14.479 289.978  47.855  25.201  25.156  145018 
8d4  25.412 101019.296  25.482 162.124  46.726  25.415  25.187  148698 ,63562726398342
7ef  24.392 101181.624  11.943 466.842  50.777  24.429  24.093  148998 
7cd  25.538 101153.848  14.257 291.458  47.886  25.222  25.187  150498 
8d4  25.431 101015.720  25.780 162.033  46.825  25.415  25.218  154178 ,63562726403825
7ef  24.423 101166.056  13.240 467.483  50.755  24.450  24.156  154478 ,63562726404134
7cd  25.569 101168.984  12.997 292.022  47.855  25.233  25.218  155978 
8d4  25.443 101007.440  26.472 161.529  46.925  25.415  25.218  159658 
7ef  24.473 101173.984  12.579 462.890  50.724  24.482  24.187  159958 ,63562726409603
7cd  25.581 101159.728  13.768 290.405  47.855  25.254  25.218  161458 ,63562726411127
8d4  25.468 101038.048  23.917 163.162  46.993  25.415  25.218  165138 
7ef  24.510 101187.528  11.451 461.044  50.655  24.504  24.218  165438 ,63562726415082
7cd  25.600 101187.280  11.472 290.328  47.718  25.244  25.218  166938 ,63562726416584
8d4  25.505 101048.568  23.040 165.069  46.993  25.415  25.218  170618 
7ef  24.560 101192.400  11.044 461.486  50.617  24.546  24.250  170918 ,63562726420563
7cd  25.625 101165.568  13.282 290.054  47.688  25.265  25.250  172418 ,63562726422064
8d4  25.523 101012.568  26.044 164.764  47.062  25.415  25.250  176098 
7ef  24.615 101177.728  12.268 462.539  50.549  24.568  24.281  176398 ,63562726426044
7cd  25.643 101151.696  14.437 290.664  47.657  25.297  25.281  177898 ,63562726427542
8d4  25.560 101017.192  25.659 164.779  47.092  25.415  25.250  181578 ,63562726431222
7ef  24.659 101177.792  12.262 461.959  50.480  24.600  24.312  181878 
7cd  25.662 101150.544  14.535 290.283  47.611  25.362  25.312  183378 
8d4  25.585 101006.520  26.549 164.596  47.062  25.415  25.281  187058 ,63562726436702
7ef  24.696 101176.128  12.402 461.273  50.419  24.632  24.375  187358 
7cd  25.662 101156.936  14.001 279.205  47.543  25.437  25.375  188858 ,63562726438504
8d4  25.622 101025.904  24.929 172.668  46.993  25.426  25.312  192538 ,63562726442183
7ef  24.752 101179.680  12.106 494.750  50.419  24.675  24.406  192838 
7cd  25.668 101165.056  13.324 282.287  47.474  25.437  25.375  194338 
8d4  25.659 101030.512  24.546 164.154  46.948  25.426  25.312  198018 
7ef  24.789 101174.944  12.500 462.509  50.282  24.697  24.437  198318 
7cd  25.693 101159.296  13.805 280.334  47.474  25.404  25.375  199818 ,63562726449462
8d4  25.684 101013.936  25.928 165.802  46.886  25.426  25.343  203498 ,63562726453145
7ef  24.838 101176.736  12.352 464.538  50.205  24.697  24.468  203798 
7cd  25.711 101164.528  13.367 288.864  47.474  25.394  25.375  205298 ,63562726454954
8d4  25.727 101020.288  25.400 166.809  46.818  25.469  25.375  208978 ,63562726458623
7ef  24.869 101176.328  12.384 464.141  50.137  24.697  24.468  209278 ,63562726458922
7cd  25.699 101161.032  13.660 285.858  47.489  25.329  25.343  210778 
8d4  25.739 101020.848  25.352 163.482  46.680  25.533  25.406  214458 ,63562726464106
7ef  24.906 101180.704  12.019 466.171  50.076  24.718  24.531  214758 
7cd  25.730 101163.400  13.462 287.826  47.588  25.287  25.343  216278 ,63562726465923
8d4  25.764 101016.056  25.754 167.663  46.581  25.555  25.437  219938 
7ef  24.937 101174.200  12.561 466.354  49.938  24.740  24.562  220238 ,63562726469882
7cd  25.755 101157.608  13.945 285.903  47.657  25.265  25.312  221757 
8d4  25.782 101044.904  23.344 170.684  46.482  25.555  25.437  225417 ,63562726475067
7cd  25.805 101190.712  11.184 288.284  47.718  25.297  25.343  227237 
8d4  25.819 101058.352  22.224 164.840  46.482  25.587  25.468  230897 ,63562726480550
7ef  25.024 101219.928   8.751 464.324  49.839  24.761  24.593  232717 
8d4  25.819 101017.072  25.667 167.129  46.444  25.630  25.500  238197 
7ef  25.079 101168.640  13.026 465.057  49.839  24.804  24.656  241857 ,63562726491510
7cd  25.829 101159.432  13.792 292.739  47.573  25.447  25.406  243677 
8d4  25.881 101031.608  24.454 167.999  46.444  25.630  25.531  247337 ,63562726496987
7ef  25.153 101183.464  11.789 466.262  49.770  24.847  24.718  249157 ,63562726498804
7cd  25.854 101207.872   9.755 291.061  47.741  25.426  25.437  252817 
8d4  25.875 101032.824  24.353 162.841  46.345  25.716  25.593  254637 ,63562726504287
7cd  25.879 101167.000  13.161 291.580  47.741  25.437  25.437  260117 
8d4  25.819 101028.864  24.684 169.708  46.078  25.780  25.625  265597 ,63562726515242
7ef  25.289 101172.992  12.661 468.399  49.564  24.965  24.843  271077 
7cd  25.935 101157.168  13.982 289.016  47.680  25.447  25.468  276557 ,63562726526217
8d4  25.801 101020.664  25.368 169.693  45.933  25.791  25.625  282037 ,63562726531687
7ef  25.382 101168.624  13.026 468.536  49.229  25.072  24.968  287517 ,63562726537171
7cd  25.960 101157.760  13.932 290.390  47.916  25.362  25.468  292997 ,63562726542648
8d4  25.893 101082.312  20.223 169.891  45.864  25.855  25.687  298477 ,63562726548160
7ef  25.487 101185.960  11.581 468.948  49.030  25.104  25.000  303957 ,63562726553611
7cd  25.978 101143.840  15.092 291.305  48.084  25.319  25.437  309436 ,63562726559087
8d4  25.924 101026.160  24.908 169.845  45.635  25.930  25.750  314916 ,63562726564576
7ef  25.573 101207.232   9.808 469.696  49.061  25.136  25.062  320396 ,63562726570060
7cd  26.059 101185.648  11.607 291.534  48.039  25.394  25.500  325876 ,63562726575523
8d4  25.954 101058.504  22.210 169.967  45.521  26.016  25.812  331356 ,63562726581005
7ef  25.634 101203.232  10.143 464.523  48.862  25.169  25.125  336836 ,63562726586486
7cd  26.040 101164.472  13.372 289.016  47.306  25.533  25.625  342316 
8d4  25.905 101065.168  21.656 167.663  45.292  26.091  25.843  347796 ,63562726597449
7ef  25.721 101181.816  11.927 457.595  48.962  25.201  25.187  353276 
7cd  26.040 101151.704  14.437 286.849  46.833  25.651  25.687  358756 
8d4  25.905 101009.128  26.330 170.089  45.254  26.102  25.875  364236 
idx: 2 backoff: 1 ,63562726625899
7cd  26.158 101165.624  13.277 290.496  46.993  25.812  25.812  381736 ,63562726631389
8d4  25.924 101023.208  25.157 170.715  45.216  26.177  25.906  387236 
7ef  25.881 101178.072  12.239 464.218  48.618  25.319  25.312  392735 
7cd  26.226 101165.608  13.277 283.325  46.726  25.844  25.875  398235 
8d4  25.918 101003.768  26.779 167.144  45.147  26.209  25.937  403735 
7ef  25.918 101176.248  12.392 463.577  48.618  25.308  25.343  409235 ,63562726658884
7cd  26.263 101179.248  12.141 287.353  46.757  25.791  25.875  414735 
8d4  25.942 101072.704  21.027 168.914  45.048  26.209  25.937  420235 
7ef  25.924 101168.832  13.010 466.018  49.152  25.222  25.281  425735 ,63562726675394
7cd  26.276 101150.792  14.514 286.468  46.726  25.748  25.843  431235 ,63562726680892
8d4  26.022 101015.792  25.775 169.403  45.147  26.220  25.968  436735 ,63562726686393
7ef  25.954 101232.384   7.712 466.308  49.564  25.169  25.250  442235 ,63562726691888
7cd  26.183 101188.560  11.364 283.248  46.124  25.887  25.906  447735 ,63562726697387
8d4  26.077 101019.696  25.450 165.649  45.177  26.230  26.000  453235 ,63562726702894
7ef  25.985 101173.936  12.585 460.113  49.725  25.158  25.218  458735 
7cd  26.170 101181.880  11.921 282.852  46.597  25.769  25.843  464235 ,63562726713884
8d4  26.102 101044.384  23.389 165.557  45.048  26.262  26.031  469735 
7ef  26.059 101176.376  12.381 461.715  49.686  25.265  25.343  475234 
7cd  26.245 101161.264  13.639 281.387  47.070  25.694  25.812  480734 
8d4  26.114 101009.520  26.298 163.223  45.048  26.252  26.031  486234 
7ef  26.126 101170.976  12.830 461.120  49.351  25.329  25.406  491734 ,63562726741383
7cd  26.301 101157.752  13.932 286.529  47.367  25.716  25.843  497234 ,63562726746896
8d4  26.176 101074.208  20.900 164.962  45.078  26.252  26.062  502734 
7ef  26.163 101169.144  12.984 463.058  48.908  25.469  25.500  508234 ,63562726757883
7cd  26.356 101157.440  13.959 282.928  47.291  25.812  25.906  513734 
8d4  26.145 101018.240  25.569 163.558  45.147  26.305  26.062  519234 
7ef  26.243 101182.440  11.874 462.020  48.641  25.608  25.625  524734 
7cd  26.325 101161.504  13.620 285.324  46.520  25.973  26.000  530234 ,63562726779884
8d4  26.120 101017.168  25.659 164.016  45.071  26.316  26.062  535734 ,63562726785384
7ef  26.298 101179.672  12.106 462.127  48.306  25.726  25.718  541234 
7cd  26.276 101157.176  13.980 285.659  46.055  26.091  26.062  546734 
8d4  26.163 101017.584  25.624 163.436  44.971  26.359  26.125  552234 ,63562726801912
7ef  26.286 101179.256  12.141 461.242  48.595  25.898  25.843  557734 
7cd  26.276 101176.336  12.384 282.043  45.841  26.166  26.093  563233 ,63562726812915
8d4  26.163 101023.488  25.133 163.696  45.071  26.402  26.156  568733 
7ef  26.311 101167.848  13.092 460.723  48.222  25.962  25.875  574233 ,63562726823884
7cd  26.251 101163.000  13.496 283.477  45.742  26.252  26.156  579733 
senddatacnf error! 0xe1
idx: 1 backoff: 1 ,63562726841399
7ef  26.415 101184.968  11.665 467.727  47.825  26.005  25.968  597233 
7cd  26.251 101156.608  14.027 282.745  45.567  26.338  26.187  602733 ,63562726852383
8d4  26.243 101031.408  24.472 163.192  44.926  26.509  26.250  608233 
7ef  26.427 101185.368  11.631 462.036  47.741  26.123  26.031  613733 
7cd  26.344 101160.336  13.718 279.953  45.528  26.348  26.218  619233 
8d4  26.274 101016.504  25.714 162.643  44.964  26.541  26.281  624733 
7ef  26.464 101174.328  12.550 458.908  47.512  26.155  26.062  630233 
7cd  26.443 101159.400  13.795 282.684  45.696  26.348  26.250  635733 
8d4  26.329 101020.400  25.389 163.070  44.857  26.531  26.281  641233 ,63562726890884
7ef  26.537 101176.696  12.355 462.722  47.710  26.112  26.062  646732 
7cd  26.511 101159.328  13.803 282.333  45.628  26.348  26.281  652232 
8d4  26.317 101016.920  25.680 162.445  44.994  26.584  26.312  657732 
7ef  26.562 101159.160  13.816 461.883  47.886  25.973  26.000  663232 ,63562726912884
7cd  26.480 101157.032  13.993 282.791  45.628  26.413  26.312  668732 
8d4  26.286 101014.112  25.915 162.536  44.727  26.606  26.312  674232 
7ef  26.592 101167.752  13.100 461.959  48.100  25.898  25.968  679732 
7cd  26.468 101159.960  13.750 283.782  45.589  26.456  26.343  685232 
8d4  26.335 101016.232  25.738 162.338  44.758  26.627  26.343  690732 
7ef  26.629 101178.088  12.239 462.829  48.229  25.866  25.937  696232 
7cd  26.461 101158.208  13.895 283.599  45.589  26.488  26.375  701732 
8d4  26.366 101022.016  25.254 163.497  44.720  26.659  26.375  707232 
7ef  26.690 101192.248  11.057 462.493  48.229  25.898  25.968  712732 
7cd  26.523 101169.184  12.978 282.058  45.658  26.520  26.406  718232 
8d4  26.409 101022.384  25.225 164.657  44.613  26.681  26.406  723732 ,63562726973384
7ef  26.721 101173.344  12.632 465.515  48.222  25.951  26.031  729231 
7cd  26.628 101166.728  13.184   2.075  45.589  26.520  26.437  734731 
8d4  26.532 101009.960  26.261   1.052  44.682  26.681  26.437  740231 ,63562726989884
7ef  26.739 101178.512  12.202   3.997  47.955  26.048  26.093  745731 
7cd  26.690 101161.704  13.605   1.663  45.757  26.466  26.406  751231 
8d4  26.568 101011.528  26.129   0.930  44.750  26.734  26.500  756731 ,63562727006384
7ef  26.758 101168.400  13.044 455.139  47.611  26.145  26.187  762251 
7cd  26.746 101167.720  13.103 294.647  45.826  26.445  26.437  767751 
8d4  26.550 101024.040  25.085 171.981  44.514  26.777  26.500  773271 
7ef  26.776 101194.936  10.833 483.947  47.207  26.252  26.250  778771 
7cd  26.801 101164.120  13.404 293.975  45.719  26.466  26.468  784271 
8d4  26.556 101013.976  25.925 171.020  44.384  26.831  26.531  789771 ,63562727039425
7ef  26.807 101166.848  13.174 487.548  47.268  26.284  26.281  795291 
7cd  26.869 101160.792  13.681 294.204  45.658  26.477  26.500  800791 
8d4  26.562 101015.704  25.783 170.623  44.407  26.852  26.562  806291 
7ef  26.856 101162.272  13.557 486.816  47.199  26.338  26.312  811790 
7cd  26.863 101149.472  14.624 294.631  45.422  26.563  26.562  817290 
8d4  26.581 101020.928  25.344 170.120  44.369  26.863  26.562  822790 
7ef  26.911 101171.640  12.775 487.747  47.199  26.359  26.375  828290 
7cd  26.801 101170.504  12.870 294.387  45.177  26.659  26.625  833790 
8d4  26.574 101048.728  23.027 169.570  44.338  26.895  26.593  839290 
7ef  26.953 101183.656  11.773 486.618  47.070  26.380  26.375  844790 
7cd  26.795 101168.792  13.013 296.081  45.109  26.724  26.656  850290 
8d4  26.556 101028.736  24.694 169.876  44.270  26.895  26.593  855790 
7ef  26.960 101185.376  11.631 502.288  46.932  26.391  26.406  861290 
7cd  26.832 101166.384  13.214 302.169  45.063  26.767  26.687  866790 ,63562727116445
8d4  26.581 101029.792  24.607 174.316  44.270  26.895  26.593  872290 ,63562727121966
7ef  27.021 101193.360  10.965 503.051  46.932  26.423  26.437  877790 
7cd  26.900 101172.648  12.690 302.566  45.208  26.745  26.687  883290 
8d4  26.617 101031.368  24.475 174.835  44.239  26.938  26.625  888790 ,63562727138445
7ef  27.021 101175.024  12.492 504.669  46.932  26.380  26.437  894290 
7cd  26.986 101177.680  12.273 301.422  45.231  26.756  26.718  899789 ,63562727149445
8d4  26.623 101047.872  23.098 175.964  44.369  26.938  26.625  905289 
7ef  27.045 101175.784  12.429 504.486  47.169  26.295  26.375  910789 
7cd  27.042 101161.264  13.639 302.886  45.231  26.767  26.750  916289 
8d4  26.636 101021.816  25.273 175.537  44.239  26.960  26.656  921789 
7ef  27.082 101173.832  12.593 503.372  47.169  26.338  26.406  927289 ,63562727176965
7cd  27.103 101184.944  11.665 303.115  45.162  26.788  26.781  932789 
8d4  26.630 101052.560  22.707 174.880  44.239  26.970  26.656  938289 ,63562727187965
idx: 2 backoff: 2 ,63562727199961
7cd  27.159 101171.712  12.770 301.620  45.200  26.842  26.843  955789 
8d4  26.679 101033.984  24.256 175.033  44.270  26.992  26.687  961289 
7ef  27.186 101181.592  11.945 503.524  46.589  26.606  26.593  966789 
7cd  27.202 101167.808  13.095 301.223  45.231  26.820  26.843  972289 ,63562727221946
8d4  26.709 101030.856  24.517 174.453  44.209  26.992  26.687  977789 ,63562727227454
7ef  27.216 101184.040  11.742 502.960  46.482  26.649  26.625  983288 ,63562727232954
7cd  27.233 101176.448  12.373 300.888  45.231  26.799  26.843  988788 ,63562727238445
8d4  26.807 101029.128  24.662 174.911  44.132  27.013  26.750  994288 
7ef  27.247 101186.488  11.538 501.693  46.345  26.713  26.718  999788 ,63562727249445
7cd  27.245 101173.488  12.622 301.437  45.300  26.809  26.843  1005288 ,63562727254946
8d4  26.770 101024.600  25.038 174.331  44.132  27.024  26.750  1010788 
7ef  27.259 101189.912  11.253 502.517  46.238  26.809  26.750  1016288 ,63562727265954
7cd  27.270 101167.592  13.113 298.065  45.132  26.852  26.906  1021788 ,63562727271447
8d4  26.777 101026.328  24.895 174.255  44.064  27.067  26.781  1027288 ,63562727276945
7ef  27.277 101201.176  10.312 501.922  46.276  26.799  26.781  1032788 ,63562727282446
7cd  27.288 101182.368  11.882 298.477  45.132  26.831  26.906  1038288 ,63562727287946
8d4  26.789 101023.904  25.098 174.621  44.025  27.088  26.781  1043788 ,63562727293448
idx: 2 backoff: 3 ,63562727305461
7cd  27.362 101174.272  12.556 298.400  45.063  26.863  26.937  1061288 ,63562727310972
8d4  26.770 101033.472  24.298 174.636  43.995  27.088  26.781  1066787 
7ef  27.295 101206.320   9.884 502.136  46.070  26.852  26.843  1072287 
7cd  27.380 101192.248  11.057 298.477  44.926  26.938  27.000  1077787 
8d4  26.770 101033.472  24.298 173.736  43.896  27.099  26.781  1083287 ,63562727332952
idx: 2 backoff: 4 ,63562727344961
7cd  27.356 101175.752  12.434 298.767  44.758  27.056  27.062  1100787 
8d4  26.752 101022.336  25.228 172.927  43.896  27.099  26.781  1106287 ,63562727355962
7ef  27.332 101186.000  11.578 499.725  46.139  26.938  26.906  1111787 ,63562727361459
7cd  27.362 101171.072  12.822 298.065  44.552  27.121  27.093  1117287 
idx: 1 backoff: 2 ,63562727378961
7ef  27.350 101191.136  11.150 496.276  46.062  27.003  26.937  1134787 
7cd  27.374 101168.128  13.068 298.446  44.613  27.131  27.125  1140287 ,63562727389948
8d4  26.838 101028.936  24.678 172.256  43.797  27.121  26.812  1145787 
7ef  27.326 101187.336  11.467 497.039  45.925  27.045  26.968  1151286 ,63562727400951
7cd  27.436 101178.960  12.165 295.471  44.682  27.163  27.156  1156786 
8d4  26.826 101019.536  25.463 170.135  44.025  27.142  26.843  1162286 
7ef  27.338 101181.600  11.945 493.942  45.628  27.099  27.000  1167786 ,63562727417447
7cd  27.503 101194.720  10.851 303.024  44.544  27.206  27.187  1173286 ,63562727422949
8d4  26.813 101036.760  24.026 175.170  44.064  27.142  26.843  1178786 
7ef  27.399 101195.656  10.775 510.437  45.727  27.045  26.968  1184286 
7cd  27.522 101180.680  12.022 300.643  44.544  27.185  27.187  1189786 
8d4  26.807 101035.032  24.168 173.019  43.896  27.142  26.812  1195286 
7ef  27.442 101186.208  11.559 499.557  45.795  26.992  26.968  1200786 
7cd  27.559 101178.200  12.228 297.561  44.682  27.185  27.187  1206286 
8d4  26.850 101029.456  24.633 172.470  43.995  27.163  26.843  1211786 
7ef  27.472 101182.528  11.869 505.126  45.826  26.992  26.968  1217286 
7cd  27.583 101178.696  12.188 301.864  44.544  27.238  27.250  1222786 
8d4  26.850 101029.456  24.633 174.774  43.896  27.174  26.875  1228286 ,63562727477946
7ef  27.484 101192.080  11.071 506.042  45.940  26.906  26.937  1233785 
7cd  27.546 101168.368  13.047 300.674  44.498  27.314  27.281  1239285 
8d4  26.868 101037.616  23.952 173.889  43.987  27.185  26.875  1244785 
7ef  27.521 101190.096  11.237 505.752  46.001  26.927  26.968  1250285 
7cd  27.559 101171.816  12.762 302.093  44.399  27.356  27.312  1255785 
8d4  26.868 101034.664  24.200 174.087  43.919  27.196  26.875  1261285 
7ef  27.557 101194.232  10.891 505.798  46.001  26.949  26.968  1266785 
7cd  27.608 101179.168  12.149 299.285  44.437  27.367  27.312  1272285 
8d4  26.850 101026.496  24.882 174.087  43.880  27.206  26.875  1277785 
7ef  27.570 101185.416  11.628 507.675  45.994  26.970  27.000  1283285 
7cd  27.645 101170.296  12.886 298.110  44.399  27.399  27.343  1288785 
8d4  26.844 101027.696  24.781 174.026  43.987  27.228  26.875  1294285 ,63562727543947
7ef  27.594 101183.072  11.821 505.737  45.994  26.992  27.000  1299785 
7cd  27.681 101177.424  12.294 297.683  44.567  27.346  27.343  1305285 ,63562727554946
8d4  26.874 101042.304  23.561 174.652  43.850  27.238  26.906  1310785 
7ef  27.618 101186.832  11.509 509.368  46.032  27.003  27.031  1316284 
7cd  27.724 101173.440  12.624 297.653  44.704  27.292  27.312  1321784 
8d4  26.887 101033.952  24.258 174.133  43.987  27.238  26.906  1327284 
7ef  27.637 101198.096  10.571 502.243  46.062  27.035  27.062  1332784 ,63562727582446
7cd  27.737 101176.880  12.339 298.080  44.666  27.335  27.343  1338284 
8d4  26.905 101024.384  25.059 172.760  44.018  27.260  26.906  1343784 
7ef  27.649 101186.208  11.559 501.052  45.963  27.121  27.125  1349284 
7cd  27.767 101172.672  12.690 295.471  44.567  27.399  27.375  1354784 ,63562727604446
8d4  26.899 101031.504  24.464 172.653  43.987  27.260  26.906  1360284 
7ef  27.691 101195.096  10.820 501.831  45.887  27.163  27.156  1365784 
7cd  27.792 101182.760  11.847 299.026  44.537  27.399  27.406  1371284 
8d4  26.899 101031.504  24.464 175.308  43.987  27.281  26.937  1376784 
7ef  27.722 101185.264  11.639 509.216  45.788  27.228  27.218  1382284 
7cd  27.816 101170.408  12.878 296.249  44.537  27.399  27.437  1387784 
senddatacnf error! 0xe1
idx: 1 backoff: 3 ,63562727649462
7ef  27.740 101184.264  11.723 500.473  45.918  27.217  27.218  1405283 ,63562727654946
7cd  27.859 101172.832  12.674 295.318  44.537  27.432  27.468  1410783 
8d4  26.972 101043.472  23.466 173.217  43.919  27.281  26.968  1416283 
7ef  27.764 101191.088  11.155 501.541  45.918  27.228  27.250  1421783 
7cd  27.890 101171.816  12.762 295.471  44.422  27.474  27.500  1427283 
8d4  26.985 101091.288  19.476 173.400  43.987  27.314  27.000  1432783 
7ef  27.789 101191.808  11.094 499.755  45.956  27.238  27.250  1438283 
7cd  27.902 101175.224  12.476 298.095  44.392  27.474  27.500  1443783 
8d4  27.015 101034.912  24.179 172.988  43.919  27.335  27.000  1449283 
7ef  27.813 101216.992   8.996 502.899  45.856  27.260  27.281  1454783 
7cd  27.915 101178.672  12.188 297.637  44.491  27.474  27.500  1460283 ,63562727709949
8d4  27.021 101030.736  24.528 174.331  43.987  27.346  27.031  1465783 ,63562727715447
7ef  27.850 101202.736  10.183 503.921  45.910  27.324  27.343  1471283 
7cd  27.921 101177.192  12.312 298.263  44.559  27.474  27.500  1476783 ,63562727726447
8d4  27.070 101035.736  24.110 175.109  43.903  27.378  27.062  1482283 
7ef  27.880 101189.832  11.258 501.464  45.643  27.356  27.375  1487782 
7cd  27.945 101184.072  11.739 296.936  44.590  27.453  27.500  1493282 
8d4  27.095 101036.760  24.026 175.933  43.842  27.399  27.093  1498782 
7ef  27.929 101191.216  11.142 511.108  45.574  27.410  27.406  1504282 
7cd  27.902 101184.840  11.676 300.994  44.521  27.528  27.562  1509782 
8d4  27.101 101038.488  23.880 175.949  43.842  27.421  27.093  1515282 
7ef  27.947 101193.272  10.973 512.832  45.445  27.464  27.437  1520782 
7cd  27.841 101174.080  12.571 301.315  44.186  27.592  27.562  1526282 
senddatacnf error! 0xe1,63562727775991
idx: 1 backoff: 4 ,63562727787962
7ef  27.983 101200.440  10.376 509.109  45.445  27.432  27.437  1543782 
7cd  27.847 101182.200  11.895 300.796  44.155  27.592  27.593  1549282 
8d4  27.131 101038.272  23.899 175.079  43.774  27.453  27.125  1554782 
7ef  27.965 101186.136  11.567 508.590  45.445  27.399  27.437  1560282 ,63562727809947
7cd  27.841 101177.280  12.305 300.506  44.155  27.625  27.593  1565782 
senddatacnf error! 0xe1
idx: 1 backoff: 5 ,63562727827462
7ef  27.996 101194.656  10.857 507.720  45.544  27.389  27.437  1583281 ,63562727832947
7cd  27.859 101176.032  12.410 299.392  44.224  27.625  27.593  1588781 
8d4  27.156 101036.328  24.060 174.850  43.674  27.485  27.156  1594281 
7ef  28.020 101195.352  10.798 508.636  45.445  27.389  27.437  1599781 
7cd  27.890 101175.008  12.495 299.469  44.292  27.625  27.625  1605281 ,63562727854947
8d4  27.205 101035.408  24.137 174.392  43.705  27.485  27.187  1610781 
7ef  28.008 101201.136  10.318 507.370  45.506  27.378  27.406  1616281 
7cd  27.902 101172.040  12.743 298.812  44.323  27.625  27.625  1621781 
8d4  27.229 101042.328  23.561 175.216  43.606  27.517  27.218  1627281 
7ef  28.008 101195.000  10.828 507.553  45.544  27.367  27.406  1632781 
7cd  27.921 101180.392  12.046 300.277  44.277  27.657  27.656  1638281 
8d4  27.229 101042.328  23.561 175.643  43.591  27.539  27.218  1643781 
7ef  28.020 101213.736   9.266 507.324  45.475  27.410  27.437  1649281 ,63562727898948
7cd  27.939 101179.136  12.151 299.743  44.315  27.635  27.656  1654780 
8d4  27.223 101037.640  23.952 175.216  43.591  27.528  27.218  1660280 
7ef  28.032 101207.952   9.749 507.705  45.406  27.453  27.468  1665780 
7cd  27.982 101178.336  12.217 299.209  44.346  27.646  27.656  1671280 
8d4  27.217 101030.000  24.589 175.827  43.629  27.539  27.250  1676780 
7ef  28.062 101201.152  10.315 507.019  45.330  27.507  27.500  1682280 
7cd  27.988 101189.664  11.274 299.377  44.277  27.678  27.687  1687780 ,63562727937448
8d4  27.217 101035.912  24.094 174.606  43.629  27.539  27.218  1693280 
7ef  28.087 101201.832  10.259 507.324  45.261  27.539  27.531  1698780 
7cd  28.013 101177.312  12.302 299.041  44.209  27.689  27.687  1704280 
8d4  27.217 101038.872  23.849 175.781  43.591  27.528  27.218  1709780 ,63562727959448
7ef  28.093 101194.344  10.883 507.614  45.231  27.539  27.562  1715280 ,63562727964956
7cd  28.037 101190.576  11.197 298.675  44.247  27.646  27.687  1720780 
8d4  27.205 101041.328  23.643 174.423  43.560  27.528  27.218  1726280 
7ef  28.105 101197.736  10.600 506.713  45.162  27.582  27.593  1731780 ,63562727981448
7cd  28.062 101178.216  12.228 299.102  44.315  27.678  27.687  1737280 ,63562727986956
8d4  27.205 101041.328  23.643 174.209  43.591  27.528  27.218  1742779 
7ef  28.105 101197.736  10.600 503.768  45.124  27.582  27.593  1748279 
7cd  28.068 101176.728  12.352 296.615  44.178  27.721  27.750  1753779 ,63562728003447
8d4  27.198 101042.552  23.542 173.995  43.629  27.528  27.218  1759279 
7ef  28.117 101198.088  10.571 503.692  45.124  27.625  27.625  1764779 
7cd  28.074 101178.456  12.207 297.210  44.109  27.732  27.750  1770279 ,63562728019950
8d4  27.174 101047.448  23.133 173.980  43.697  27.528  27.218  1775779 
senddatacnf error! 0xe1
idx: 2 backoff: 5 ,63562728037463
7cd  28.092 101177.184  12.312 297.973  44.209  27.732  27.750  1793279 
8d4  27.217 101041.832  23.600 174.057  43.697  27.539  27.218  1798779 ,63562728048448
7ef  28.117 101204.216  10.061 502.990  44.918  27.689  27.656  1804279 
7cd  28.123 101192.168  11.063 298.339  44.109  27.721  27.750  1809779 ,63562728059448
8d4  27.205 101047.240  23.151 174.545  43.629  27.539  27.218  1815279 
7ef  28.105 101191.616  11.110 504.364  44.849  27.721  27.687  1820779 
7cd  28.148 101179.792  12.096 302.291  44.209  27.689  27.750  1826278 ,63562728075951
8d4  27.241 101039.864  23.764 175.842  43.697  27.550  27.250  1831778 ,63562728081448
7ef  28.129 101195.368  10.798 509.948  44.918  27.721  27.687  1837278 
7cd  28.141 101181.288  11.972 300.292  44.247  27.657  27.750  1842778 ,63562728092448
8d4  27.253 101037.432  23.968 176.467  43.629  27.560  27.250  1848278 
7ef  28.141 101201.832  10.259 510.223  44.918  27.678  27.656  1853778 
7cd  28.148 101179.792  12.096 301.055  44.247  27.678  27.750  1859278 
8d4  27.253 101043.336  23.476 175.933  43.591  27.571  27.250  1864778 
7ef  28.153 101196.048  10.740 509.796  44.987  27.678  27.687  1870278 
7cd  28.178 101185.168  11.649 300.552  44.247  27.743  27.781  1875778 
8d4  27.253 101043.336  23.476 175.170  43.591  27.571  27.250  1881278 
7ef  28.166 101193.320  10.968 506.729  44.987  27.710  27.687  1886778 
7cd  28.172 101189.848  11.258 298.599  44.109  27.764  27.812  1892278 
8d4  27.247 101035.696  24.113 174.392  43.591  27.571  27.250  1897778 
7ef  28.178 101193.648  10.941 505.035  44.888  27.700  27.718  1903278 
7cd  28.190 101185.384  11.631 298.202  44.010  27.764  27.812  1908777 
8d4  27.253 101037.432  23.968 174.331  43.591  27.582  27.250  1914277 ,63562728163952
7ef  28.172 101191.960  11.081 505.950  44.918  27.710  27.718  1919777 
7cd  28.184 101183.672  11.773 302.017  44.041  27.775  27.843  1925277 ,63562728174948
8d4  27.253 101049.264  22.982 174.835  43.591  27.582  27.250  1930777 ,63562728180450
7ef  28.196 101198.752  10.516 507.919  44.949  27.657  27.687  1936277 ,63562728185953
7cd  28.190 101175.768  12.431 300.537  44.064  27.785  27.843  1941797 ,63562728191469
8d4  27.266 101040.880  23.680 175.918  43.591  27.582  27.281  1947297 ,63562728196976
7ef  28.214 101194.664  10.857 510.330  45.017  27.689  27.718  1952797 
7cd  28.197 101174.272  12.556 298.858  44.041  27.775  27.812  1958297 ,63562728207979
8d4  27.253 101043.336  23.476 175.628  43.629  27.603  27.281  1963797 ,63562728213487
7ef  28.232 101193.640  10.941 510.208  44.888  27.732  27.750  1969297 
7cd  28.221 101177.912  12.252 299.072  44.041  27.775  27.843  1974797 ,63562728224469
8d4  27.259 101045.064  23.331 175.628  43.659  27.603  27.281  1980297 ,63562728229989
7ef  28.275 101199.416  10.460 510.772  44.918  27.807  27.812  1985797 ,63562728235473
7cd  28.221 101184.328  11.718 299.850  44.064  27.818  27.875  1991296 ,63562728240969
8d4  27.278 101038.432  23.886 175.201  43.659  27.603  27.281  1996796 ,63562728246477
7ef  28.251 101186.488  11.538 509.231  44.811  27.839  27.812  2002296 ,63562728251997
7cd  28.258 101188.200  11.396 300.323  44.033  27.850  27.875  2007796 
8d4  27.302 101039.440  23.801 174.789  43.629  27.625  27.312  2013296 ,63562728262989
7ef  28.263 101196.016  10.743 510.314  44.773  27.861  27.843  2018796 ,63562728268482
7cd  28.294 101172.832  12.674 299.667  43.934  27.903  27.937  2024296 ,63562728273975
8d4  27.314 101036.968  24.007 175.903  43.591  27.646  27.312  2029796 ,63562728279471
7ef  28.220 101208.624   9.691 510.421  44.743  27.914  27.875  2035296 
7cd  28.319 101189.296  11.303 300.750  44.003  27.893  27.937  2040796 ,63562728290468
8d4  27.357 101046.136  23.241 175.643  43.629  27.646  27.343  2046296 ,63562728295985
7ef  28.238 101195.336  10.801 514.099  44.743  27.925  27.875  2051796 ,63562728301469
7cd  28.319 101179.680  12.106 302.474  44.003  27.882  27.937  2057296 ,63562728306969
8d4  27.381 101044.168  23.407 176.376  43.591  27.667  27.343  2062796 
7ef  28.238 101189.208  11.311 512.130  44.842  27.936  27.875  2068296 
7cd  28.319 101186.088  11.570 299.774  44.003  27.893  27.937  2073796 ,63562728323472
8d4  27.388 101031.104  24.496 176.849  43.613  27.700  27.375  2079295 ,63562728328973
7ef  28.263 101196.016  10.743 513.320  44.674  27.946  27.875  2084795 ,63562728334469
7cd  28.343 101186.520  11.536 300.888  43.964  27.914  27.968  2090295 ,63562728339976
8d4  27.381 101044.168  23.407 176.528  43.613  27.710  27.375  2095795 
7ef  28.293 101195.320  10.801 511.230  44.605  27.936  27.875  2101295 ,63562728350972
7cd  28.380 101177.544  12.283 300.338  43.835  27.957  28.000  2106795 ,63562728356474
8d4  27.418 101051.584  22.786 175.796  43.583  27.700  27.375  2112295 ,63562728361969
7ef  28.287 101199.760  10.431 511.520  44.773  27.936  27.875  2117795 
7cd  28.392 101177.768  12.265 300.048  43.766  27.968  28.000  2123295 ,63562728372973
8d4  27.436 101041.984  23.590 177.536  43.613  27.721  27.406  2128795 ,63562728378476
7ef  28.311 101197.360  10.632 514.389  44.872  27.914  27.875  2134295 ,63562728383970
7cd  28.392 101174.552  12.532 300.231  43.797  27.979  28.000  2139795 ,63562728389472
8d4  27.449 101039.512  23.796 177.734  43.613  27.743  27.406  2145295 ,63562728394977
idx: 2 backoff: 6 ,63562728406991
7cd  28.429 101188.048  11.406 300.888  43.827  27.989  28.031  2162794 
8d4  27.461 101037.056  23.999 178.451  43.583  27.753  27.437  2168294 ,63562728417980
7ef  28.305 101195.664  10.772 513.549  44.872  27.925  27.906  2173794 ,63562728423471
7cd  28.417 101168.584  13.031 299.545  43.865  27.936  28.000  2179294 ,63562728428971
8d4  27.461 101037.056  23.999 176.986  43.484  27.753  27.437  2184794 ,63562728434472
7ef  28.281 101191.920  11.084 513.168  44.811  27.936  27.906  2190294 
7cd  28.429 101184.832  11.676 299.652  43.934  27.957  28.031  2195794 ,63562728445470
8d4  27.473 101037.552  23.960 177.200  43.484  27.775  27.437  2201294 ,63562728450973
7ef  28.299 101200.088  10.405 509.307  44.811  27.968  27.906  2206794 
7cd  28.411 101179.704  12.104 298.126  43.957  28.011  28.062  2212294 
8d4  27.503 101043.232  23.484 175.720  43.613  27.785  27.468  2217794 
7ef  28.329 101199.400  10.463 508.850  44.811  27.936  27.906  2223294 ,63562728472975
7cd  28.441 101181.840  11.924 300.872  43.858  28.054  28.062  2228794 ,63562728478471
8d4  27.485 101038.056  23.917 176.345  43.583  27.796  27.468  2234294 
7ef  28.348 101201.432  10.294 507.385  44.773  27.957  27.937  2239794 ,63562728489474
7cd  28.454 101182.064  11.906 297.348  43.926  28.032  28.062  2245293 ,63562728494969
8d4  27.540 101041.760  23.608 175.781  43.613  27.818  27.500  2250793 ,63562728500472
7ef  28.323 101182.360  11.882 508.102  44.865  28.011  27.968  2256293 ,63562728505979
7cd  28.454 101185.264  11.639 296.478  44.025  28.011  28.062  2261793 ,63562728511470
8d4  27.534 101045.960  23.257 176.086  43.613  27.828  27.500  2267293 ,63562728516974
7ef  28.354 101196.984  10.664 509.368  44.773  27.979  27.937  2272793 
7cd  28.490 101176.280  12.389 298.828  43.926  28.064  28.093  2278293 ,63562728527972
8d4  27.534 101045.960  23.257 176.544  43.552  27.818  27.500  2283793 ,63562728533470
senddatacnf error! 0xe1
idx: 2 backoff: 7 ,63562728545485
7cd  28.509 101181.408  11.961 300.415  43.987  28.032  28.062  2301293 ,63562728550969
8d4  27.540 101032.872  24.348 175.872  43.552  27.839  27.531  2306793 
7ef  28.451 101199.664  10.439 508.880  44.697  28.000  27.968  2312293 
7cd  28.502 101186.112  11.570 299.667  44.125  28.000  28.062  2317793 ,63562728567470
8d4  27.540 101041.760  23.608 175.552  43.484  27.839  27.531  2323293 ,63562728572970
7ef  28.487 101200.648  10.357 508.346  44.933  28.107  28.031  2328792 ,63562728578470
7cd  28.509 101187.832  11.427 301.300  44.636  27.871  28.000  2334292 
8d4  27.552 101045.224  23.318 177.566  43.552  27.850  27.531  2339792 
7ef  28.542 101200.592  10.362 514.038  44.857  28.193  28.093  2345292 
7cd  28.509 101181.408  11.961 302.291  44.735  27.850  27.968  2350792 
8d4  27.558 101041.008  23.669 175.842  43.476  27.882  27.562  2356292 
7ef  28.554 101203.984  10.080 514.038  44.926  28.204  28.093  2361792 
7cd  28.502 101186.112  11.570 301.467  44.842  27.818  27.937  2367292 ,63562728616970
8d4  27.558 101038.056  23.917 176.513  43.507  27.903  27.562  2372792 
7ef  28.614 101205.624   9.942 512.512  44.926  28.257  28.156  2378292 
7cd  28.533 101181.832  11.927 300.292  44.872  27.861  27.968  2383792 ,63562728633470
8d4  27.570 101050.400  22.887 176.589  43.606  27.903  27.562  2389292 ,63562728638970
7ef  28.639 101203.184  10.146 514.205  44.521  28.204  28.125  2394792 ,63562728644471
7cd  28.539 101186.744  11.517 300.369  45.010  27.850  27.968  2400292 
8d4  27.583 101036.088  24.081 176.651  43.705  27.925  27.593  2405792 
idx: 2 backoff: 8 ,63562728667486
7cd  28.564 101183.968  11.747 299.636  45.040  27.861  27.968  2423291 
8d4  27.631 101052.848  22.681 175.231  43.842  27.946  27.593  2428791 
7ef  28.723 101205.472   9.956 509.918  45.086  28.268  28.187  2434291 
7cd  28.570 101166.416  13.211 300.552  45.170  27.871  27.968  2439791 
8d4  27.644 101035.576  24.123 175.186  43.873  27.968  27.625  2445291 
7ef  28.748 101199.968  10.413 512.466  44.956  28.322  28.218  2450791 
7cd  28.594 101170.048  12.907 298.553  45.139  27.893  28.000  2456291 ,63562728705971
8d4  27.686 101041.760  23.608 175.735  43.911  28.000  27.656  2461791 
7ef  28.711 101202.080  10.238 509.689  44.788  28.182  28.125  2467291 
7cd  28.612 101178.384  12.212 300.399  45.109  27.936  28.031  2472791 
8d4  27.723 101034.328  24.227 176.101  43.911  28.011  27.687  2478291 
7ef  28.729 101191.824  11.094 513.595  45.269  28.129  28.093  2483791 
7cd  28.625 101181.800  11.929 301.483  45.139  27.925  28.000  2489291 
8d4  27.765 101028.632  24.702 176.895  43.964  28.054  27.718  2494791 
7ef  28.741 101195.200  10.812 515.380  45.460  28.236  28.156  2500290 
7cd  28.637 101178.792  12.180 301.498  45.033  27.989  28.062  2505790 
8d4  27.796 101043.176  23.489 177.307  43.896  28.086  27.750  2511290 
7ef  28.741 101207.480   9.789 519.104  45.422  28.290  28.218  2516790 
7cd  28.661 101192.056  11.073 301.467  44.895  28.021  28.062  2522290 ,63562728771970
8d4  27.814 101045.416  23.302 177.871  43.964  28.107  27.781  2527790 ,63562728777471
idx: 2 backoff: 9 ,63562728789486
7cd  28.686 101179.632  12.109 300.918  44.964  28.032  28.093  2545290 ,63562728794971
8d4  27.826 101045.872  23.265 178.817  44.033  28.139  27.812  2550790 ,63562728800471
7ef  28.808 101201.576  10.281 521.194  45.383  28.408  28.312  2556290 
7cd  28.686 101186.040  11.575 299.057  45.132  28.054  28.125  2561790 ,63562728811470
8d4  27.851 101052.776  22.689 177.734  43.934  28.161  27.812  2567290 
7ef  28.844 101205.600   9.945 518.676  45.216  28.472  28.343  2572790 ,63562728822471
7cd  28.698 101183.040  11.826 301.620  45.101  28.054  28.125  2578290 
8d4  27.887 101048.312  23.061 177.719  43.964  28.204  27.843  2583789 
7ef  28.893 101194.584  10.862 518.722  45.239  28.525  28.406  2589289 ,63562728838971
7cd  28.710 101183.248  11.808 301.818  45.261  28.043  28.125  2594789 
8d4  27.911 101043.344  23.476 177.764  43.919  28.214  27.875  2600289 ,63562728850002
7ef  28.905 101197.976  10.579 519.271  45.338  28.590  28.437  2605789 
7cd  28.716 101172.120  12.735 301.605  45.300  28.064  28.125  2611289 
8d4  27.905 101062.360  21.888 177.337  44.018  28.214  27.875  2616789 
7ef  28.881 101191.200  11.145 519.866  45.376  28.643  28.468  2622289 
7cd  28.747 101183.856  11.758 302.719  45.132  28.118  28.156  2627789 
8d4  27.936 101044.296  23.394 177.597  43.987  28.214  27.906  2633289 ,63562728882971
7ef  28.869 101197.040  10.658 520.477  45.544  28.676  28.500  2638789 
7cd  28.753 101175.952  12.416 300.521  45.231  28.096  28.156  2644289 
8d4  27.942 101043.072  23.497 177.688  43.987  28.225  27.906  2649789 
7ef  28.869 101203.168  10.146 518.951  45.269  28.686  28.500  2655289 
7cd  28.759 101180.848  12.009 302.261  45.261  28.107  28.187  2660789 
8d4  27.954 101040.584  23.706 177.398  44.056  28.236  27.906  2666288 ,63562728915971
7ef  28.905 101204.120  10.069 520.446  45.239  28.686  28.500  2671788 ,63562728921472
7cd  28.759 101180.848  12.009 302.230  45.437  28.118  28.187  2677288 
8d4  27.997 101046.720  23.193 177.200  43.987  28.290  27.968  2682788 ,63562728932471
7ef  28.893 101259.040   5.493 470.321  45.338  28.654  28.500  2688288 
7cd  28.783 101181.256  11.974 298.873  45.368  28.118  28.187  2693788 
8d4  28.045 101039.736  23.777 178.451  43.987  28.300  28.000  2699288 ,63562728948972
7ef  28.917 101195.216  10.809 522.171  45.406  28.643  28.500  2704788 
7cd  28.814 101180.168  12.064 301.788  45.185  28.204  28.250  2710288 ,63562728959971
8d4  28.069 101046.624  23.201 177.398  43.888  28.343  28.000  2715788 
7ef  28.953 101199.232  10.476 519.073  45.445  28.665  28.531  2721308 ,63562728970991
7cd  28.820 101191.512  11.118 303.726  45.216  28.214  28.250  2726808 
8d4  28.063 101044.904  23.344 176.879  43.957  28.343  28.031  2732308 
7ef  28.983 101201.560  10.281 518.936  45.574  28.601  28.500  2737808 
7cd  28.832 101185.288  11.639 300.552  45.391  28.204  28.250  2743308 
8d4  28.069 101037.736  23.944 176.544  43.957  28.375  28.062  2748807 
7ef  29.020 101205.560   9.948 518.157  45.597  28.708  28.562  2754307 
7cd  28.851 101180.776  12.014 300.476  45.452  28.193  28.250  2759807 
8d4  28.112 101049.776  22.940 177.322  43.980  28.397  28.062  2765307 ,63562729014991
7ef  29.026 101201.112  10.320 517.181  45.528  28.719  28.562  2770807 
7cd  28.863 101180.976  11.998 300.598  45.322  28.257  28.281  2776307 
8d4  28.142 101055.416  22.469 177.459  44.079  28.397  28.093  2781807 
7ef  29.050 101201.752  10.265 518.615  45.567  28.729  28.593  2787307 
7cd  28.899 101194.416  10.878 301.589  45.254  28.279  28.312  2792807 
8d4  28.167 101059.320  22.142 176.635  44.277  28.418  28.093  2798307 
7ef  29.074 101236.152   7.401 518.798  45.567  28.740  28.593  2803807 
7cd  28.899 101188.000  11.411 302.993  45.147  28.332  28.343  2809307 ,63562729058991
8d4  28.161 101048.712  23.027 177.230  44.178  28.429  28.093  2814807 ,63562729064492
7ef  29.110 101209.448   9.625 519.363  45.696  28.719  28.625  2820307 ,63562729069992
7cd  28.918 101189.888  11.253 301.940  45.048  28.397  28.375  2825807 
8d4  28.167 101044.496  23.378 176.925  44.277  28.440  28.125  2831307 
7ef  29.134 101194.712  10.851 519.561  45.834  28.729  28.625  2836806 ,63562729086491
7cd  28.936 101185.376  11.631 303.039  45.010  28.418  28.406  2842306 
8d4  28.167 101053.400  22.636 177.078  44.148  28.450  28.125  2847806 
7ef  29.171 101207.920   9.752 521.759  45.666  28.729  28.625  2853306 
7cd  28.948 101195.200  10.812 301.788  44.949  28.472  28.437  2858806 
idx: 1 backoff: 6 ,63562729120507
7ef  29.237 101217.296   8.970 517.395  45.567  28.772  28.687  2876306 
7cd  28.948 101188.792  11.345 300.811  44.865  28.525  28.500  2881806 
8d4  28.179 101056.848  22.348 176.834  44.148  28.440  28.125  2887306 
7ef  29.267 101216.520   9.033 515.350  45.261  28.826  28.718  2892806 
7cd  28.979 101187.680  11.438 300.949  44.697  28.579  28.531  2898306 
8d4  28.173 101061.048  21.999 176.376  44.247  28.450  28.125  2903826 
7ef  29.279 101210.680   9.522 513.702  45.498  28.837  28.718  2909326 
7cd  29.009 101205.832   9.924 299.423  44.636  28.590  28.531  2914826 ,63562729164520
8d4  28.148 101048.240  23.067 177.062  44.277  28.440  28.125  2920325 ,63562729170012
7ef  29.279 101213.760   9.266 515.182  45.162  28.847  28.718  2925825 
7cd  29.046 101187.160  11.483 301.284  44.460  28.622  28.562  2931325 ,63562729181018
8d4  28.142 101046.520  23.209 175.964  44.346  28.440  28.125  2936825 
7ef  29.297 101203.448  10.125 513.244  45.124  28.826  28.718  2942325 
7cd  29.052 101192.080  11.071 301.239  44.498  28.643  28.593  2947825 
8d4  28.124 101053.224  22.652 175.827  44.315  28.440  28.125  2953325 ,63562729203013
7ef  29.303 101205.144   9.982 513.687  45.292  28.837  28.750  2958825 ,63562729208518
7cd  29.046 101187.160  11.483 302.108  44.598  28.611  28.593  2964325 ,63562729214012
8d4  28.130 101043.088  23.497 176.086  44.277  28.450  28.125  2969825 
7ef  29.316 101205.448   9.958 513.809  45.628  28.858  28.750  2975325 ,63562729225017
7cd  29.064 101189.056  11.324 302.444  44.498  28.611  28.593  2980825 
8d4  28.155 101058.848  22.181 176.757  44.315  28.450  28.125  2986325 ,63562729236012
7ef  29.316 101208.512   9.702 513.748  45.567  28.815  28.750  2991825 ,63562729241514
7cd  29.076 101189.240  11.308 299.072  44.567  28.643  28.593  2997325 
8d4  28.179 101047.960  23.090 175.064  44.315  28.440  28.125  3002824 ,63562729252513
7ef  29.334 101213.576   9.279 521.453  45.628  28.815  28.750  3008324 
7cd  29.101 101183.208  11.810 300.537  44.735  28.611  28.593  3013824 
8d4  28.185 101046.712  23.193 177.108  44.346  28.461  28.156  3019324 ,63562729269014
7ef  29.316 101214.656   9.189 518.432  45.765  28.783  28.718  3024824 
7cd  29.101 101180.000  12.077 302.444  44.666  28.654  28.625  3030324 ,63562729280012
8d4  28.167 101053.400  22.636 176.345  44.346  28.461  28.156  3035824 ,63562729285512
7ef  29.328 101205.752   9.932 522.491  45.834  28.794  28.750  3041324 ,63562729291013
7cd  29.101 101186.432  11.544 301.940  44.636  28.686  28.625  3046824 ,63562729296512
8d4  28.173 101046.224  23.236 178.253  44.415  28.461  28.156  3052324 ,63562729302014
7ef  29.346 101204.664  10.022 523.529  45.567  28.804  28.750  3057824 ,63562729307537
7cd  29.137 101193.424  10.960 302.383  44.590  28.708  28.656  3063324 ,63562729313016
8d4  28.179 101053.888  22.596 178.466  44.514  28.483  28.156  3068824 ,63562729318513
7ef  29.382 101202.496  10.204 521.728  45.498  28.847  28.781  3074324 ,63562729324012
7cd  29.137 101190.200  11.227 302.490  44.491  28.729  28.656  3079824 ,63562729329512
8d4  28.155 101047.000  23.170 179.122  44.514  28.472  28.156  3085323 
7ef  29.394 101208.952   9.665 513.565  45.353  28.890  28.812  3090823 
7cd  29.125 101177.168  12.315 300.811  44.621  28.686  28.656  3096323 
8d4  28.191 101054.352  22.557 177.948  44.514  28.472  28.156  3101823 
7ef  29.394 101205.872   9.921 521.179  45.383  28.869  28.812  3107323 ,63562729357020
7cd  29.125 101180.384  12.046 300.033  44.697  28.654  28.625  3112823 ,63562729362512
8d4  28.203 101054.832  22.517 177.352  44.514  28.483  28.156  3118323 
7ef  29.412 101198.640  10.524 521.240  45.452  28.912  28.843  3123823 ,63562729373514
7cd  29.125 101173.952  12.582 300.766  44.735  28.676  28.656  3129323 ,63562729379013
8d4  28.221 101045.160  23.323 176.727  44.582  28.504  28.187  3134823 ,63562729384512
7ef  29.436 101190.024  11.242 519.454  45.383  28.976  28.875  3140323 
7cd  29.137 101190.200  11.227 300.888  44.659  28.729  28.687  3145823 
8d4  28.240 101056.240  22.398 177.307  44.514  28.515  28.187  3151323 ,63562729401012
7ef  29.460 101206.000   9.911 519.866  45.422  28.997  28.875  3156823 
7cd  29.149 101193.608  10.944 301.132  44.659  28.751  28.687  3162323 ,63562729412027
8d4  28.252 101059.680  22.113 177.795  44.445  28.536  28.218  3167823 ,63562729417514
7ef  29.460 101199.848  10.423 519.149  45.147  29.008  28.906  3173322 ,63562729423015
7cd  29.143 101191.912  11.086 303.039  44.552  28.794  28.718  3178822 ,63562729428517
idx: 1 backoff: 7 ,63562729440528
7ef  29.460 101199.848  10.423 519.683  45.216  29.030  28.906  3196342 
7cd  29.137 101183.792  11.763 301.101  44.689  28.772  28.718  3201842 ,63562729451535
8d4  28.233 101048.600  23.037 178.771  44.483  28.536  28.218  3207342 ,63562729457038
7ef  29.490 101205.200   9.977 519.683  45.177  29.051  28.937  3212842 
7cd  29.168 101189.088  11.322 302.917  44.621  28.783  28.718  3218342 
8d4  28.233 101057.504  22.295 178.161  44.483  28.525  28.218  3223842 
7ef  29.472 101206.296   9.887 520.568  45.490  29.008  28.906  3229342 ,63562729479033
7cd  29.162 101184.168  11.731 301.956  44.659  28.783  28.750  3234842 
8d4  28.240 101050.320  22.892 178.115  44.552  28.536  28.218  3240342 ,63562729490033
7ef  29.460 101206.000   9.911 518.997  45.216  28.976  28.875  3245842 ,63562729495536
7cd  29.186 101181.336  11.966 301.910  44.590  28.815  28.781  3251342 ,63562729501034
8d4  28.276 101048.768  23.022 179.107  44.506  28.568  28.250  3256841 ,63562729506535
7ef  29.496 101209.968   9.580 520.904  45.521  28.987  28.906  3262341 
7cd  29.198 101191.168  11.147 300.369  44.659  28.826  28.781  3267841 ,63562729517537
8d4  28.312 101047.200  23.154 177.200  44.605  28.579  28.250  3273341 ,63562729523038
7ef  29.490 101208.272   9.723 522.186  45.689  29.019  28.937  3278841 
7cd  29.192 101192.672  11.023 304.000  44.552  28.858  28.781  3284341 
8d4  28.325 101044.712  23.360 179.595  44.582  28.547  28.250  3289841 
7ef  29.496 101197.680  10.606 522.445  45.582  29.062  28.968  3295341 
7cd  29.168 101179.448  12.125 304.122  44.506  28.890  28.812  3300841 
8d4  28.331 101046.440  23.217 180.328  44.575  28.601  28.281  3306341 
7ef  29.533 101204.712  10.019 520.843  45.376  29.072  28.968  3311841 
senddatacnf error! 0xe1,63562729561568
idx: 0 backoff: 1 ,63562729573549
8d4  28.337 101071.864  21.095 179.946  44.575  28.611  28.281  3329341 
7ef  29.533 101207.784   9.763 520.813  45.475  29.072  28.968  3334841 
7cd  29.210 101181.728  11.935 302.063  44.506  28.890  28.812  3340340 
8d4  28.337 101057.040  22.332 179.229  44.575  28.611  28.281  3345840 ,63562729595533
7ef  29.533 101207.784   9.763 521.804  45.551  29.019  28.937  3351340 
7cd  29.235 101182.096  11.903 304.336  44.476  28.912  28.843  3356840 
8d4  28.355 101059.240  22.150 177.673  44.605  28.643  28.312  3362340 
7ef  29.557 101211.440   9.459 516.799  45.551  29.019  28.968  3367840 
7cd  29.216 101180.208  12.061 301.239  44.575  28.933  28.843  3373340 ,63562729623033
8d4  28.367 101050.816  22.853 176.300  44.605  28.654  28.312  3378840 
7ef  29.551 101206.680   9.855 515.808  45.589  28.987  28.937  3384340 
7cd  29.125 101177.168  12.315 301.956  44.613  28.954  28.843  3389840 
8d4  28.379 101054.240  22.567 177.169  44.575  28.665  28.312  3395340 ,63562729645034
7ef  29.569 101205.592   9.945 516.632  45.620  28.944  28.937  3400840 
7cd  29.107 101184.904  11.670 302.871  44.643  28.890  28.812  3406340 
8d4  28.373 101049.560  22.956 178.649  44.575  28.676  28.343  3411840 
7ef  29.593 101224.632   8.360 519.027  45.651  28.954  28.937  3417340 
7cd  29.149 101206.464   9.874 302.459  44.506  28.890  28.812  3422839 
8d4  28.361 101052.064  22.747 178.985  44.643  28.676  28.312  3428339 
7ef  29.605 101218.776   8.848 520.355  45.826  28.976  28.937  3433839 ,63562729683533
7cd  29.192 101195.880  10.754 303.512  44.643  28.858  28.812  3439339 
8d4  28.349 101051.584  22.786 177.673  44.643  28.676  28.343  3444859 ,63562729694553
7ef  29.617 101222.152   8.566 518.264  45.788  29.019  28.968  3450359 
7cd  29.198 101181.528  11.951 303.924  44.621  28.847  28.781  3455859 
8d4  28.373 101058.464  22.213 176.940  44.537  28.676  28.343  3461359 
7ef  29.599 101201.720  10.267 518.585  45.719  29.030  28.968  3466859 
7cd  29.229 101183.616  11.776 301.834  44.613  28.869  28.812  3472359 
8d4  28.373 101058.464  22.213 180.892  44.506  28.686  28.343  3477859 
7ef  29.581 101205.888   9.921 525.283  45.422  29.030  28.968  3483359 ,63562729733053
7cd  29.259 101195.328  10.801 302.703  44.743  28.890  28.812  3488859 ,63562729738554
8d4  28.416 101058.616  22.200 179.840  44.643  28.676  28.343  3494359 
7ef  29.587 101204.504  10.035 525.238  45.521  29.019  28.968  3499859 
7cd  29.247 101182.288  11.887 304.641  44.781  28.890  28.843  3505359 ,63562729755054
8d4  28.409 101062.824  21.851 179.946  44.605  28.686  28.343  3510858 
7ef  29.581 101202.816  10.178 524.642  45.620  28.987  28.937  3516358 
7cd  29.198 101194.384  10.880 306.594  44.781  28.912  28.843  3521858 
8d4  28.422 101069.216  21.317 178.588  44.712  28.686  28.375  3527358 
7ef  29.581 101208.960   9.665 518.936  45.788  28.987  28.968  3532858 ,63562729782553
7cd  29.198 101194.384  10.880 303.695  44.743  28.901  28.843  3538358 ,63562729788053
8d4  28.434 101060.800  22.018 177.780  44.712  28.708  28.375  3543858 
7ef  29.605 101209.552   9.615 517.120  45.689  29.019  28.968  3549358 ,63562729799055
7cd  29.241 101180.584  12.030 301.986  44.743  28.890  28.843  3554858 ,63562729804554
idx: 1 backoff: 8 ,63562729816569
7ef  29.605 101203.408  10.127 517.837  45.750  29.040  29.000  3572358 
7cd  29.253 101193.624  10.944 299.972  44.827  28.815  28.812  3577858 
8d4  28.409 101050.960  22.839 177.368  44.643  28.708  28.375  3583358 ,63562729833053
7ef  29.617 101203.704  10.104 519.760  45.612  29.062  29.000  3588858 ,63562729838553
7cd  29.271 101189.088  11.322 301.483  44.827  28.847  28.812  3594357 
8d4  28.379 101051.264  22.813 179.672  44.575  28.708  28.375  3599857 
7ef  29.653 101210.728   9.517 522.445  45.643  29.094  29.031  3605357 
7cd  29.259 101188.904  11.335 300.704  44.781  28.890  28.843  3610857 
8d4  28.416 101058.616  22.200 178.527  44.605  28.719  28.375  3616357 ,63562729866068
7ef  29.677 101263.584   5.115 524.688  45.544  29.105  29.062  3621857 ,63562729871560
7cd  29.247 101185.504  11.620 301.986  44.743  28.922  28.875  3627357 
8d4  28.409 101059.848  22.097 180.709  44.643  28.719  28.375  3632857 ,63562729882557
7ef  29.677 101220.544   8.701 523.788  45.612  29.115  29.062  3638357 
7cd  29.308 101192.856  11.007 302.719  44.743  28.944  28.875  3643857 
8d4  28.422 101051.424  22.802 177.658  44.575  28.719  28.375  3649357 
7ef  29.689 101220.840   8.674 513.580  45.681  29.083  29.062  3654857 
7cd  29.302 101184.744  11.684 302.185  44.712  28.944  28.906  3660357 
8d4  28.452 101057.040  22.332 178.451  44.605  28.719  28.406  3665857 
7ef  29.689 101220.840   8.674 517.700  45.750  29.105  29.062  3671357 
7cd  29.320 101196.256  10.724 305.419  44.712  28.912  28.875  3676856 
8d4  28.446 101064.224  21.732 179.046  44.643  28.729  28.406  3682356 
7ef  29.683 101219.152   8.817 520.492  45.811  29.072  29.031  3687856 
7cd  29.320 101193.048  10.991 301.757  44.743  28.933  28.906  3693356 ,63562729943054
8d4  28.470 101068.136  21.407 178.695  44.605  28.740  28.406  3698856 
7ef  29.671 101206.560   9.866 518.127  45.849  29.094  29.031  3704356 ,63562729954069
7cd  29.332 101193.232  10.976 299.758  44.781  28.890  28.875  3709856 
8d4  28.434 101048.936  23.008 178.558  44.712  28.740  28.406  3715356 
7ef  29.671 101206.560   9.866 519.760  45.918  29.094  29.062  3720856 ,63562729970555
7cd  29.344 101186.992  11.496 302.429  44.895  28.858  28.843  3726356 
8d4  28.428 101059.088  22.163 177.566  44.643  28.740  28.406  3731856 ,63562729981554
7ef  29.653 101247.616   6.444 517.684  46.047  29.072  29.031  3737356 
7cd  29.350 101191.912  11.086 301.483  45.162  28.837  28.843  3742856 ,63562729992554
8d4  28.446 101064.224  21.732 178.527  44.796  28.751  28.406  3748356 
7ef  29.665 101211.024   9.493 520.660  45.780  29.137  29.093  3753856 ,63562730003555
7cd  29.344 101203.072  10.156 303.283  45.094  28.837  28.843  3759355 
8d4  28.446 101064.224  21.732 178.588  44.712  28.740  28.406  3764855 
7ef  29.701 101224.208   8.394 525.848  45.750  29.148  29.093  3770355 ,63562730020054
7cd  29.350 101185.488  11.620 304.809  45.063  28.815  28.843  3775855 
8d4  28.464 101060.480  22.047 178.543  44.712  28.740  28.406  3781355 ,63562730031055
7ef  29.707 101213.592   9.279 525.619  45.750  29.158  29.093  3786855 ,63562730036554
7cd  29.362 101185.672  11.607 303.100  45.124  28.804  28.843  3792355 
8d4  28.446 101064.224  21.732 179.168  44.712  28.740  28.406  3797855 
7ef  29.701 101208.840   9.676 525.802  45.582  29.148  29.093  3803355 
7cd  29.393 101203.808  10.093 303.802  45.017  28.879  28.875  3808855 
8d4  28.434 101051.904  22.760 180.084  44.712  28.740  28.406  3814355 
7ef  29.725 101218.632   8.859 525.161  45.643  29.126  29.093  3819855 
7cd  29.381 101184.344  11.715 305.480  44.949  28.869  28.875  3825355 ,63562730075063
8d4  28.422 101060.320  22.060 178.573  44.773  28.729  28.406  3830855 
7ef  29.725 101212.496   9.372 513.656  45.712  29.105  29.062  3836355 ,63562730086058
7cd  29.399 101192.656  11.023 301.361  45.124  28.804  28.843  3841875 
8d4  28.434 101063.768  21.772 176.345  44.773  28.740  28.406  3847374 
7ef  29.719 101216.968   8.996 513.931  45.750  29.126  29.093  3852874 ,63562730102575
7cd  29.405 101194.336  10.883 300.247  45.162  28.815  28.843  3858374 ,63562730108076
8d4  28.446 101061.264  21.981 177.368  44.773  28.751  28.406  3863874 
7ef  29.725 101212.496   9.372 513.122  45.582  29.158  29.093  3869374 
7cd  29.429 101194.704  10.854 303.283  45.094  28.858  28.875  3874874 
8d4  28.434 101066.736  21.523 176.864  44.865  28.761  28.406  3880374 ,63562730130074
7ef  29.707 101216.672   9.023 523.132  45.811  29.126  29.093  3885874 
7cd  29.423 101193.016  10.994 305.313  45.185  28.858  28.875  3891374 
idx: 1 backoff: 9 ,63562730153106
7ef  29.701 101230.360   7.881 521.972  45.750  29.126  29.093  3908874 
7cd  29.442 101198.112  10.569 305.847  45.078  28.912  28.906  3914374 
8d4  28.446 101070.168  21.235 179.214  44.865  28.772  28.406  3919874 ,63562730169575
7ef  29.677 101217.472   8.957 520.721  45.849  29.072  29.062  3925374 
7cd  29.454 101201.504  10.286 302.291  45.048  28.933  28.937  3930873 ,63562730180575
8d4  28.482 101071.560  21.122 179.290  44.865  28.772  28.437  3936373 ,63562730186075
7ef  29.719 101229.256   7.974 523.254  45.750  29.126  29.093  3941873 
7cd  29.478 101211.504   9.454 302.749  44.949  28.922  28.937  3947373 
8d4  28.494 101063.128  21.825 179.000  44.865  28.783  28.437  3952873 ,63562730202575
7ef  29.737 101222.008   8.576 522.811  45.605  29.212  29.156  3958373 
7cd  29.466 101198.464  10.540 304.031  44.781  29.019  28.968  3963873 
8d4  28.500 101061.872  21.930 179.962  44.796  28.783  28.468  3969373 
7ef  29.756 101227.056   8.156 524.185  45.498  29.244  29.187  3974873 ,63562730224578
7cd  29.490 101208.488   9.705 302.322  44.765  29.051  29.000  3980373 
8d4  28.525 101065.776  21.603 179.138  44.964  28.761  28.437  3985873 
7ef  29.768 101211.976   9.414 525.436  45.536  29.244  29.187  3991373 
7cd  29.484 101200.352  10.381 304.336  44.781  29.040  29.000  3996873 
8d4  28.525 101053.912  22.594 179.885  44.865  28.783  28.468  4002373 ,63562730252076
7ef  29.762 101219.512   8.785 525.756  45.635  29.212  29.156  4007873 
7cd  29.484 101203.560  10.114 305.969  44.804  29.030  29.000  4013372 ,63562730263075
8d4  28.525 101074.672  20.860 179.031  44.964  28.815  28.468  4018872 
7ef  29.768 101221.192   8.645 524.627  45.643  29.190  29.156  4024372 
7cd  29.502 101199.016  10.495 305.130  44.765  29.040  29.031  4029872 
8d4  28.543 101067.936  21.423 179.504  44.865  28.815  28.468  4035372 ,63562730285075
7ef  29.798 101214.216   9.226 525.466  45.666  29.223  29.187  4040872 ,63562730290575
7cd  29.490 101189.200  11.311 303.039  44.804  29.040  29.000  4046372 
8d4  28.507 101066.552  21.539 178.817  44.903  28.826  28.468  4051872 
7ef  29.798 101211.152   9.483 524.078  45.704  29.244  29.187  4057372 
7cd  29.514 101215.280   9.139 303.497  44.781  29.019  29.000  4062872 
8d4  28.525 101071.704  21.109 177.307  44.865  28.826  28.468  4068372 ,63562730318080
7ef  29.792 101218.688   8.854 517.379  45.811  29.201  29.156  4073872 ,63562730323576
7cd  29.514 101199.200  10.479 300.766  44.910  29.019  29.000  4079372 
8d4  28.525 101059.832  22.099 178.894  44.796  28.837  28.500  4084872 ,63562730334575
7ef  29.816 101219.272   8.806 504.470  45.940  29.223  29.187  4090372 
7cd  29.539 101193.144  10.983 295.608  44.872  29.019  29.000  4095871 ,63562730345575
8d4  28.537 101057.328  22.308 175.369  44.834  28.837  28.500  4101371 
7ef  29.822 101208.656   9.691 504.638  45.635  29.233  29.187  4106871 ,63562730356579
7cd  29.527 101189.744  11.266 295.745  44.804  29.083  29.031  4112371 
8d4  28.567 101065.904  21.592 174.667  44.796  28.826  28.500  4117871 
7ef  29.810 101214.504   9.203 504.135  45.849  29.148  29.156  4123371 
7cd  29.551 101190.096  11.237 294.952  44.765  29.115  29.062  4128871 
8d4  28.555 101065.432  21.632 175.247  44.796  28.837  28.500  4134371 
7ef  29.840 101207.544   9.784 503.967  45.879  29.158  29.156  4139871 
7cd  29.563 101193.488  10.954 298.248  44.765  29.158  29.093  4145371 
8d4  28.543 101059.048  22.166 178.115  44.865  28.837  28.500  4150871 ,63562730400586
7ef  29.846 101200.008  10.410 513.931  45.734  29.233  29.187  4156371 
7cd  29.575 101200.096  10.405 296.737  44.666  29.158  29.093  4161871 
8d4  28.549 101066.704  21.526 177.261  44.903  28.837  28.500  4167371 
7ef  29.840 101213.696   9.271 502.807  45.635  29.212  29.187  4172871 
7cd  29.527 101192.952  10.999 294.479  44.735  29.169  29.093  4178371 ,63562730428076
8d4  28.531 101067.488  21.460 181.411  45.002  28.837  28.500  4183870 
7ef  29.822 101208.656   9.691 529.449  45.811  29.180  29.156  4189370 
7cd  29.502 101199.016  10.495 305.221  44.659  29.201  29.125  4194870 
8d4  28.555 101062.472  21.880 180.755  45.002  28.837  28.500  4200370 
7ef  29.834 101212.032   9.409 528.930  45.811  29.201  29.187  4205870 
7cd  29.514 101195.992  10.746 305.801  44.552  29.233  29.125  4211370 
8d4  28.543 101067.936  21.423 180.908  44.903  28.847  28.500  4216870 
7ef  29.852 101217.072   8.989 515.991  45.734  29.244  29.187  4222370 
7cd  29.448 101199.824  10.426 302.688  44.590  29.255  29.125  4227870 
8d4  28.543 101064.976  21.669 178.009  44.865  28.826  28.500  4233370 
7ef  29.864 101208.136   9.734 516.357  45.635  29.266  29.218  4238870 ,63562730488576
7cd  29.417 101204.176  10.064 306.777  44.727  29.212  29.093  4244370 
8d4  28.543 101076.832  20.681 181.961  44.865  28.837  28.500  4249870 ,63562730499576
7ef  29.864 101208.136   9.734 526.168  45.605  29.276  29.218  4255370 
7cd  29.417 101207.384   9.797 306.045  44.621  29.223  29.093  4260870 
8d4  28.537 101072.168  21.072 168.426  44.834  28.847  28.500  4266369 
7ef  29.894 101213.456   9.290 481.811  45.605  29.276  29.250  4271869 ,63562730521580
7cd  29.454 101204.728  10.019 287.155  44.552  29.212  29.093  4277369 ,63562730527078
8d4  28.531 101064.512  21.708 166.717  44.865  28.847  28.500  4282869 
7ef  29.900 101230.512   7.868 477.417  45.429  29.319  29.250  4288369 ,63562730538076
7cd  29.484 101200.352  10.381 284.530  44.804  29.137  29.093  4293869 
8d4  28.561 101073.096  20.992 166.458  44.903  28.858  28.531  4299369 ,63562730549078
7ef  29.882 101219.320   8.801 477.340  45.536  29.308  29.250  4304869 
7cd  29.514 101199.200  10.479 285.537  44.804  29.126  29.062  4310369 
8d4  28.597 101071.504  21.127 166.442  45.033  28.869  28.531  4315869 ,63562730565578
7ef  29.858 101212.592   9.361 477.355  45.704  29.233  29.218  4321369 ,63562730571079
7cd  29.514 101192.784  11.012 285.141  44.804  29.148  29.093  4326869 
8d4  28.616 101067.744  21.439 166.534  44.964  28.901  28.562  4332369 
7ef  29.870 101225.184   8.312 476.806  45.834  29.233  29.218  4337869 ,63562730587576
7cd  29.521 101194.464  10.872 284.454  44.804  29.126  29.062  4343369 
8d4  28.597 101071.504  21.127 168.167  44.834  28.901  28.562  4348868 ,63562730598579
7ef  29.870 101222.112   8.568 477.523  45.940  29.244  29.218  4354368 ,63562730604076
7cd  29.527 101209.024   9.660 284.439  44.804  29.115  29.062  4359868 ,63562730609585
8d4  28.585 101065.112  21.658 167.526  44.865  28.901  28.562  4365368 
7ef  29.870 101215.960   9.081 476.821  45.872  29.212  29.218  4370868 ,63562730620576
7cd  29.527 101209.024   9.660 284.164  44.804  29.115  29.062  4376368 
senddatacnf error! 0xe1,63562730626112
idx: 1 backoff: 10 ,63562730638091
7ef  29.876 101223.792   8.428 477.355  45.979  29.180  29.187  4393868 ,63562730643577
7cd  29.551 101202.952  10.164 283.508  44.804  29.137  29.093  4399368 
7ef  29.888 101217.936   8.917 476.638  45.940  29.212  29.218  4404868 ,63562730654582
7cd  29.563 101209.560   9.615 284.667  44.765  29.115  29.093  4410368 
7ef  29.918 101226.336   8.217 478.347  45.803  29.276  29.250  4415868 
7cd  29.575 101212.952   9.332 285.919  44.804  29.137  29.093  4421368 
7ef  29.924 101231.088   7.821 477.355  45.940  29.287  29.250  4426868 
7cd  29.587 101209.920   9.586 286.087  44.804  29.158  29.125  4432367 ,63562730682080
7ef  29.906 101229.120   7.984 477.279  45.704  29.308  29.281  4437867 
7cd  29.600 101197.240  10.643 286.346  44.765  29.169  29.125  4443367 ,63562730693081
7ef  29.924 101228.016   8.077 477.722  45.635  29.298  29.250  4448867 ,63562730698576
7cd  29.581 101205.008   9.995 285.903  44.941  29.137  29.093  4454367 
7ef  29.942 101223.824   8.426 477.661  45.803  29.351  29.312  4459867 ,63562730709577
7cd  29.612 101207.064   9.823 285.964  44.941  29.137  29.125  4465367 ,63562730715082
7ef  29.948 101234.736   7.517 478.057  45.757  29.416  29.343  4470867 ,63562730720577
7cd  29.612 101213.496   9.287 285.888  44.872  29.126  29.093  4476367 
7ef  29.966 101224.400   8.378 477.386  45.628  29.437  29.375  4481867 
7cd  29.612 101200.632  10.360 285.964  44.804  29.126  29.093  4487367 
7ef  29.960 101222.720   8.518 476.852  45.559  29.437  29.375  4492867 
7cd  29.618 101208.768   9.681 285.934  44.804  29.158  29.125  4498367 
7ef  29.960 101228.872   8.006 477.676  45.589  29.383  29.343  4503867 
7cd  29.636 101200.984  10.328 285.720  44.804  29.169  29.125  4509367 
7ef  29.948 101219.352   8.798 477.417  45.605  29.308  29.312  4514867 
7cd  29.612 101200.632  10.360 286.026  44.941  29.126  29.125  4520366 ,63562730770077
7ef  29.942 101214.600   9.195 477.493  45.773  29.276  29.281  4525866 
7cd  29.612 101200.632  10.360 286.682  45.071  29.105  29.093  4531366 
7ef  29.948 101213.200   9.311 477.600  45.773  29.319  29.312  4536866 
7cd  29.624 101204.032  10.074 286.499  45.109  29.105  29.093  4542366 
7ef  29.954 101214.880   9.171 478.134  45.704  29.330  29.312  4547866 
7cd  29.624 101194.376  10.880 286.239  45.002  29.126  29.125  4553366 ,63562730803082
7ef  29.954 101217.952   8.915 480.270  45.666  29.341  29.312  4558866 ,63562730808577
7cd  29.624 101200.816  10.344 286.849  45.002  29.105  29.125  4564366 
7ef  29.972 101219.928   8.751 479.858  45.635  29.351  29.312  4569866 ,63562730819578
7cd  29.630 101202.504  10.201 286.788  45.109  29.072  29.093  4575366 ,63562730825082
7ef  29.996 101220.496   8.703 479.660  45.727  29.416  29.343  4580866 ,63562730830581
7cd  29.624 101204.032  10.074 286.926  45.147  29.030  29.093  4586366 
7ef  29.990 101218.816   8.843 479.873  45.628  29.437  29.375  4591866 ,63562730841577
7cd  29.630 101205.720   9.934 286.544  45.109  29.040  29.093  4597366 
7ef  29.996 101217.424   8.959 479.614  45.521  29.437  29.375  4602865 ,63562730852581
7cd  29.642 101196.256  10.724 286.575  45.071  29.062  29.093  4608365 ,63562730858081
7ef  29.972 101219.928   8.751 479.614  45.269  29.373  29.343  4613865 
7cd  29.648 101207.584   9.779 286.178  45.109  29.051  29.093  4619365 
7ef  29.966 101212.104   9.403 480.102  45.467  29.308  29.312  4624865 
7cd  29.660 101214.192   9.229 286.102  45.277  29.083  29.093  4630365 
7ef  29.948 101219.352   8.798 479.568  45.567  29.276  29.281  4635865 ,63562730885577
7cd  29.636 101200.984  10.328 286.727  45.277  29.083  29.093  4641365 ,63562730891077
7ef  29.942 101220.760   8.682 479.278  45.605  29.255  29.281  4646865 
7cd  29.612 101203.848  10.090 285.705  45.284  29.008  29.062  4652365 ,63562730902077
7ef  29.948 101222.432   8.542 478.591  45.773  29.233  29.250  4657865 ,63562730907577
7cd  29.618 101202.336  10.217 285.781  45.452  28.944  29.031  4663365 ,63562730913078
7ef  29.954 101221.040   8.658 478.958  45.704  29.287  29.281  4668865 ,63562730918579
7cd  29.648 101201.168  10.315 283.935  45.315  29.019  29.062  4674365 ,63562730924080
7ef  29.966 101218.240   8.891 480.255  45.773  29.308  29.312  4679865 ,63562730929579
7cd  29.636 101204.200  10.061 284.027  45.284  29.019  29.062  4685364 
7ef  29.966 101218.240   8.891 480.011  45.803  29.319  29.312  4690864 
7cd  29.648 101226.880   8.172 283.233  45.246  29.030  29.093  4696364 
7ef  29.960 101235.024   7.493 479.095  45.734  29.373  29.343  4701864 ,63562730951586
7cd  29.630 101196.080  10.738 283.279  45.307  29.051  29.093  4707364 ,63562730957081
7ef  29.990 101221.880   8.587 480.331  45.727  29.416  29.375  4712864 ,63562730962585
7cd  29.642 101196.256  10.724 283.203  45.170  29.083  29.093  4718364 ,63562730968077
7ef  30.002 101216.024   9.076 478.561  45.757  29.394  29.375  4723864 ,63562730973578
7cd  29.642 101189.832  11.258 283.065  45.139  29.094  29.125  4729364 
7ef  30.008 101211.544   9.448 478.485  45.689  29.383  29.343  4734864 
7cd  29.642 101196.256  10.724 283.554  45.139  29.083  29.093  4740364 
7ef  29.996 101226.648   8.191 478.393  45.872  29.362  29.343  4745864 ,63562730995578
7cd  29.660 101201.336  10.299 283.905  45.109  29.105  29.125  4751364 ,63562731001089
7ef  30.002 101216.024   9.076 477.325  45.635  29.341  29.312  4756864 ,63562731006578
7cd  29.679 101193.560  10.949 284.194  45.002  29.158  29.156  4762364 
7ef  30.008 101223.856   8.423 477.096  45.567  29.330  29.312  4767864 
7cd  29.648 101191.520  11.118 282.974  45.071  29.158  29.156  4773363 ,63562731023085
7ef  30.014 101225.520   8.286 477.584  45.666  29.351  29.343  4778863 
7cd  29.642 101202.680  10.188 283.828  45.071  29.169  29.156  4784363 
7ef  30.038 101226.096   8.238 478.546  45.666  29.362  29.343  4789863 
7cd  29.642 101189.832  11.258 284.927  45.002  29.169  29.156  4795363 
7ef  30.002 101222.168   8.563 477.706  45.704  29.330  29.312  4800863 
7cd  29.666 101206.248   9.890 284.561  44.804  29.201  29.187  4806363 ,63562731056082
7ef  29.984 101217.136   8.983 478.088  45.872  29.308  29.281  4811863 ,63562731061578
7cd  29.679 101203.200  10.146 285.507  44.827  29.244  29.218  4817363 
7ef  30.008 101217.704   8.936 479.370  45.872  29.351  29.343  4822863 
7cd  29.660 101194.896  10.835 283.355  44.827  29.255  29.218  4828363 ,63562731078079
7ef  29.984 101229.432   7.958 478.973  45.803  29.351  29.343  4833863 
7cd  29.679 101196.784  10.680 283.874  44.827  29.255  29.218  4839363 
7ef  29.966 101230.552   7.866 478.973  46.238  29.244  29.250  4844863 ,63562731094580
7cd  29.660 101198.128  10.569 284.332  44.827  29.233  29.218  4850363 
7ef  29.966 101221.328   8.634 479.278  46.009  29.266  29.250  4855862 
7cd  29.648 101204.376  10.048 284.042  45.040  29.115  29.156  4861362 
7ef  29.954 101221.040   8.658 479.812  45.872  29.308  29.281  4866862 ,63562731116581
7cd  29.636 101200.984  10.328 284.729  45.170  29.062  29.125  4872362 
7ef  29.984 101223.280   8.471 480.468  46.009  29.351  29.312  4877862 
7cd  29.648 101201.168  10.315 285.079  45.307  29.030  29.093  4883362 ,63562731133079
7ef  29.996 101226.648   8.191 479.415  45.826  29.394  29.343  4888862 ,63562731138583
7cd  29.660 101194.896  10.835 284.545  45.338  29.083  29.125  4894362 ,63562731144078
7ef  30.008 101220.792   8.679 477.066  45.795  29.437  29.375  4899862 
7cd  29.666 101206.248   9.890 283.737  45.307  29.115  29.125  4905362 
7ef  29.990 101206.496   9.871 477.584  45.689  29.437  29.375  4910862 ,63562731160583
7cd  29.660 101194.896  10.835 283.630  45.239  29.083  29.125  4916362 
7ef  30.008 101214.624   9.192 477.172  45.559  29.469  29.406  4921862 
7cd  29.673 101204.736  10.016 283.569  45.277  29.105  29.125  4927362 ,63562731177078
7ef  30.026 101228.888   8.006 476.867  45.490  29.491  29.437  4932862 
7cd  29.679 101203.200  10.146 284.744  45.307  29.115  29.125  4938361 ,63562731188081
7ef  30.038 101213.792   9.263 481.521  45.628  29.491  29.406  4943861 
7cd  29.685 101201.696  10.270 262.069  45.445  29.094  29.125  4949361 ,63562731199078
7ef  30.038 101232.248   7.723 453.460  45.727  29.491  29.437  4954861 
7cd  29.673 101195.080  10.822 260.330  45.307  29.094  29.125  4960361 ,63562731210080
7ef  30.002 101237.560   7.282 456.039  45.895  29.512  29.437  4965861 ,63562731215585
7cd  29.679 101212.856   9.340 263.381  45.239  29.126  29.156  4971361 
7ef  29.942 101226.896   8.169 462.966  46.032  29.544  29.468  4976861 ,63562731226583
7cd  29.673 101207.944   9.749 267.196  45.574  29.083  29.125  4982361 
7ef  29.930 101232.784   7.681 463.317  46.032  29.523  29.437  4987861 
7cd  29.660 101214.192   9.229 267.456  45.620  29.019  29.093  4993381 
7ef  29.942 101229.984   7.913 466.583  45.895  29.480  29.406  4998881 ,63562731248601
7cd  29.563 101206.344   9.882 268.386  45.208  29.040  29.093  5004381 
7ef  29.906 101219.888   8.753 474.243  45.658  29.437  29.375  5009901 
7cd  29.514 101221.712   8.603 266.037  45.239  29.105  29.093  5015401 
7ef  29.888 101245.616   6.610 467.498  45.734  29.373  29.375  5020901 
7cd  29.466 101237.040   7.324 269.332  44.971  29.115  29.093  5026400 
7ef  29.858 101221.824   8.592 468.536  45.269  29.276  29.312  5031900 
7cd  29.454 101207.928   9.749 273.086  44.399  29.051  29.062  5037400 
7ef  29.822 101214.808   9.179 468.307  44.941  29.190  29.250  5042900 
7cd  29.442 101201.320  10.302 271.591  44.209  28.987  29.000  5048400 
7ef  29.798 101226.520   8.201 468.063  45.139  29.137  29.218  5053900 
7cd  29.362 101208.168   9.731 273.559  44.781  29.019  29.031  5059400 ,63562731309118
7ef  29.768 101218.120   8.901 465.698  44.941  29.094  29.187  5064900 
7cd  29.295 101202.320  10.217 275.329  44.949  29.019  29.031  5070400 ,63562731320119
7ef  29.743 101229.832   7.926 464.324  44.735  29.083  29.156  5075900 
7cd  29.003 101207.328   9.800 279.464  43.095  28.944  28.906  5081400 
7ef  29.701 101224.208   8.394 462.188  44.331  29.062  29.125  5086900 ,63562731336619
7cd  28.893 101205.544   9.950 278.793  43.766  28.922  28.843  5092400 
7ef  29.659 101227.784   8.095 462.936  44.071  29.030  29.093  5097900 
7cd  28.796 101197.512  10.619 279.449  44.476  28.890  28.750  5103400 
7ef  29.617 101228.296   8.053 464.386  43.804  28.987  29.062  5108899 
7cd  28.771 101200.328  10.384 280.532  44.445  28.879  28.718  5114399 ,63562731364130
7ef  29.581 101221.264   8.640 459.564  43.499  28.944  29.031  5119899 
7cd  28.753 101214.456   9.208 277.832  43.613  28.826  28.687  5125399 
7ef  29.545 101260.328   5.384 460.739  43.804  28.912  29.000  5130899 ,63562731380618
7cd  28.521 101236.160   7.398 278.945  42.774  28.740  28.593  5136399 
7ef  29.484 101225.032   8.325 461.685  44.277  28.912  28.968  5141899 
7cd  28.227 101205.288   9.971 277.023  42.416  28.568  28.406  5147399 
7ef  29.448 101224.136   8.399 462.509  43.606  28.912  28.968  5152899 
7cd  27.982 101203.976  10.080 273.452  42.728  28.418  28.250  5158399 
7ef  29.430 101240.584   7.031 459.442  43.369  28.879  28.937  5163899 
7cd  27.786 101216.264   9.057 274.658  42.973  28.290  28.062  5169399 
7ef  29.364 101234.312   7.554 466.461  43.339  28.890  28.937  5174899 
7cd  27.626 101209.952   9.583 271.850  43.308  28.172  27.937  5180399 
7ef  29.279 101253.688   5.939 459.548  43.636  28.869  28.875  5185899 
7cd  27.626 101219.544   8.782 273.040  43.957  28.150  27.875  5191398 
7ef  29.225 101259.968   5.416 461.563  43.209  28.858  28.875  5196898 
7cd  27.657 101208.952   9.665 270.889  44.445  28.161  27.875  5202398 
7ef  29.177 101231.104   7.821 459.320  43.102  28.869  28.843  5207898 
7cd  27.731 101220.008   8.743 275.253  44.262  28.107  27.843  5213398 
7ef  29.062 101229.688   7.937 459.884  43.537  28.901  28.812  5218898 
7cd  27.681 101215.848   9.092 269.989  44.155  28.064  27.812  5224398 
7ef  29.038 101226.000   8.246 457.672  42.934  28.869  28.781  5229898 ,63562731479619
7cd  27.645 101208.720   9.686 271.179  44.392  28.054  27.781  5235398 
7ef  28.929 101235.448   7.459 459.503  43.163  28.869  28.750  5240898 
