24.709 101690.760 -30.407 564.041 53.783 25.051 24.750 
24.784 101689.688 -30.317 550.201 52.876 24.997 24.750 
24.765 101681.208 -29.614 550.491 52.876 24.986 24.750 
24.777 101684.744 -29.905 550.506 52.876 24.997 24.750 
24.765 101674.840 -29.086 549.865 52.876 24.997 24.750 
24.809 101693.576 -30.639 547.882 52.876 24.997 24.750 
24.796 101683.672 -29.820 548.675 52.853 24.986 24.750 
24.796 101677.312 -29.292 548.980 52.853 24.986 24.750 
24.802 101685.448 -29.963 549.087 52.853 24.986 24.750 
24.796 101686.856 -30.084 548.004 52.822 24.965 24.750 
24.809 101684.032 -29.847 549.636 52.792 24.954 24.750 
24.809 101687.208 -30.111 549.545 52.792 24.943 24.750 
24.815 101685.792 -29.995 548.721 52.792 24.933 24.750 
24.821 101684.376 -29.878 547.439 52.822 24.922 24.718 
24.833 101681.536 -29.641 545.806 52.822 24.922 24.718 
24.821 101678.008 -29.350 546.508 52.853 24.922 24.718 
24.821 101678.008 -29.350 546.035 52.853 24.911 24.718 
24.833 101678.352 -29.376 548.736 52.853 24.911 24.718 
24.833 101681.536 -29.641 550.231 52.876 24.911 24.750 
24.852 101693.200 -30.608 551.208 52.906 24.911 24.750 
24.833 101681.536 -29.641 550.903 52.906 24.911 24.750 
24.846 101678.696 -29.403 551.193 52.906 24.911 24.750 
24.846 101681.880 -29.667 552.108 52.906 24.911 24.750 
24.840 101686.480 -30.053 553.741 52.906 24.911 24.750 
24.858 101685.416 -29.963 553.894 52.937 24.911 24.750 
24.852 101680.480 -29.551 553.955 52.937 24.900 24.750 
24.858 101682.224 -29.699 553.192 52.937 24.911 24.750 
24.871 101679.392 -29.461 552.566 52.937 24.911 24.750 
24.871 101685.760 -29.989 552.673 52.937 24.911 24.750 
24.858 101682.224 -29.699 552.581 52.937 24.911 24.750 
24.883 101676.552 -29.228 549.972 52.937 24.911 24.750 
24.865 101677.624 -29.318 554.626 52.937 24.911 24.750 
24.877 101681.160 -29.609 557.281 52.937 24.911 24.750 
24.896 101705.552 -31.633 557.739 52.937 24.922 24.781 
24.896 101699.184 -31.104 557.510 52.937 24.933 24.781 
24.890 101691.056 -30.428 558.136 52.906 24.933 24.781 
24.896 101692.832 -30.576 557.983 52.906 24.933 24.781 
24.908 101689.984 -30.343 559.188 52.906 24.933 24.781 
24.902 101688.224 -30.195 560.394 52.906 24.933 24.781 
24.896 101692.832 -30.576 560.256 52.906 24.922 24.781 
24.908 101677.248 -29.286 560.562 52.906 24.933 24.781 
24.927 101679.360 -29.461 561.355 52.906 24.933 24.781 
24.908 101693.168 -30.608 561.691 52.906 24.933 24.781 
24.933 101684.304 -29.873 560.165 52.906 24.933 24.781 
24.927 101682.544 -29.725 559.249 52.906 24.943 24.781 
24.933 101677.936 -29.339 560.028 52.876 24.943 24.812 
24.940 101686.072 -30.016 616.943 52.876 24.954 24.812 
24.915 101675.832 -29.165 615.386 52.876 24.954 24.812 
24.958 101685.000 -29.926 614.990 52.853 24.965 24.812 
24.946 101684.656 -29.899 614.700 52.853 24.975 24.812 
24.946 101675.104 -29.107 615.310 52.853 24.975 24.812 
24.946 101684.656 -29.899 615.646 52.853 24.986 24.812 
24.958 101685.000 -29.926 614.578 52.822 24.986 24.843 
24.958 101678.632 -29.397 614.975 52.822 24.986 24.843 
24.946 101675.104 -29.107 615.005 52.792 24.986 24.843 
24.946 101678.288 -29.371 560.516 52.792 24.997 24.843 
24.971 101685.344 -29.958 561.447 52.792 25.008 24.843 
24.971 101691.712 -30.486 560.928 52.792 25.018 24.843 
24.965 101693.136 -30.602 560.058 52.792 25.040 24.875 
24.958 101681.824 -29.667 559.982 52.822 25.040 24.875 
24.946 101681.472 -29.635 554.962 52.845 25.051 24.875 
24.958 101678.632 -29.397 555.023 52.876 25.051 24.875 
24.971 101691.712 -30.486 558.593 52.876 25.072 24.875 
24.946 101691.016 -30.428 559.890 52.876 25.072 24.906 
24.958 101700.920 -31.247 561.584 52.906 25.083 24.906 
24.952 101705.512 -31.633 561.782 52.967 25.083 24.906 
24.971 101710.816 -32.071 561.660 52.967 25.093 24.906 
24.952 101702.328 -31.369 561.248 52.998 25.104 24.906 
24.958 101713.656 -32.309 561.172 52.998 25.115 24.906 
24.946 101687.832 -30.164 561.309 52.998 25.115 24.906 
24.933 101697.048 -30.930 561.050 52.998 25.115 24.906 
24.940 101686.072 -30.016 561.065 53.020 25.126 24.906 
24.933 101684.304 -29.873 561.035 53.020 25.126 24.906 
24.933 101684.304 -29.873 560.958 53.051 25.136 24.906 
24.933 101671.568 -28.811 560.623 53.051 25.147 24.906 
24.946 101675.104 -29.107 560.180 53.020 25.158 24.906 
24.940 101679.704 -29.487 560.897 53.020 25.147 24.937 
24.921 101680.776 -29.577 560.852 53.020 25.158 24.937 
24.915 101682.192 -29.693 560.928 53.020 25.158 24.937 
24.921 101683.952 -29.841 560.562 53.020 25.169 24.937 
24.933 101684.304 -29.873 560.531 52.998 25.169 24.937 
24.933 101690.672 -30.402 560.607 52.967 25.169 24.937 
24.933 101706.592 -31.723 561.004 52.967 25.179 24.937 
24.940 101733.824 -33.979 561.157 52.937 25.179 24.937 
24.946 101719.672 -32.806 560.852 52.967 25.190 24.937 
24.952 101689.600 -30.312 560.424 52.906 25.190 24.968 
24.946 101687.832 -30.164 560.531 52.906 25.201 24.968 
24.958 101691.368 -30.454 560.485 52.906 25.201 24.968 
24.952 101686.416 -30.047 560.577 52.937 25.211 24.968 
24.958 101672.272 -28.869 560.241 52.876 25.201 24.968 
24.958 101685.000 -29.926 560.272 52.876 25.201 24.968 
24.965 101680.408 -29.545 560.165 52.906 25.201 24.968 
24.965 101674.024 -29.017 560.226 52.906 25.211 24.968 
24.977 101674.376 -29.043 560.440 52.906 25.211 24.968 
24.983 101682.504 -29.720 560.302 52.906 25.211 24.968 
24.977 101680.744 -29.577 560.531 52.876 25.211 24.968 
24.989 101690.640 -30.396 560.241 52.876 25.211 24.968 
24.996 101689.208 -30.280 560.043 52.845 25.211 25.000 
24.989 101681.088 -29.604 560.455 52.815 25.211 25.000 
25.008 101680.000 -29.514 560.363 52.815 25.222 25.000 
25.014 101684.960 -29.926 560.394 52.784 25.222 25.000 
25.027 101682.104 -29.688 560.134 52.731 25.211 25.000 
25.008 101670.448 -28.721 559.661 52.700 25.222 25.000 
25.027 101685.288 -29.952 559.433 52.639 25.222 25.000 
25.021 101680.352 -29.540 560.165 52.609 25.222 25.000 
25.021 101689.896 -30.333 559.555 52.555 25.222 25.000 
25.033 101683.864 -29.836 559.753 52.525 25.233 25.000 
25.033 101687.056 -30.100 559.158 52.494 25.233 25.000 
25.039 101672.896 -28.922 560.043 52.494 25.233 25.031 
25.039 101672.896 -28.922 560.058 52.433 25.244 25.031 
25.046 101684.200 -29.862 559.600 52.403 25.233 25.031 
25.046 101687.376 -30.127 559.631 52.380 25.233 25.031 
25.052 101679.608 -29.482 559.021 52.349 25.233 25.031 
25.058 101687.736 -30.153 559.265 52.319 25.233 25.031 
25.058 101681.368 -29.625 559.371 52.319 25.233 25.031 
25.058 101678.176 -29.360 559.509 52.258 25.222 25.031 
25.064 101692.688 -30.565 559.631 52.227 25.222 25.031 
25.058 101678.176 -29.360 559.783 52.204 25.222 25.031 
25.083 101691.592 -30.475 559.555 52.204 25.222 25.031 
25.077 101708.944 -31.913 559.234 52.204 25.222 25.031 
25.083 101691.592 -30.475 559.646 52.204 25.233 25.031 
25.089 101699.728 -31.152 560.043 52.204 25.233 25.031 
25.083 101688.416 -30.211 559.753 52.204 25.233 25.031 
25.083 101694.776 -30.740 559.921 52.204 25.244 25.031 
25.089 101680.624 -29.567 559.829 52.204 25.244 25.031 
25.083 101688.416 -30.211 559.677 52.204 25.244 25.062 
25.089 101706.104 -31.680 559.616 52.204 25.254 25.062 
25.102 101706.440 -31.707 559.478 52.258 25.254 25.062 
25.108 101698.648 -31.062 559.600 52.319 25.254 25.062 
25.114 101700.416 -31.210 559.433 52.319 25.254 25.062 
25.108 101708.200 -31.855 559.448 52.349 25.265 25.062 
25.120 101711.720 -32.145 558.410 52.349 25.254 25.062 
25.127 101710.296 -32.029 557.998 52.380 25.254 25.062 
25.114 101697.224 -30.941 558.151 52.380 25.265 25.062 
25.133 101689.768 -30.322 558.822 52.380 25.265 25.062 
25.133 101689.768 -30.322 555.297 52.433 25.276 25.093 
25.133 101680.208 -29.530 555.130 52.433 25.276 25.093 
25.133 101683.400 -29.794 556.396 52.464 25.276 25.093 
25.139 101678.792 -29.413 557.144 52.464 25.276 25.093 
25.139 101691.528 -30.470 556.854 52.464 25.287 25.093 
25.145 101686.920 -30.090 555.389 52.464 25.287 25.093 
25.158 101687.264 -30.116 554.199 52.464 25.287 25.093 
25.152 101675.936 -29.175 554.245 52.433 25.287 25.093 
25.145 101686.920 -30.090 557.296 52.433 25.287 25.093 
25.152 101688.680 -30.232 557.464 52.403 25.287 25.093 
25.158 101700.008 -31.173 557.281 52.403 25.297 25.093 
25.145 101702.848 -31.411 558.227 52.403 25.308 25.093 
25.158 101709.560 -31.966 557.998 52.403 25.308 25.125 
25.158 101709.560 -31.966 556.793 52.403 25.308 25.125 
25.158 101709.560 -31.966 554.992 52.403 25.308 25.125 
25.152 101685.496 -29.968 553.237 52.380 25.308 25.125 
25.152 101688.680 -30.232 553.909 52.380 25.308 25.125 
25.158 101687.264 -30.116 554.809 52.380 25.308 25.125 
25.158 101684.080 -29.852 554.840 52.380 25.319 25.125 
25.164 101698.576 -31.057 554.550 52.349 25.319 25.125 
25.177 101695.720 -30.819 555.526 52.349 25.319 25.125 
25.164 101689.024 -30.264 555.130 52.319 25.319 25.125 
25.164 101692.200 -30.523 554.595 52.319 25.319 25.125 
25.170 101693.960 -30.671 553.192 52.349 25.329 25.125 
25.183 101697.496 -30.967 552.658 52.319 25.329 25.125 
25.183 101697.496 -30.967 552.566 52.319 25.329 25.125 
25.183 101684.760 -29.910 552.215 52.319 25.329 25.125 
25.183 101691.120 -30.438 553.466 52.349 25.329 25.125 
25.189 101686.504 -30.053 555.343 52.349 25.329 25.125 
25.195 101688.280 -30.201 555.252 52.319 25.329 25.156 
25.208 101691.784 -30.491 554.641 52.319 25.329 25.156 
25.208 101679.048 -29.434 555.175 52.319 25.329 25.156 
25.201 101686.848 -30.079 555.542 52.288 25.329 25.156 
25.201 101674.104 -29.022 555.404 52.288 25.319 25.156 
25.208 101682.224 -29.699 555.542 52.258 25.319 25.156 
25.208 101682.224 -29.699 555.618 52.258 25.319 25.156 
25.201 101690.032 -30.349 555.526 52.258 25.319 25.156 
25.220 101685.752 -29.989 555.084 52.258 25.329 25.156 
25.208 101669.496 -28.642 555.297 52.288 25.319 25.156 
25.214 101680.816 -29.582 555.847 52.288 25.319 25.156 
25.233 101698.832 -31.078 555.740 52.319 25.319 25.156 
25.233 101679.720 -29.487 555.923 52.319 25.319 25.156 
25.226 101690.704 -30.402 555.862 52.319 25.308 25.156 
25.233 101686.088 -30.016 555.648 52.319 25.319 25.156 
25.245 101680.048 -29.519 555.770 52.349 25.329 25.156 
25.245 101683.232 -29.783 555.755 52.403 25.319 25.156 
25.258 101689.944 -30.338 553.329 52.433 25.329 25.156 
25.233 101679.720 -29.487 554.016 52.464 25.329 25.156 
25.245 101673.680 -28.991 553.222 52.464 25.329 25.156 
25.245 101683.232 -29.783 553.466 52.464 25.329 25.156 
25.258 101693.136 -30.602 554.687 52.464 25.329 25.156 
25.245 101667.304 -28.457 553.283 52.494 25.329 25.156 
25.258 101674.016 -29.017 554.473 52.494 25.329 25.156 
25.270 101687.088 -30.100 553.115 52.464 25.329 25.156 
25.264 101688.512 -30.222 553.787 52.464 25.340 25.187 
25.258 101680.392 -29.545 556.427 52.494 25.329 25.187 
25.258 101686.760 -30.074 557.220 52.494 25.340 25.187 
25.251 101678.624 -29.397 557.067 52.494 25.340 25.187 
25.258 101683.576 -29.810 557.128 52.494 25.351 25.187 
25.264 101688.512 -30.222 557.464 52.494 25.351 25.187 
25.270 101677.528 -29.308 557.479 52.525 25.351 25.187 
25.258 101683.576 -29.810 556.991 52.525 25.351 25.187 
25.270 101680.728 -29.572 557.540 52.555 25.351 25.187 
25.258 101689.944 -30.338 557.220 52.555 25.351 25.187 
25.264 101685.328 -29.958 557.525 52.578 25.362 25.187 
25.270 101677.528 -29.308 557.449 52.578 25.372 25.187 
25.276 101679.288 -29.456 557.037 52.578 25.372 25.187 
25.282 101693.800 -30.660 557.037 52.578 25.383 25.218 
25.282 101681.056 -29.598 556.716 52.578 25.383 25.218 
25.282 101684.240 -29.862 557.174 52.578 25.383 25.218 
25.282 101681.056 -29.598 557.357 52.547 25.394 25.218 
25.282 101687.424 -30.132 557.281 52.547 25.394 25.218 
25.282 101693.800 -30.660 557.205 52.547 25.404 25.218 
25.289 101689.176 -30.275 557.128 52.517 25.415 25.218 
25.295 101684.568 -29.894 556.106 52.517 25.415 25.218 
25.282 101681.056 -29.598 555.816 52.517 25.426 25.218 
25.307 101688.096 -30.185 551.467 52.486 25.426 25.218 
25.289 101701.928 -31.332 552.536 52.464 25.426 25.218 
25.307 101713.576 -32.299 553.024 52.464 25.426 25.218 
25.314 101712.160 -32.182 552.902 52.464 25.426 25.218 
25.307 101710.384 -32.034 554.443 52.433 25.426 25.218 
25.320 101723.464 -33.118 555.267 52.403 25.426 25.250 
25.314 101702.584 -31.390 556.625 52.403 25.426 25.250 
25.314 101724.888 -33.239 556.533 52.372 25.415 25.218 
25.314 101705.784 -31.654 556.427 52.341 25.404 25.218 
25.326 101737.968 -34.323 556.106 52.288 25.415 25.218 
25.320 101726.648 -33.387 555.709 52.227 25.426 25.250 
25.326 101737.968 -34.323 554.519 52.227 25.426 25.250 
25.338 101712.808 -32.235 554.260 52.227 25.437 25.250 
25.320 101678.856 -29.419 552.459 52.227 25.437 25.250 
25.332 101682.368 -29.709 548.522 52.227 25.447 25.250 
25.345 101685.888 -30.000 550.888 52.227 25.437 25.250 
25.351 101687.656 -30.148 550.277 52.227 25.447 25.250 
25.345 101685.888 -30.000 548.187 52.227 25.458 25.250 
25.357 101689.416 -30.296 546.966 52.227 25.447 25.250 
25.351 101681.280 -29.619 548.324 52.227 25.458 25.250 
25.345 101685.888 -30.000 549.469 52.227 25.469 25.250 
25.363 101678.424 -29.382 551.071 52.227 25.480 25.281 
25.357 101705.344 -31.617 551.345 52.227 25.480 25.281 
25.351 101700.400 -31.205 550.506 52.227 25.480 25.281 
25.345 101698.640 -31.062 550.308 52.227 25.501 25.281 
25.357 101705.344 -31.617 549.377 52.227 25.522 25.281 
25.357 101695.784 -30.824 549.697 52.227 25.522 25.281 
25.357 101692.592 -30.560 550.476 52.227 25.533 25.281 
25.357 101686.216 -30.032 550.521 52.227 25.533 25.281 
25.363 101691.168 -30.438 549.774 52.197 25.533 25.281 
25.357 101679.840 -29.498 548.294 52.197 25.533 25.281 
25.363 101675.232 -29.117 548.858 52.197 25.533 25.281 
25.357 101676.664 -29.234 550.186 52.166 25.533 25.281 
25.382 101693.264 -30.613 553.329 52.135 25.533 25.281 
25.357 101689.416 -30.296 551.300 52.105 25.533 25.281 
25.363 101672.040 -28.853 551.223 52.082 25.533 25.281 
25.376 101678.752 -29.408 552.368 52.082 25.533 25.281 
25.370 101673.808 -29.001 552.063 52.082 25.533 25.281 
25.370 101677.000 -29.265 551.620 52.052 25.533 25.281 
25.370 101680.176 -29.530 551.162 52.082 25.533 25.281 
25.382 101680.520 -29.556 551.589 52.082 25.533 25.281 
25.382 101670.952 -28.763 551.940 52.082 25.533 25.281 
25.388 101672.720 -28.906 552.169 52.082 25.533 25.312 
25.382 101683.696 -29.820 551.940 52.105 25.533 25.312 
25.388 101682.272 -29.704 550.552 52.135 25.533 25.312 
25.382 101683.696 -29.820 547.180 52.135 25.533 25.312 
25.382 101680.520 -29.556 546.432 52.166 25.533 25.312 
25.394 101680.840 -29.582 545.516 52.166 25.533 25.312 
25.401 101685.784 -29.995 543.777 52.166 25.533 25.312 
25.388 101685.456 -29.968 546.630 52.166 25.533 25.312 
25.407 101690.728 -30.402 548.355 52.166 25.533 25.343 
25.388 101672.720 -28.906 549.316 52.166 25.533 25.343 
25.388 101682.272 -29.704 550.903 52.135 25.533 25.343 
25.394 101680.840 -29.582 552.017 52.135 25.533 25.343 
25.407 101684.360 -29.873 549.896 52.135 25.533 25.343 
25.394 101674.464 -29.054 547.897 52.135 25.533 25.343 
25.394 101680.840 -29.582 547.241 52.105 25.533 25.343 
25.401 101685.784 -29.995 549.102 52.105 25.533 25.343 
25.413 101698.856 -31.078 549.377 52.082 25.533 25.343 
25.401 101685.784 -29.995 549.865 52.082 25.533 25.343 
25.394 101687.208 -30.111 550.811 52.082 25.533 25.343 
25.407 101681.168 -29.609 551.193 52.052 25.533 25.343 
25.401 101673.032 -28.932 552.154 52.052 25.533 25.343 
25.407 101677.984 -29.345 552.001 52.052 25.533 25.343 
25.394 101677.648 -29.318 552.322 52.052 25.533 25.343 
25.407 101674.800 -29.080 552.291 52.052 25.533 25.343 
25.432 101691.384 -30.460 553.527 52.082 25.533 25.343 
25.426 101686.440 -30.047 553.329 52.082 25.533 25.343 
25.426 101696.000 -30.840 553.009 52.105 25.533 25.343 
25.444 101707.632 -31.807 552.612 52.197 25.533 25.343 
25.444 101688.520 -30.222 552.307 52.197 25.533 25.343 
25.444 101698.080 -31.015 550.521 52.197 25.533 25.343 
25.450 101693.472 -30.629 547.470 52.197 25.533 25.343 
25.457 101679.288 -29.456 549.102 52.197 25.533 25.343 
25.469 101685.984 -30.010 550.903 52.197 25.533 25.343 
25.457 101682.488 -29.720 551.223 52.227 25.533 25.343 
25.457 101679.288 -29.456 551.757 52.227 25.533 25.343 
25.469 101676.432 -29.218 553.894 52.341 25.533 25.343 
25.482 101686.312 -30.037 554.458 52.433 25.533 25.343 
25.475 101678.184 -29.360 555.099 52.486 25.533 25.343 
25.482 101676.760 -29.244 555.206 52.517 25.533 25.343 
25.482 101686.312 -30.037 555.160 52.486 25.533 25.343 
25.488 101684.880 -29.921 555.297 52.464 25.533 25.343 
25.500 101685.216 -29.947 555.297 52.433 25.533 25.343 
25.500 101678.832 -29.419 555.236 52.403 25.533 25.343 
25.506 101683.776 -29.825 555.191 52.341 25.533 25.343 
25.519 101687.288 -30.116 555.542 52.341 25.533 25.343 
25.513 101688.720 -30.238 555.587 52.341 25.533 25.375 
25.506 101686.960 -30.090 555.587 52.341 25.533 25.375 
25.506 101677.408 -29.297 555.694 52.403 25.533 25.375 
25.506 101667.840 -28.504 555.816 52.464 25.533 25.375 
25.506 101683.776 -29.825 555.770 52.517 25.533 25.375 
25.519 101690.488 -30.386 555.664 52.578 25.533 25.375 
25.513 101675.968 -29.175 555.572 52.639 25.533 25.343 
25.531 101674.856 -29.086 555.603 52.670 25.533 25.343 
25.531 101684.432 -29.878 555.480 52.723 25.533 25.343 
25.525 101673.104 -28.938 555.587 52.723 25.533 25.343 
25.531 101674.856 -29.086 555.465 52.723 25.533 25.343 
25.531 101693.992 -30.676 555.419 52.753 25.533 25.343 
25.531 101706.744 -31.733 555.343 52.753 25.533 25.343 
25.531 101706.744 -31.733 555.419 52.753 25.533 25.343 
25.544 101703.872 -31.495 555.557 52.753 25.533 25.343 
25.544 101710.256 -32.024 555.404 52.784 25.533 25.343 
25.544 101700.696 -31.231 555.313 52.784 25.533 25.343 
25.544 101703.872 -31.495 555.511 52.815 25.533 25.343 
25.556 101688.264 -30.201 555.572 52.845 25.533 25.343 
25.556 101681.888 -29.672 555.755 52.876 25.533 25.343 
25.550 101686.504 -30.053 555.526 52.876 25.522 25.343 
25.544 101678.376 -29.376 555.236 52.898 25.512 25.312 
25.550 101680.136 -29.524 554.718 52.898 25.522 25.312 
25.556 101688.264 -30.201 555.572 52.929 25.501 25.312 
25.550 101680.136 -29.524 555.480 52.959 25.480 25.312 
25.556 101681.888 -29.672 555.725 52.959 25.480 25.312 
25.544 101675.184 -29.112 555.526 52.929 25.480 25.312 
25.556 101694.632 -30.729 555.679 52.898 25.458 25.312 
25.556 101681.888 -29.672 555.618 52.898 25.458 25.312 
25.562 101674.088 -29.022 555.618 52.876 25.458 25.312 
25.569 101675.832 -29.165 555.023 52.845 25.469 25.312 
25.562 101680.464 -29.551 555.450 52.815 25.480 25.343 
25.569 101682.208 -29.699 555.618 52.815 25.501 25.343 
25.593 101692.416 -30.544 555.679 52.815 25.469 25.343 
25.569 101682.208 -29.699 555.847 52.876 25.501 25.343 
25.575 101680.784 -29.577 555.938 52.898 25.501 25.343 
25.562 101670.888 -28.758 555.725 52.898 25.501 25.343 
25.575 101680.784 -29.577 555.618 52.898 25.522 25.343 
25.587 101681.104 -29.604 555.435 52.929 25.522 25.343 
25.593 101692.416 -30.544 555.679 52.929 25.501 25.343 
25.581 101669.792 -28.668 555.603 52.959 25.522 25.343 
25.575 101674.400 -29.049 555.160 52.959 25.522 25.343 
25.587 101681.104 -29.604 555.145 52.990 25.522 25.343 
25.581 101672.968 -28.927 555.480 53.020 25.501 25.343 
25.581 101676.160 -29.197 555.435 53.020 25.501 25.343 
25.593 101673.288 -28.959 555.542 53.020 25.490 25.343 
25.593 101679.656 -29.487 555.526 53.020 25.480 25.343 
25.575 101671.208 -28.784 555.908 52.990 25.480 25.343 
25.581 101679.352 -29.461 555.786 52.990 25.458 25.343 
25.593 101679.656 -29.487 555.465 52.959 25.437 25.343 
25.581 101685.728 -29.989 555.221 52.898 25.437 25.312 
25.581 101676.160 -29.197 554.153 52.876 25.415 25.312 
25.581 101692.104 -30.518 554.840 52.876 25.415 25.312 
25.587 101687.472 -30.132 555.267 52.898 25.404 25.312 
25.587 101677.920 -29.339 555.770 52.898 25.404 25.312 
25.581 101688.912 -30.254 555.954 52.929 25.394 25.312 
25.593 101689.224 -30.280 555.679 52.929 25.394 25.312 
25.593 101692.416 -30.544 555.252 52.929 25.394 25.312 
25.600 101687.800 -30.158 555.206 52.929 25.383 25.312 
25.593 101686.040 -30.016 555.175 52.898 25.372 25.312 
25.593 101673.288 -28.959 555.084 52.906 25.362 25.312 
25.587 101684.296 -29.868 554.962 52.876 25.372 25.312 
25.581 101669.792 -28.668 554.702 52.876 25.362 25.312 
25.587 101674.728 -29.075 554.901 52.937 25.362 25.312 
25.581 101663.408 -28.134 555.587 52.967 25.351 25.312 
25.581 101669.792 -28.668 555.587 52.990 25.351 25.281 
25.581 101676.160 -29.197 555.740 53.020 25.340 25.281 
25.569 101685.408 -29.963 555.587 53.082 25.329 25.281 
25.569 101688.600 -30.227 555.267 53.112 25.319 25.281 
25.562 101680.464 -29.551 555.511 53.112 25.319 25.281 
25.569 101691.776 -30.491 555.130 53.112 25.319 25.281 
25.581 101692.104 -30.518 554.489 53.112 25.308 25.281 
25.587 101690.664 -30.396 554.489 53.082 25.308 25.281 
25.600 101690.992 -30.428 554.672 53.051 25.297 25.281 
25.587 101687.472 -30.132 554.565 53.082 25.297 25.281 
25.587 101687.472 -30.132 554.763 53.112 25.297 25.250 
25.593 101692.416 -30.544 554.641 53.112 25.297 25.281 
25.600 101675.056 -29.102 554.672 53.112 25.297 25.281 
25.618 101673.928 -29.012 555.282 53.112 25.297 25.281 
25.606 101689.560 -30.306 555.374 53.112 25.308 25.281 
25.593 101670.104 -28.689 555.709 53.112 25.308 25.281 
25.606 101683.176 -29.778 555.954 53.112 25.319 25.281 
25.600 101684.624 -29.899 556.182 53.112 25.340 25.312 
25.606 101702.304 -31.363 556.137 53.082 25.351 25.312 
25.600 101700.560 -31.221 555.908 53.051 25.362 25.312 
25.593 101695.600 -30.808 556.167 53.020 25.372 25.312 
25.600 101700.560 -31.221 555.984 52.990 25.372 25.312 
25.600 101700.560 -31.221 555.831 52.937 25.372 25.312 
25.606 101699.128 -31.099 556.106 52.959 25.383 25.312 
25.612 101681.744 -29.656 555.786 52.929 25.394 25.312 
25.606 101683.176 -29.778 556.457 52.929 25.404 25.343 
25.606 101679.992 -29.514 555.999 52.898 25.426 25.343 
25.612 101678.544 -29.392 555.969 52.898 25.437 25.343 
25.618 101677.128 -29.276 555.892 52.876 25.458 25.343 
25.612 101684.928 -29.921 556.091 52.845 25.480 25.343 
25.625 101678.864 -29.419 556.091 52.815 25.522 25.375 
25.631 101677.448 -29.302 555.603 52.784 25.533 25.375 
25.631 101690.192 -30.359 554.794 52.753 25.533 25.375 
25.625 101675.680 -29.154 554.687 52.723 25.533 25.375 
25.631 101677.448 -29.302 552.032 52.670 25.533 25.375 
25.631 101677.448 -29.302 546.615 52.639 25.533 25.375 
25.637 101679.200 -29.445 546.142 52.639 25.533 25.375 
25.649 101679.504 -29.471 545.364 52.609 25.533 25.375 
25.649 101682.704 -29.736 544.525 52.609 25.533 25.406 
25.649 101676.336 -29.207 544.281 52.609 25.533 25.375 
25.649 101682.704 -29.736 543.426 52.609 25.533 25.406 
25.656 101671.696 -28.821 543.914 52.639 25.533 25.406 
25.656 101684.464 -29.884 543.945 52.609 25.533 25.406 
25.662 101679.832 -29.498 544.433 52.609 25.533 25.406 
25.656 101678.080 -29.355 547.958 52.578 25.533 25.406 
25.662 101676.648 -29.234 550.338 52.547 25.533 25.406 
25.668 101675.208 -29.117 551.055 52.517 25.533 25.406 
25.668 101681.600 -29.646 551.651 52.486 25.533 25.406 
25.668 101678.408 -29.382 551.940 52.486 25.533 25.406 
25.662 101663.888 -28.177 552.169 52.464 25.533 25.406 
25.680 101688.288 -30.201 551.986 52.464 25.533 25.406 
25.680 101665.960 -28.346 551.742 52.464 25.533 25.406 
25.680 101678.720 -29.408 552.093 52.433 25.533 25.406 
25.680 101678.720 -29.408 551.437 52.464 25.533 25.406 
25.687 101674.096 -29.022 551.437 52.464 25.533 25.406 
25.687 101674.096 -29.022 551.483 52.464 25.533 25.406 
25.687 101674.096 -29.022 551.681 52.464 25.533 25.406 
25.699 101683.976 -29.841 551.574 52.486 25.533 25.437 
25.705 101676.168 -29.197 551.757 52.486 25.533 25.437 
25.699 101680.800 -29.577 551.910 52.464 25.533 25.437 
25.699 101677.608 -29.313 551.971 52.433 25.533 25.437 
25.705 101676.168 -29.197 551.925 52.403 25.533 25.437 
25.705 101685.744 -29.989 552.032 52.433 25.533 25.437 
25.699 101677.608 -29.313 551.422 52.464 25.533 25.437 
25.705 101682.552 -29.725 551.925 52.486 25.533 25.437 
25.718 101702.000 -31.337 551.910 52.517 25.533 25.437 
25.718 101695.616 -30.808 552.291 52.517 25.533 25.437 
25.718 101702.000 -31.337 552.078 52.517 25.533 25.437 
25.705 101685.744 -29.989 552.749 52.486 25.533 25.437 
25.730 101679.992 -29.514 552.780 52.486 25.533 25.437 
25.711 101674.736 -29.075 552.383 52.464 25.533 25.437 
25.718 101676.496 -29.223 552.658 52.433 25.533 25.437 
25.730 101679.992 -29.514 549.179 52.433 25.533 25.437 
25.724 101678.232 -29.366 546.310 52.403 25.533 25.437 
25.736 101675.360 -29.128 547.195 52.403 25.533 25.468 
25.743 101683.496 -29.804 546.630 52.403 25.533 25.468 
25.724 101678.232 -29.366 547.271 52.403 25.533 25.468 
25.736 101675.360 -29.128 547.302 52.403 25.533 25.468 
25.736 101672.168 -28.864 547.027 52.433 25.533 25.468 
25.730 101679.992 -29.514 547.546 52.433 25.533 25.468 
25.743 101683.496 -29.804 549.316 52.433 25.533 25.468 
25.730 101679.992 -29.514 550.079 52.433 25.533 25.468 
25.743 101673.928 -29.012 549.697 52.403 25.533 25.468 
25.730 101676.816 -29.249 550.506 52.372 25.533 25.468 
25.743 101683.496 -29.804 550.338 52.372 25.533 25.468 
25.755 101690.184 -30.359 550.140 52.341 25.533 25.468 
25.755 101687.000 -30.095 550.201 52.372 25.533 25.468 
25.755 101687.000 -30.095 550.552 52.372 25.533 25.500 
25.743 101670.744 -28.742 550.430 52.372 25.533 25.500 
25.743 101677.128 -29.276 550.430 52.341 25.533 25.500 
25.767 101687.312 -30.121 550.460 52.311 25.533 25.500 
25.755 101699.752 -31.152 550.415 52.341 25.533 25.500 
25.755 101696.576 -30.888 550.460 52.372 25.533 25.500 
25.755 101687.000 -30.095 550.308 52.433 25.533 25.500 
25.767 101687.312 -30.121 550.506 52.464 25.533 25.500 
25.761 101688.768 -30.243 550.445 52.464 25.533 25.500 
25.755 101680.624 -29.567 550.277 52.486 25.533 25.500 
25.755 101677.440 -29.302 550.430 52.486 25.533 25.500 
25.755 101687.000 -30.095 549.987 52.486 25.533 25.500 
25.767 101687.312 -30.121 550.140 52.486 25.533 25.500 
25.749 101678.872 -29.419 549.819 52.486 25.533 25.500 
25.761 101669.624 -28.652 549.560 52.486 25.533 25.500 
25.767 101674.560 -29.059 549.530 52.486 25.533 25.500 
25.755 101661.496 -27.976 549.804 52.486 25.533 25.500 
25.755 101674.240 -29.033 549.789 52.464 25.533 25.500 
25.761 101676.000 -29.181 548.965 52.464 25.533 25.468 
25.755 101671.056 -28.769 548.996 52.464 25.533 25.468 
25.767 101684.136 -29.857 549.377 52.433 25.533 25.468 
25.755 101661.496 -27.976 548.187 52.433 25.533 25.468 
25.774 101679.504 -29.471 548.141 52.464 25.533 25.468 
25.774 101682.696 -29.736 550.994 52.464 25.533 25.468 
25.774 101692.272 -30.534 552.078 52.464 25.533 25.468 
25.767 101684.136 -29.857 549.896 52.464 25.533 25.468 
25.780 101694.008 -30.676 549.179 52.433 25.533 25.500 
25.780 101694.008 -30.676 549.133 52.403 25.533 25.500 
25.761 101672.824 -28.917 549.469 52.403 25.533 25.500 
25.780 101700.400 -31.205 548.736 52.433 25.533 25.500 
25.761 101682.384 -29.709 548.965 52.486 25.533 25.500 
25.767 101668.176 -28.531 549.194 52.486 25.533 25.468 
25.774 101679.504 -29.471 548.889 52.517 25.533 25.468 
25.774 101679.504 -29.471 549.072 52.517 25.533 25.468 
25.767 101674.560 -29.059 549.301 52.547 25.533 25.468 
25.767 101671.368 -28.795 548.812 52.547 25.533 25.468 
25.780 101684.456 -29.884 549.377 52.578 25.533 25.468 
25.780 101678.064 -29.350 548.934 52.578 25.533 25.468 
25.774 101679.504 -29.471 549.133 52.609 25.533 25.468 
25.780 101668.496 -28.557 548.980 52.609 25.533 25.468 
25.780 101671.680 -28.821 548.828 52.609 25.533 25.468 
25.780 101678.064 -29.350 548.568 52.639 25.533 25.468 
25.780 101687.624 -30.148 548.110 52.639 25.533 25.468 
25.792 101691.144 -30.438 548.034 52.639 25.533 25.468 
25.780 101690.824 -30.412 548.400 52.639 25.533 25.468 
25.780 101687.624 -30.148 548.248 52.639 25.533 25.468 
25.780 101687.624 -30.148 548.446 52.639 25.533 25.468 
25.792 101691.144 -30.438 548.294 52.639 25.533 25.468 
25.798 101680.144 -29.524 548.278 52.639 25.533 25.468 
25.792 101681.584 -29.646 548.431 52.639 25.533 25.468 
25.805 101685.080 -29.936 548.584 52.670 25.533 25.468 
25.792 101681.584 -29.646 548.736 52.670 25.533 25.468 
25.805 101685.080 -29.936 548.980 52.700 25.533 25.468 
25.811 101677.256 -29.286 549.255 52.700 25.533 25.468 
25.786 101670.248 -28.705 549.209 52.700 25.533 25.468 
25.817 101679.008 -29.429 549.331 52.670 25.533 25.468 
25.792 101675.192 -29.112 548.934 52.670 25.533 25.468 
25.811 101677.256 -29.286 548.889 52.670 25.533 25.468 
25.823 101677.576 -29.313 549.148 52.670 25.533 25.500 
25.805 101675.504 -29.138 549.407 52.670 25.533 25.500 
25.829 101695.272 -30.782 549.774 52.639 25.533 25.500 
25.805 101701.024 -31.258 548.996 52.639 25.533 25.500 
25.811 101712.344 -32.198 549.011 52.639 25.533 25.500 
25.811 101693.200 -30.608 545.303 52.609 25.533 25.500 
25.829 101708.040 -31.839 544.555 52.578 25.533 25.500 
25.798 101689.704 -30.317 544.830 52.547 25.533 25.500 
25.792 101697.528 -30.967 546.859 52.547 25.533 25.500 
25.805 101704.216 -31.522 547.592 52.517 25.533 25.500 
25.811 101677.256 -29.286 547.409 52.517 25.533 25.500 
25.805 101669.136 -28.610 547.973 52.486 25.533 25.500 
25.805 101669.136 -28.610 547.988 52.517 25.533 25.468 
25.817 101688.584 -30.227 548.584 52.517 25.533 25.468 
25.817 101672.640 -28.901 549.362 52.486 25.533 25.468 
25.811 101664.496 -28.224 549.346 52.486 25.533 25.468 
25.805 101669.136 -28.610 549.224 52.464 25.533 25.468 
25.805 101669.136 -28.610 549.026 52.464 25.533 25.468 
25.805 101669.136 -28.610 548.828 52.464 25.533 25.468 
25.817 101675.832 -29.165 548.690 52.464 25.533 25.468 
25.817 101675.832 -29.165 549.148 52.464 25.533 25.468 
25.811 101667.688 -28.488 548.996 52.464 25.533 25.468 
25.829 101676.144 -29.191 548.934 52.464 25.533 25.500 
25.817 101669.456 -28.636 549.255 52.464 25.533 25.500 
25.823 101668.008 -28.515 549.133 52.464 25.533 25.500 
25.823 101680.768 -29.577 548.919 52.464 25.533 25.500 
25.829 101682.512 -29.720 549.011 52.464 25.533 25.500 
25.817 101688.584 -30.227 548.782 52.464 25.533 25.500 
25.823 101671.184 -28.784 548.614 52.464 25.533 25.500 
25.836 101674.696 -29.075 548.843 52.464 25.533 25.500 
25.823 101680.768 -29.577 548.339 52.486 25.533 25.500 
25.829 101682.512 -29.720 548.797 52.486 25.533 25.531 
25.829 101682.512 -29.720 548.980 52.486 25.533 25.531 
25.836 101684.272 -29.868 549.102 52.486 25.533 25.531 
25.842 101689.208 -30.280 549.057 52.486 25.533 25.531 
25.836 101690.648 -30.396 548.660 52.517 25.533 25.500 
25.842 101689.208 -30.280 548.645 52.517 25.533 25.500 
25.842 101689.208 -30.280 548.812 52.517 25.533 25.531 
25.836 101684.272 -29.868 548.812 52.517 25.533 25.531 
25.829 101682.512 -29.720 548.645 52.486 25.533 25.531 
25.842 101692.408 -30.544 548.889 52.486 25.533 25.500 
25.829 101692.096 -30.518 549.163 52.486 25.533 25.500 
25.842 101698.784 -31.073 549.240 52.486 25.533 25.500 
25.836 101709.792 -31.987 549.377 52.486 25.533 25.500 
25.811 101702.776 -31.406 549.453 52.486 25.533 25.500 
25.836 101703.400 -31.453 549.118 52.486 25.533 25.500 
25.811 101702.776 -31.406 549.285 52.486 25.533 25.500 
25.823 101693.520 -30.634 549.087 52.517 25.533 25.500 
25.823 101683.952 -29.841 549.209 52.517 25.533 25.468 
25.842 101682.832 -29.746 549.224 52.547 25.533 25.468 
25.836 101674.696 -29.075 549.209 52.547 25.533 25.500 
25.836 101671.504 -28.806 548.965 52.578 25.533 25.500 
25.842 101682.832 -29.746 549.102 52.578 25.533 25.500 
25.829 101682.512 -29.720 549.392 52.578 25.533 25.500 
25.842 101676.456 -29.218 548.828 52.609 25.533 25.500 
25.842 101679.640 -29.482 549.240 52.578 25.533 25.500 
25.842 101679.640 -29.482 548.584 52.578 25.533 25.500 
25.829 101676.144 -29.191 546.539 52.578 25.533 25.500 
25.836 101671.504 -28.806 544.769 52.578 25.533 25.500 
25.823 101671.184 -28.784 544.616 52.609 25.533 25.500 
25.829 101669.760 -28.663 544.418 52.609 25.533 25.468 
25.829 101672.952 -28.927 545.425 52.639 25.533 25.468 
25.842 101689.208 -30.280 545.928 52.639 25.533 25.468 
25.836 101671.504 -28.806 548.461 52.639 25.533 25.468 
25.842 101673.264 -28.954 547.714 52.670 25.533 25.500 
25.836 101671.504 -28.806 547.180 52.700 25.533 25.468 
25.848 101675.016 -29.096 548.172 52.700 25.533 25.500 
25.848 101675.016 -29.096 548.110 52.670 25.533 25.500 
25.836 101677.880 -29.339 548.568 52.700 25.533 25.468 
25.829 101663.376 -28.134 548.339 52.670 25.533 25.468 
25.829 101676.144 -29.191 548.767 52.670 25.533 25.468 
25.829 101679.328 -29.456 549.179 52.723 25.533 25.468 
25.842 101673.264 -28.954 548.797 52.723 25.533 25.468 
25.836 101671.504 -28.806 548.721 52.753 25.533 25.468 
25.829 101669.760 -28.663 548.919 52.753 25.533 25.468 
25.848 101668.632 -28.568 548.584 52.753 25.533 25.468 
25.867 101686.648 -30.063 548.706 52.723 25.533 25.468 
25.854 101673.576 -28.980 548.828 52.700 25.533 25.468 
25.867 101680.272 -29.535 548.507 52.670 25.533 25.468 
25.860 101675.320 -29.123 548.675 52.670 25.533 25.500 
25.854 101670.384 -28.716 548.522 52.670 25.533 25.500 
25.848 101662.248 -28.039 548.172 52.639 25.533 25.500 
25.867 101667.504 -28.478 548.263 52.639 25.533 25.500 
25.867 101673.880 -29.006 548.187 52.639 25.533 25.500 
25.860 101672.136 -28.858 548.278 52.639 25.533 25.500 
25.867 101677.080 -29.271 548.004 52.639 25.533 25.500 
25.842 101676.456 -29.218 548.263 52.639 25.533 25.500 
25.854 101689.528 -30.306 548.599 52.639 25.533 25.500 
25.842 101670.072 -28.689 548.751 52.670 25.533 25.500 
25.854 101670.384 -28.716 548.507 52.670 25.533 25.500 
25.848 101668.632 -28.568 548.660 52.723 25.533 25.500 
25.867 101677.080 -29.271 548.843 52.753 25.533 25.500 
25.879 101683.768 -29.825 548.599 52.753 25.533 25.500 
25.860 101665.760 -28.330 548.080 52.784 25.533 25.500 
25.860 101665.760 -28.330 548.477 52.784 25.533 25.500 
25.867 101664.328 -28.214 548.477 52.784 25.533 25.500 
25.873 101685.200 -29.947 548.187 52.753 25.533 25.500 
25.860 101668.944 -28.594 548.019 52.723 25.533 25.468 
25.867 101664.328 -28.214 548.385 52.700 25.533 25.468 
25.860 101668.944 -28.594 548.339 52.670 25.533 25.468 
25.867 101667.504 -28.478 548.049 52.639 25.533 25.500 
25.879 101671.016 -28.769 548.217 52.639 25.533 25.500 
25.867 101664.328 -28.214 547.805 52.639 25.533 25.500 
25.879 101680.576 -29.561 547.897 52.639 25.533 25.500 
25.879 101690.152 -30.354 547.988 52.639 25.533 25.500 
25.879 101671.016 -28.769 548.049 52.639 25.533 25.500 
25.885 101685.520 -29.973 548.477 52.639 25.533 25.500 
25.879 101680.576 -29.561 548.477 52.670 25.533 25.531 
25.873 101669.248 -28.621 547.988 52.670 25.533 25.500 
25.885 101675.944 -29.175 548.400 52.670 25.533 25.500 
25.885 101669.568 -28.647 548.431 52.670 25.533 25.500 
25.885 101672.760 -28.911 548.400 52.670 25.533 25.500 
25.879 101671.016 -28.769 548.324 52.670 25.533 25.500 
25.892 101684.080 -29.852 548.385 52.670 25.533 25.531 
25.879 101677.392 -29.297 548.309 52.670 25.533 25.500 
25.892 101674.504 -29.059 548.690 52.670 25.533 25.531 
25.873 101678.824 -29.413 548.660 52.670 25.533 25.531 
25.879 101671.016 -28.769 548.507 52.700 25.533 25.500 
25.885 101663.192 -28.119 548.919 52.723 25.533 25.531 
25.904 101671.624 -28.816 548.980 52.753 25.533 25.531 
25.904 101678.008 -29.350 548.919 52.753 25.533 25.531 
25.892 101674.504 -29.059 548.996 52.784 25.533 25.531 
25.892 101668.128 -28.525 548.904 52.784 25.533 25.531 
25.904 101678.008 -29.350 548.889 52.784 25.533 25.531 
25.892 101674.504 -29.059 548.812 52.753 25.533 25.531 
25.904 101671.624 -28.816 547.775 52.753 25.533 25.531 
25.904 101671.624 -28.816 548.416 52.723 25.533 25.531 
25.904 101678.008 -29.350 548.751 52.723 25.533 25.531 
25.892 101674.504 -29.059 548.614 52.723 25.533 25.531 
25.879 101661.448 -27.971 548.248 52.723 25.533 25.531 
25.879 101671.016 -28.769 548.339 52.723 25.533 25.531 
25.892 101687.272 -30.116 548.843 52.723 25.533 25.531 
25.879 101693.344 -30.623 548.568 52.700 25.533 25.531 
25.898 101689.016 -30.264 547.912 52.700 25.533 25.531 
25.892 101693.648 -30.645 548.095 52.700 25.533 25.531 
25.904 101697.152 -30.935 547.958 52.700 25.533 25.531 
25.898 101689.016 -30.264 548.309 52.700 25.533 25.531 
25.898 101676.256 -29.202 548.690 52.723 25.533 25.531 
25.898 101669.880 -28.673 548.706 52.723 25.533 25.531 
25.904 101665.248 -28.288 548.217 52.723 25.533 25.531 
25.892 101658.552 -27.733 548.095 52.723 25.533 25.531 
25.904 101668.448 -28.552 548.660 52.700 25.533 25.531 
25.904 101671.624 -28.816 548.522 52.670 25.533 25.531 
25.898 101673.072 -28.938 549.163 52.670 25.533 25.531 
25.898 101669.880 -28.673 549.057 52.639 25.533 25.531 
25.916 101675.136 -29.107 549.057 52.639 25.533 25.531 
25.910 101670.184 -28.700 548.263 52.670 25.533 25.531 
25.910 101667.000 -28.436 548.446 52.670 25.533 25.531 
25.923 101670.496 -28.726 548.538 52.670 25.533 25.531 
25.904 101668.448 -28.552 548.843 52.700 25.533 25.531 
25.929 101665.872 -28.341 549.041 52.700 25.533 25.531 
25.916 101668.752 -28.578 548.873 52.700 25.533 25.531 
25.904 101665.248 -28.288 549.285 52.670 25.533 25.531 
25.916 101668.752 -28.578 549.255 52.670 25.533 25.531 
25.923 101670.496 -28.726 549.407 52.609 25.533 25.531 
25.929 101678.632 -29.397 549.102 52.517 25.533 25.531 
25.929 101672.256 -28.869 548.950 52.464 25.533 25.562 
25.929 101675.440 -29.133 549.163 52.486 25.533 25.562 
25.941 101688.520 -30.222 549.072 52.517 25.533 25.562 
25.929 101681.832 -29.667 549.041 52.578 25.533 25.562 
25.929 101691.392 -30.460 549.697 52.609 25.533 25.562 
25.929 101685.008 -29.931 549.011 52.609 25.533 25.562 
25.923 101702.400 -31.374 549.194 52.639 25.533 25.562 
25.929 101710.528 -32.045 549.301 52.639 25.533 25.562 
25.916 101707.040 -31.760 548.904 52.639 25.533 25.562 
25.916 101694.272 -30.697 548.751 52.639 25.533 25.562 
25.935 101712.288 -32.193 548.797 52.609 25.533 25.562 
25.941 101698.088 -31.015 549.133 52.609 25.533 25.562 
25.929 101669.064 -28.605 548.980 52.639 25.533 25.562 
25.904 101665.248 -28.288 548.614 52.639 25.533 25.562 
25.910 101670.184 -28.700 548.461 52.609 25.533 25.562 
25.916 101668.752 -28.578 548.828 52.578 25.533 25.531 
25.929 101672.256 -28.869 548.477 52.578 25.533 25.531 
25.916 101668.752 -28.578 548.263 52.578 25.533 25.562 
25.929 101669.064 -28.605 548.217 52.578 25.533 25.562 
25.941 101675.752 -29.160 547.958 52.578 25.533 25.562 
25.923 101664.120 -28.193 547.744 52.547 25.533 25.562 
25.941 101675.752 -29.160 547.561 52.517 25.533 25.562 
25.929 101678.632 -29.397 546.722 52.517 25.533 25.562 
25.916 101687.888 -30.169 546.402 52.517 25.533 25.562 
25.904 101665.248 -28.288 542.831 52.517 25.533 25.531 
25.923 101673.696 -28.991 540.954 52.517 25.533 25.531 
25.916 101671.936 -28.843 540.237 52.517 25.533 25.531 
25.923 101676.880 -29.255 540.802 52.517 25.533 25.531 
25.935 101677.184 -29.281 540.588 52.517 25.533 25.531 
25.929 101678.632 -29.397 542.800 52.517 25.533 25.531 
25.929 101678.632 -29.397 540.374 52.517 25.533 25.562 
25.941 101685.328 -29.958 537.307 52.517 25.533 25.562 
25.929 101688.200 -30.195 538.620 52.486 25.533 25.562 
25.941 101698.088 -31.015 537.490 52.486 25.533 25.562 
25.947 101690.264 -30.365 532.424 52.464 25.533 25.562 
25.947 101693.456 -30.629 527.313 52.464 25.533 25.562 
25.947 101683.872 -29.836 523.742 52.486 25.533 25.562 
25.929 101694.576 -30.724 526.672 52.517 25.533 25.562 
25.954 101695.200 -30.777 530.059 52.517 25.544 25.562 
25.954 101698.392 -31.041 528.717 52.517 25.533 25.562 
25.954 101688.824 -30.243 529.754 52.517 25.544 25.562 
25.941 101688.520 -30.222 529.983 52.547 25.544 25.562 
25.960 101687.384 -30.127 528.976 52.578 25.544 25.593 
25.960 101687.384 -30.127 530.792 52.578 25.544 25.562 
25.960 101677.816 -29.334 532.150 52.578 25.544 25.593 
25.966 101689.136 -30.269 532.241 52.547 25.544 25.593 
25.954 101679.248 -29.450 531.890 52.547 25.544 25.593 
25.978 101676.680 -29.239 531.982 52.486 25.544 25.593 
25.966 101685.944 -30.005 535.644 52.456 25.544 25.625 
25.985 101681.616 -29.646 535.766 52.395 25.544 25.625 
25.966 101663.608 -28.150 538.650 52.372 25.565 25.625 
25.966 101669.992 -28.684 538.009 52.280 25.587 25.625 
25.978 101686.248 -30.032 538.162 52.250 25.587 25.625 
25.966 101669.992 -28.684 537.521 52.250 25.608 25.625 
25.978 101673.488 -28.975 538.986 52.250 25.608 25.625 
25.966 101669.992 -28.684 539.062 52.250 25.619 25.625 
25.978 101673.488 -28.975 539.047 52.250 25.630 25.625 
25.978 101667.104 -28.441 537.857 52.250 25.630 25.656 
25.972 101665.360 -28.298 539.321 52.219 25.640 25.656 
25.985 101668.856 -28.589 539.291 52.219 25.640 25.656 
25.991 101673.792 -28.996 539.276 52.219 25.651 25.656 
25.991 101670.592 -28.732 539.459 52.166 25.662 25.656 
25.991 101676.984 -29.260 538.940 52.135 25.673 25.656 
26.003 101677.288 -29.286 538.482 52.105 25.673 25.656 
25.997 101669.168 -28.615 538.909 52.105 25.673 25.656 
26.003 101667.720 -28.494 537.933 52.105 25.683 25.687 
26.003 101674.104 -29.022 538.360 52.105 25.694 25.687 
26.003 101680.488 -29.551 538.772 52.105 25.705 25.687 
26.003 101670.904 -28.758 538.558 52.166 25.705 25.687 
26.003 101667.720 -28.494 538.848 52.219 25.726 25.687 
26.016 101683.976 -29.841 539.047 52.250 25.737 25.718 
26.022 101672.976 -28.932 539.306 52.250 25.737 25.718 
26.028 101677.912 -29.339 539.306 52.250 25.748 25.718 
26.022 101679.352 -29.461 538.085 52.250 25.758 25.718 
26.028 101671.528 -28.811 537.826 52.250 25.769 25.750 
26.028 101671.528 -28.811 538.070 52.250 25.780 25.750 
26.016 101671.216 -28.784 537.689 52.250 25.791 25.750 
26.028 101668.344 -28.547 536.834 52.250 25.801 25.750 
26.040 101671.832 -28.837 535.919 52.250 25.812 25.750 
26.034 101666.888 -28.425 535.354 52.280 25.823 25.781 
26.034 101666.888 -28.425 534.118 52.395 25.833 25.781 
26.053 101675.336 -29.128 538.558 52.517 25.844 25.781 
26.047 101670.392 -28.716 537.948 52.578 25.855 25.781 
26.047 101673.576 -28.980 538.421 52.692 25.866 25.781 
26.040 101678.216 -29.366 537.200 52.784 25.866 25.812 
26.047 101660.824 -27.918 537.338 52.929 25.887 25.812 
26.053 101665.768 -28.330 537.338 53.013 25.887 25.812 
26.059 101670.704 -28.742 531.982 53.074 25.887 25.812 
26.053 101668.960 -28.594 533.645 53.074 25.909 25.812 
26.053 101665.768 -28.330 534.118 53.074 25.909 25.812 
26.059 101677.088 -29.271 534.591 53.013 25.909 25.812 
26.053 101668.960 -28.594 533.905 53.013 25.909 25.812 
26.065 101682.016 -29.683 534.454 53.013 25.909 25.812 
26.078 101688.712 -30.238 535.781 52.982 25.909 25.812 
26.078 101682.328 -29.704 536.422 52.982 25.909 25.812 
26.065 101672.448 -28.885 535.247 52.959 25.909 25.812 
26.065 101675.632 -29.149 537.506 52.929 25.909 25.812 
26.078 101675.936 -29.175 538.650 52.898 25.887 25.812 
26.065 101678.832 -29.413 539.093 52.898 25.887 25.812 
26.078 101672.752 -28.911 539.169 52.929 25.887 25.812 
26.084 101674.504 -29.059 539.947 52.929 25.866 25.812 
26.078 101666.368 -28.383 540.374 52.929 25.866 25.812 
26.071 101671.000 -28.763 540.420 52.929 25.866 25.812 
26.078 101672.752 -28.911 540.863 52.929 25.855 25.781 
26.084 101668.120 -28.525 540.100 52.959 25.855 25.781 
26.084 101677.696 -29.323 540.481 52.959 25.844 25.781 
26.096 101674.808 -29.080 541.671 52.959 25.855 25.781 
26.102 101670.168 -28.695 541.336 53.043 25.855 25.812 
26.078 101663.168 -28.119 541.229 53.104 25.866 25.812 
26.096 101681.184 -29.609 541.152 53.165 25.866 25.812 
26.084 101661.744 -27.997 541.046 53.188 25.866 25.812 
26.084 101668.120 -28.525 541.015 53.188 25.866 25.812 
26.084 101664.936 -28.261 541.168 53.135 25.887 25.812 
26.096 101674.808 -29.080 541.091 53.104 25.887 25.812 
26.102 101676.552 -29.228 541.931 53.043 25.887 25.812 
26.109 101665.536 -28.314 541.748 53.013 25.909 25.812 
26.115 101673.672 -28.985 541.854 53.043 25.919 25.843 
26.096 101662.032 -28.023 542.251 53.135 25.919 25.843 
26.115 101676.864 -29.255 542.053 53.219 25.930 25.843 
26.109 101675.120 -29.107 543.121 53.280 25.941 25.843 
26.127 101677.160 -29.276 542.999 53.280 25.941 25.843 
26.121 101662.648 -28.071 541.809 53.280 25.941 25.843 
26.115 101667.280 -28.457 541.442 53.280 25.951 25.875 
26.121 101672.224 -28.869 542.526 53.249 25.951 25.875 
26.121 101669.032 -28.605 542.511 53.219 25.962 25.875 
26.139 101674.264 -29.038 542.419 53.188 25.962 25.875 
26.133 101672.536 -28.895 543.151 53.158 25.962 25.875 
26.127 101661.200 -27.955 542.419 53.219 25.962 25.875 
26.139 101674.264 -29.038 542.495 53.249 25.962 25.875 
26.139 101667.880 -28.510 542.099 53.249 25.973 25.875 
26.146 101682.392 -29.709 542.495 53.249 25.973 25.875 
26.139 101674.264 -29.038 543.029 53.219 25.973 25.875 
26.139 101671.080 -28.774 543.045 53.219 25.973 25.875 
26.139 101671.080 -28.774 543.060 53.158 25.973 25.875 
26.139 101667.880 -28.510 543.197 53.135 25.962 25.875 
26.127 101664.400 -28.219 543.426 53.104 25.973 25.875 
26.152 101671.384 -28.800 543.762 53.013 25.973 25.875 
26.146 101679.200 -29.445 543.838 52.959 25.973 25.875 
26.146 101672.832 -28.917 544.006 52.898 25.973 25.875 
26.152 101677.768 -29.329 544.296 52.837 25.962 25.875 
26.139 101674.264 -29.038 543.853 52.784 25.973 25.875 
26.146 101663.248 -28.124 543.319 52.723 25.962 25.875 
26.139 101661.504 -27.976 543.640 52.723 25.973 25.875 
26.152 101668.184 -28.531 543.701 52.723 25.973 25.906 
26.152 101671.384 -28.800 543.914 52.723 25.973 25.906 
26.152 101668.184 -28.531 543.930 52.753 25.973 25.906 
26.164 101674.872 -29.086 543.518 52.753 25.984 25.906 
26.164 101671.688 -28.821 543.808 52.807 25.984 25.906 
26.152 101658.608 -27.738 543.746 52.837 25.984 25.906 
26.152 101671.384 -28.800 543.426 52.868 25.984 25.906 
26.158 101666.744 -28.415 543.396 52.868 25.984 25.906 
26.164 101671.688 -28.821 543.258 52.898 25.984 25.906 
26.158 101666.744 -28.415 543.975 52.898 25.984 25.906 
26.164 101674.872 -29.086 544.204 52.929 25.984 25.906 
26.177 101678.376 -29.376 544.189 52.929 25.984 25.906 
26.170 101670.248 -28.705 544.097 52.929 25.994 25.906 
26.164 101668.496 -28.557 544.158 52.898 25.994 25.906 
26.177 101668.800 -28.584 544.158 52.929 25.994 25.906 
26.177 101652.840 -27.257 544.189 52.929 26.005 25.906 
26.189 101675.488 -29.138 544.006 52.929 26.005 25.937 
26.177 101668.800 -28.584 543.808 52.929 26.005 25.937 
26.189 101669.112 -28.610 543.487 52.929 26.005 25.937 
26.214 101672.896 -28.922 543.685 52.959 26.016 25.937 
26.189 101665.912 -28.346 543.975 52.959 26.027 25.937 
26.208 101674.344 -29.043 544.296 52.959 26.027 25.937 
26.208 101674.344 -29.043 544.281 52.959 26.037 25.937 
26.201 101672.584 -28.895 544.265 52.959 26.037 25.968 
26.226 101679.568 -29.477 544.281 52.959 26.037 25.968 
26.214 101682.472 -29.720 544.448 52.929 26.048 25.968 
26.208 101674.344 -29.043 544.250 52.898 26.048 25.968 
26.214 101676.088 -29.186 544.311 52.868 26.048 25.968 
26.214 101663.312 -28.129 544.235 52.837 26.059 25.968 
26.214 101663.312 -28.129 540.954 52.807 26.059 25.968 
26.208 101661.568 -27.981 540.222 52.784 26.059 25.968 
26.201 101672.584 -28.895 540.832 52.753 26.059 25.968 
26.208 101667.960 -28.515 541.229 52.753 26.059 25.968 
26.214 101663.312 -28.129 542.694 52.753 26.059 25.968 
26.239 101676.680 -29.239 542.129 52.753 26.059 25.968 
26.220 101671.448 -28.800 542.129 52.753 26.069 25.968 
26.226 101660.424 -27.886 542.404 52.723 26.080 25.968 
26.232 101668.552 -28.562 543.289 52.746 26.091 26.000 
26.239 101676.680 -29.239 543.304 52.715 26.091 26.000 
26.226 101657.232 -27.622 543.060 52.662 26.102 26.000 
26.226 101673.192 -28.948 542.907 52.601 26.112 26.000 
26.245 101668.848 -28.589 543.258 52.509 26.112 26.000 
26.239 101670.296 -28.705 543.258 52.456 26.112 26.000 
26.239 101673.496 -28.975 542.907 52.395 26.112 26.000 
26.251 101667.400 -28.467 543.167 52.334 26.112 26.000 
26.245 101678.432 -29.382 542.968 52.334 26.112 26.031 
26.245 101678.432 -29.382 542.877 52.303 26.112 26.031 
26.263 101667.712 -28.494 542.831 52.250 26.112 26.031 
26.245 101662.472 -28.055 543.365 52.219 26.123 26.031 
26.263 101677.288 -29.286 543.808 52.189 26.123 26.031 
26.263 101677.288 -29.286 543.670 52.189 26.134 26.031 
26.276 101677.576 -29.313 542.388 52.189 26.134 26.031 
26.270 101663.064 -28.108 543.106 52.189 26.145 26.031 
26.251 101661.024 -27.939 542.358 52.189 26.155 26.031 
26.263 101664.520 -28.230 542.755 52.189 26.155 26.062 
26.276 101674.384 -29.049 542.739 52.158 26.166 26.062 
26.276 101671.184 -28.784 543.411 52.158 26.166 26.062 
26.276 101667.992 -28.515 543.029 52.128 26.166 26.062 
26.288 101671.504 -28.806 542.938 52.128 26.166 26.062 
26.294 101663.664 -28.156 543.380 52.128 26.177 26.062 
26.282 101663.360 -28.129 543.289 52.128 26.177 26.062 
26.307 101673.536 -28.975 543.304 52.128 26.187 26.062 
26.301 101674.984 -29.096 543.594 52.128 26.187 26.093 
26.313 101675.280 -29.123 545.288 52.097 26.198 26.093 
26.313 101672.088 -28.858 545.913 52.097 26.209 26.093 
26.313 101668.904 -28.594 545.227 52.097 26.209 26.093 
26.313 101668.904 -28.594 544.830 52.097 26.209 26.093 
26.313 101672.088 -28.858 544.631 52.067 26.220 26.093 
26.313 101665.704 -28.325 545.288 52.067 26.230 26.093 
26.325 101672.384 -28.880 545.440 52.067 26.230 26.125 
26.344 101693.584 -30.639 545.303 52.044 26.241 26.125 
26.325 101688.352 -30.206 545.532 52.044 26.241 26.125 
26.338 101688.656 -30.232 545.593 52.044 26.241 26.125 
26.319 101680.216 -29.530 545.516 52.067 26.241 26.125 
26.325 101691.528 -30.470 545.440 52.097 26.252 26.125 
26.325 101672.384 -28.880 545.501 52.097 26.262 26.125 
26.338 101675.872 -29.170 545.211 52.097 26.273 26.125 
26.344 101668.040 -28.520 545.028 52.067 26.273 26.125 
26.338 101672.688 -28.906 544.509 52.067 26.273 26.156 
26.338 101666.304 -28.378 545.318 52.067 26.284 26.156 
26.350 101666.584 -28.399 545.394 52.036 26.284 26.156 
26.344 101661.656 -27.992 546.615 52.036 26.295 26.156 
26.362 101673.272 -28.954 545.684 52.036 26.305 26.156 
26.356 101668.344 -28.547 545.761 52.036 26.295 26.156 
26.350 101669.792 -28.668 545.730 52.036 26.305 26.156 
26.362 101670.080 -28.689 546.356 52.067 26.305 26.156 
26.356 101661.952 -28.013 545.730 52.097 26.316 26.156 
26.369 101665.440 -28.304 545.791 52.128 26.327 26.187 
26.375 101667.176 -28.452 545.471 52.128 26.327 26.187 
26.375 101670.368 -28.716 545.883 52.128 26.327 26.187 
26.369 101668.640 -28.568 545.669 52.158 26.327 26.187 
26.375 101670.368 -28.716 545.822 52.158 26.327 26.187 
26.375 101670.368 -28.716 545.959 52.158 26.327 26.187 
26.387 101673.872 -29.006 546.463 52.158 26.338 26.187 
26.381 101668.928 -28.594 547.103 52.128 26.338 26.187 
26.387 101667.488 -28.473 546.539 52.128 26.338 26.187 
26.375 101657.600 -27.654 546.569 52.128 26.348 26.187 
26.375 101657.600 -27.654 546.325 52.128 26.348 26.187 
26.393 101666.032 -28.351 546.783 52.128 26.348 26.218 
26.400 101677.360 -29.292 546.661 52.128 26.359 26.218 
26.400 101658.192 -27.701 546.371 52.128 26.359 26.218 
26.400 101664.576 -28.235 546.325 52.128 26.370 26.218 
26.400 101661.384 -27.965 545.883 52.158 26.380 26.218 
26.400 101661.384 -27.965 546.844 52.128 26.380 26.218 
26.412 101668.064 -28.520 546.920 52.128 26.391 26.218 
26.412 101658.496 -27.728 546.905 52.128 26.402 26.250 
26.400 101664.576 -28.235 546.066 52.158 26.402 26.250 
26.393 101662.832 -28.087 546.478 52.212 26.402 26.250 
26.400 101654.992 -27.437 546.920 52.273 26.413 26.250 
26.412 101668.064 -28.520 546.707 52.334 26.413 26.250 
26.424 101661.960 -28.018 546.920 52.364 26.423 26.250 
26.424 101661.960 -28.018 546.783 52.364 26.423 26.250 
26.424 101668.352 -28.547 546.951 52.334 26.434 26.250 
26.418 101663.424 -28.134 546.997 52.303 26.434 26.250 
26.412 101664.880 -28.256 547.439 52.303 26.445 26.281 
26.424 101671.544 -28.811 547.287 52.334 26.456 26.281 
26.418 101663.424 -28.134 547.012 52.364 26.466 26.281 
26.424 101671.544 -28.811 547.531 52.364 26.466 26.281 
26.418 101660.216 -27.870 547.576 52.364 26.477 26.281 
26.424 101658.776 -27.749 547.683 52.364 26.477 26.281 
26.443 101676.784 -29.244 547.409 52.334 26.477 26.281 
26.437 101662.256 -28.039 547.668 52.273 26.488 26.281 
26.437 101668.656 -28.573 547.821 52.242 26.488 26.312 
26.449 101678.520 -29.392 547.546 52.212 26.477 26.312 
26.437 101671.832 -28.837 547.241 52.181 26.488 26.312 
26.449 101681.720 -29.656 547.882 52.128 26.488 26.312 
26.455 101683.472 -29.799 548.065 52.097 26.477 26.312 
26.449 101678.520 -29.392 548.065 52.097 26.498 26.312 
26.449 101684.904 -29.921 548.370 52.067 26.509 26.312 
26.443 101686.368 -30.042 548.294 52.067 26.509 26.312 
26.461 101694.784 -30.740 548.049 52.067 26.509 26.312 
26.461 101694.784 -30.740 547.973 52.067 26.520 26.312 
26.461 101697.984 -31.004 548.110 52.097 26.520 26.312 
26.474 101685.504 -29.968 548.370 52.181 26.520 26.343 
26.455 101667.504 -28.473 548.614 52.242 26.531 26.343 
26.461 101662.840 -28.087 548.828 52.242 26.531 26.343 
26.461 101675.624 -29.149 548.919 52.242 26.531 26.343 
26.461 101672.432 -28.885 549.224 52.242 26.531 26.343 
26.474 101669.528 -28.642 549.179 52.242 26.531 26.343 
26.474 101672.728 -28.911 549.484 52.242 26.531 26.343 
26.474 101666.336 -28.378 549.255 52.242 26.531 26.343 
26.468 101670.984 -28.763 548.950 52.242 26.541 26.343 
26.461 101666.048 -28.356 549.346 52.242 26.552 26.343 
26.461 101672.432 -28.885 549.026 52.242 26.552 26.343 
26.468 101670.984 -28.763 549.545 52.242 26.552 26.343 
26.474 101672.728 -28.911 549.224 52.242 26.552 26.343 
26.480 101677.664 -29.318 548.980 52.242 26.552 26.343 
26.492 101668.368 -28.547 548.690 52.242 26.552 26.343 
26.480 101668.072 -28.520 549.362 52.212 26.552 26.343 
26.492 101674.760 -29.075 549.026 52.212 26.563 26.343 
26.492 101668.368 -28.547 549.118 52.212 26.563 26.375 
26.492 101658.784 -27.749 549.072 52.212 26.563 26.375 
26.498 101660.520 -27.897 549.194 52.181 26.563 26.375 
26.498 101666.912 -28.425 549.240 52.181 26.563 26.375 
26.511 101664.008 -28.187 549.758 52.181 26.563 26.375 
26.505 101665.472 -28.309 549.896 52.181 26.563 26.375 
26.517 101665.760 -28.330 550.476 52.181 26.563 26.375 
26.511 101670.400 -28.716 549.804 52.212 26.563 26.375 
26.511 101664.008 -28.187 549.560 52.212 26.563 26.375 
26.529 101669.232 -28.621 549.758 52.242 26.563 26.375 
26.511 101670.400 -28.716 550.323 52.242 26.563 26.375 
26.523 101667.496 -28.473 551.208 52.242 26.563 26.375 
26.517 101665.760 -28.330 550.842 52.242 26.563 26.375 
26.511 101657.624 -27.654 551.040 52.273 26.563 26.375 
26.523 101667.496 -28.473 551.147 52.273 26.563 26.375 
26.523 101664.312 -28.208 550.903 52.273 26.563 26.375 
26.536 101667.784 -28.499 550.994 52.273 26.563 26.375 
26.523 101657.920 -27.680 550.857 52.273 26.563 26.375 
26.548 101664.888 -28.256 550.476 52.303 26.563 26.375 
26.536 101661.400 -27.971 550.186 52.273 26.574 26.375 
26.523 101661.112 -27.944 550.582 52.303 26.574 26.375 
26.542 101663.136 -28.113 550.903 52.334 26.574 26.406 
26.529 101656.472 -27.558 549.591 52.303 26.584 26.406 
26.529 101659.648 -27.823 550.201 52.303 26.584 26.406 
26.548 101674.472 -29.054 550.613 52.334 26.574 26.406 
26.536 101661.400 -27.971 550.521 52.334 26.584 26.406 
26.548 101664.888 -28.256 550.399 52.334 26.574 26.406 
26.548 101668.080 -28.525 549.957 52.303 26.584 26.406 
26.536 101664.592 -28.235 550.277 52.303 26.595 26.406 
26.560 101665.168 -28.282 550.125 52.303 26.595 26.406 
26.554 101660.224 -27.870 550.231 52.303 26.595 26.406 
26.573 101675.048 -29.102 550.430 52.273 26.606 26.406 
26.573 101675.048 -29.102 550.781 52.273 26.616 26.406 
26.573 101671.848 -28.837 550.888 52.303 26.616 26.437 
26.573 101671.848 -28.837 550.735 52.303 26.627 26.437 
26.585 101672.136 -28.858 550.628 52.303 26.638 26.437 
26.585 101672.136 -28.858 550.430 52.387 26.638 26.437 
26.579 101664.000 -28.187 550.033 52.418 26.659 26.437 
26.597 101669.224 -28.621 550.979 52.418 26.659 26.437 
26.585 101675.328 -29.123 550.994 52.418 26.659 26.437 
26.591 101667.496 -28.473 551.345 52.418 26.659 26.437 
26.579 101670.392 -28.716 551.895 52.418 26.659 26.437 
26.591 101709.024 -31.923 552.108 52.418 26.649 26.437 
26.591 101712.216 -32.188 551.712 52.387 26.649 26.437 
26.597 101694.784 -30.740 551.910 52.387 26.649 26.437 
26.604 101677.360 -29.292 551.696 52.357 26.638 26.437 
