24.361 101695.664 -30.814 324.996 55.492 24.429 24.125 
24.374 101699.192 -31.104 323.059 55.492 24.429 24.125 
24.380 101707.024 -31.754 320.983 55.492 24.429 24.125 
24.386 101690.528 -30.386 323.822 55.492 24.429 24.125 
24.386 101696.616 -30.893 324.874 55.523 24.429 24.125 
24.405 101707.992 -31.839 325.393 55.553 24.429 24.125 
24.392 101698.392 -31.041 324.829 55.576 24.429 24.125 
24.411 101700.616 -31.226 325.714 55.607 24.429 24.125 
24.405 101689.752 -30.322 325.210 55.607 24.439 24.156 
24.411 101691.496 -30.465 325.714 55.637 24.439 24.156 
24.423 101707.176 -31.770 325.332 55.637 24.450 24.156 
24.411 101688.456 -30.217 325.454 55.637 24.450 24.156 
24.429 101702.848 -31.411 325.607 55.668 24.450 24.156 
24.436 101704.600 -31.554 324.813 55.668 24.461 24.156 
24.436 101698.512 -31.052 324.722 55.637 24.461 24.187 
24.448 101705.088 -31.596 321.319 55.637 24.471 24.187 
24.448 101699.008 -31.094 322.326 55.607 24.471 24.187 
24.460 101705.560 -31.633 320.968 55.607 24.471 24.187 
24.467 101707.312 -31.781 319.000 55.576 24.493 24.218 
24.467 101701.240 -31.279 320.938 55.576 24.493 24.218 
24.460 101702.512 -31.384 321.167 55.553 24.504 24.218 
24.473 101703.008 -31.421 320.922 55.553 24.504 24.218 
24.479 101704.768 -31.569 320.083 55.523 24.514 24.218 
24.485 101700.432 -31.210 317.657 55.492 24.525 24.218 
24.460 101693.400 -30.623 315.521 55.462 24.525 24.218 
24.460 101699.480 -31.131 314.163 55.431 24.536 24.250 
24.467 101701.240 -31.279 316.345 55.401 24.536 24.218 
24.460 101693.400 -30.623 315.856 55.378 24.525 24.218 
24.473 101699.968 -31.168 316.162 55.317 24.536 24.218 
24.479 101698.680 -31.062 315.368 55.317 24.536 24.218 
24.467 101695.152 -30.771 316.696 55.317 24.546 24.250 
24.479 101704.768 -31.569 316.223 55.286 24.546 24.250 
24.467 101698.192 -31.025 317.352 55.256 24.557 24.250 
24.485 101709.544 -31.966 322.921 55.256 24.557 24.250 
24.473 101709.088 -31.929 326.919 55.225 24.568 24.250 
24.498 101703.944 -31.501 328.903 55.203 24.568 24.250 
24.498 101706.976 -31.754 329.528 55.203 24.579 24.281 
24.498 101703.944 -31.501 329.742 55.203 24.568 24.281 
24.504 101693.536 -30.639 329.391 55.172 24.579 24.281 
24.498 101700.904 -31.247 329.666 55.172 24.579 24.281 
24.498 101691.776 -30.491 329.589 55.141 24.579 24.281 
24.491 101699.152 -31.104 329.711 55.141 24.589 24.281 
24.485 101700.432 -31.210 325.439 55.141 24.589 24.281 
24.485 101691.304 -30.449 324.752 55.050 24.600 24.281 
24.485 101688.264 -30.201 354.003 54.966 24.600 24.281 
24.485 101700.432 -31.210 348.449 54.905 24.600 24.312 
24.473 101703.008 -31.421 356.918 54.844 24.611 24.312 
24.448 101695.960 -30.840 356.674 54.813 24.611 24.312 
24.460 101705.560 -31.633 355.865 54.791 24.611 24.312 
24.460 101699.480 -31.131 357.482 54.791 24.611 24.312 
24.460 101699.480 -31.131 355.529 54.791 24.622 24.312 
24.448 101705.088 -31.596 349.990 54.791 24.622 24.312 
24.429 101702.848 -31.411 355.316 54.813 24.622 24.312 
24.429 101696.784 -30.904 357.025 54.813 24.622 24.312 
24.423 101701.104 -31.263 323.089 54.844 24.622 24.312 
24.417 101687.176 -30.111 321.075 54.874 24.622 24.312 
24.436 101704.600 -31.554 324.127 54.874 24.622 24.312 
24.429 101696.784 -30.904 327.850 54.905 24.622 24.281 
24.429 101696.784 -30.904 328.613 54.935 24.622 24.312 
24.423 101688.936 -30.254 329.940 54.935 24.622 24.312 
24.429 101708.936 -31.913 328.537 54.935 24.632 24.312 
24.436 101710.680 -32.061 329.040 54.935 24.643 24.312 
24.442 101712.464 -32.209 331.832 54.935 24.643 24.312 
24.448 101711.168 -32.098 332.504 54.935 24.654 24.312 
24.454 101719.008 -32.753 332.305 54.935 24.664 24.312 
24.448 101705.088 -31.596 332.351 54.935 24.664 24.312 
24.454 101703.816 -31.490 332.260 54.966 24.664 24.343 
24.448 101708.136 -31.849 332.305 54.966 24.675 24.343 
24.467 101713.400 -32.283 331.985 54.966 24.675 24.343 
24.473 101709.088 -31.929 332.031 54.966 24.686 24.343 
24.473 101709.088 -31.929 331.939 54.935 24.686 24.343 
24.485 101697.384 -30.956 332.412 54.935 24.686 24.343 
24.485 101691.304 -30.449 332.138 54.935 24.686 24.343 
24.491 101699.152 -31.104 331.695 54.905 24.697 24.343 
24.510 101695.304 -30.782 332.092 54.935 24.697 24.343 
24.510 101695.304 -30.782 331.970 54.905 24.697 24.375 
24.510 101695.304 -30.782 332.000 54.935 24.697 24.375 
24.504 101687.456 -30.132 332.168 54.958 24.697 24.375 
24.516 101690.976 -30.423 331.970 54.935 24.686 24.375 
24.522 101692.736 -30.571 332.153 54.935 24.686 24.375 
24.547 101699.768 -31.152 331.909 54.935 24.686 24.375 
24.560 101758.008 -35.987 332.260 54.958 24.686 24.375 
24.560 101742.808 -34.724 332.244 54.935 24.686 24.375 
24.553 101707.584 -31.802 331.848 54.935 24.697 24.375 
24.578 101696.368 -30.872 332.122 54.958 24.697 24.375 
24.572 101688.536 -30.222 332.275 54.958 24.707 24.375 
24.591 101699.872 -31.162 332.000 54.935 24.707 24.406 
24.591 101690.752 -30.407 331.970 54.935 24.707 24.406 
24.591 101693.800 -30.660 331.985 54.935 24.718 24.406 
24.609 101705.168 -31.601 332.366 54.935 24.718 24.406 
24.609 101699.080 -31.099 331.985 54.935 24.729 24.406 
24.609 101689.952 -30.338 331.985 54.905 24.729 24.437 
24.622 101699.520 -31.131 332.031 54.905 24.740 24.437 
24.622 101696.496 -30.882 332.107 54.905 24.740 24.437 
24.628 101695.200 -30.777 331.695 54.905 24.750 24.437 
24.640 101701.760 -31.321 332.199 54.905 24.750 24.437 
24.640 101695.672 -30.814 331.863 54.874 24.750 24.437 
24.646 101691.336 -30.454 332.260 54.905 24.761 24.437 
24.646 101688.304 -30.201 331.985 54.874 24.761 24.468 
24.659 101710.064 -32.008 331.787 54.874 24.772 24.468 
24.671 101698.376 -31.036 332.092 54.874 24.772 24.468 
24.677 101703.160 -31.437 331.542 54.844 24.772 24.468 
24.665 101690.512 -30.386 331.878 54.844 24.772 24.468 
24.671 101686.200 -30.026 331.787 54.813 24.782 24.468 
24.671 101695.328 -30.787 331.542 54.813 24.782 24.468 
24.677 101690.992 -30.428 331.558 54.760 24.782 24.468 
24.696 101702.352 -31.369 331.695 54.760 24.793 24.500 
24.696 101699.304 -31.115 330.215 54.729 24.793 24.500 
24.683 101689.712 -30.317 325.500 54.699 24.793 24.500 
24.696 101705.400 -31.622 328.201 54.699 24.804 24.500 
24.702 101688.880 -30.254 327.667 54.699 24.804 24.500 
24.708 101696.736 -30.904 329.925 54.668 24.804 24.500 
24.714 101698.488 -31.046 331.054 54.668 24.804 24.500 
24.727 101695.888 -30.835 331.817 54.668 24.804 24.500 
24.727 101695.888 -30.835 330.551 54.668 24.804 24.531 
24.739 101702.456 -31.379 330.093 54.668 24.804 24.531 
24.733 101697.648 -30.978 330.337 54.668 24.804 24.531 
24.739 101708.536 -31.881 330.993 54.668 24.815 24.531 
24.745 101719.416 -32.785 331.375 54.638 24.815 24.531 
24.752 101709.008 -31.923 331.390 54.638 24.825 24.531 
24.764 101712.528 -32.214 331.451 54.638 24.815 24.531 
24.758 101716.848 -32.573 331.604 54.607 24.825 24.531 
24.758 101713.816 -32.320 331.695 54.607 24.836 24.562 
24.758 101704.688 -31.564 331.237 54.607 24.836 24.562 
24.758 101713.816 -32.320 331.542 54.607 24.836 24.562 
24.770 101720.344 -32.864 331.634 54.585 24.847 24.562 
24.758 101729.024 -33.583 331.497 54.585 24.847 24.562 
24.776 101725.152 -33.260 331.604 54.585 24.858 24.562 
24.770 101726.424 -33.366 331.573 54.554 24.858 24.562 
24.770 101732.512 -33.873 328.887 54.554 24.868 24.562 
24.770 101717.296 -32.610 327.560 54.585 24.868 24.562 
24.783 101711.672 -32.140 328.094 54.585 24.868 24.593 
24.783 101687.336 -30.121 328.079 54.585 24.879 24.593 
24.783 101687.336 -30.121 328.079 54.607 24.879 24.593 
24.789 101695.184 -30.771 329.162 54.607 24.879 24.593 
24.807 101700.448 -31.210 329.925 54.607 24.879 24.593 
24.820 101697.864 -30.993 330.093 54.607 24.890 24.593 
24.820 101697.864 -30.993 329.818 54.607 24.890 24.593 
24.813 101696.120 -30.851 329.971 54.607 24.890 24.625 
24.832 101701.360 -31.284 329.605 54.585 24.890 24.625 
24.820 101700.904 -31.247 329.483 54.585 24.900 24.625 
24.832 101695.264 -30.782 329.376 54.554 24.900 24.625 
24.844 101698.784 -31.073 328.063 54.554 24.911 24.625 
24.844 101695.744 -30.819 328.491 54.554 24.911 24.625 
24.838 101709.208 -31.939 327.835 54.554 24.922 24.625 
24.844 101717.048 -32.589 326.828 54.523 24.933 24.656 
24.851 101724.880 -33.239 326.568 54.523 24.933 24.656 
24.851 101718.792 -32.732 324.447 54.523 24.933 24.656 
24.851 101712.712 -32.230 324.264 54.493 24.933 24.656 
24.863 101713.184 -32.267 323.684 54.493 24.943 24.656 
24.869 101711.880 -32.161 324.081 54.493 24.943 24.656 
24.869 101699.712 -31.152 325.027 54.462 24.954 24.656 
24.882 101715.376 -32.452 325.317 54.462 24.954 24.656 
24.875 101707.536 -31.797 324.707 54.462 24.954 24.687 
24.882 101709.296 -31.945 323.501 54.432 24.954 24.687 
24.882 101712.336 -32.198 322.937 54.432 24.965 24.687 
24.888 101711.064 -32.093 322.143 54.432 24.965 24.687 
24.894 101712.816 -32.235 322.464 54.432 24.965 24.687 
24.894 101709.768 -31.982 322.143 54.432 24.965 24.687 
24.906 101716.304 -32.526 323.028 54.432 24.975 24.687 
24.906 101704.136 -31.517 322.998 54.401 24.975 24.687 
24.906 101698.040 -31.009 326.126 54.401 24.975 24.687 
24.906 101710.216 -32.024 328.659 54.379 24.975 24.687 
24.925 101709.400 -31.955 329.772 54.348 24.975 24.718 
24.912 101696.768 -30.904 330.139 54.317 24.975 24.718 
24.931 101692.864 -30.581 330.169 54.317 24.975 24.718 
24.919 101689.376 -30.291 330.154 54.317 24.975 24.718 
24.931 101698.952 -31.088 330.505 54.317 24.975 24.718 
24.931 101686.784 -30.074 330.474 54.317 24.975 24.718 
24.943 101699.416 -31.125 330.627 54.317 24.975 24.718 
24.956 101699.872 -31.162 330.596 54.317 24.975 24.718 
24.943 101702.456 -31.379 330.535 54.317 24.975 24.718 
24.956 101702.920 -31.416 330.535 54.317 24.975 24.718 
24.974 101699.040 -31.094 330.413 54.287 24.965 24.718 
24.968 101700.336 -31.199 330.810 54.256 24.965 24.718 
24.968 101691.192 -30.444 330.886 54.256 24.965 24.718 
24.956 101687.704 -30.153 330.749 54.256 24.965 24.718 
24.968 101688.160 -30.190 330.352 54.287 24.975 24.750 
24.962 101689.464 -30.296 330.490 54.287 24.975 24.750 
24.968 101709.464 -31.960 330.596 54.287 24.986 24.750 
24.943 101693.336 -30.618 330.062 54.256 24.986 24.750 
24.943 101696.376 -30.872 329.376 54.256 24.986 24.750 
24.950 101707.256 -31.775 329.406 54.256 24.997 24.750 
24.950 101692.048 -30.512 329.452 54.256 24.997 24.750 
24.956 101696.832 -30.909 329.376 54.256 25.008 24.750 
24.956 101699.872 -31.162 329.238 54.256 25.018 24.750 
24.943 101687.232 -30.116 329.299 54.256 25.018 24.750 
24.962 101707.720 -31.812 326.507 54.256 25.029 24.750 
24.962 101689.464 -30.296 321.365 54.256 25.029 24.781 
24.956 101693.792 -30.660 318.847 54.226 25.029 24.781 
24.974 101696.008 -30.840 325.195 54.256 25.040 24.781 
24.980 101700.792 -31.236 324.462 54.256 25.029 24.781 
24.974 101696.008 -30.840 321.914 54.256 25.029 24.781 
24.980 101691.656 -30.481 319.885 54.317 25.029 24.781 
24.980 101700.792 -31.236 321.273 54.287 25.040 24.781 
24.980 101694.704 -30.734 323.120 54.287 25.040 24.781 
25.005 101707.792 -31.818 323.379 54.287 25.040 24.781 
25.005 101701.704 -31.316 324.523 54.287 25.040 24.781 
24.993 101710.384 -32.034 325.454 54.287 25.040 24.781 
25.005 101707.792 -31.818 324.661 54.287 25.051 24.781 
25.018 101708.256 -31.860 325.302 54.287 25.051 24.812 
25.005 101692.568 -30.555 324.600 54.287 25.061 24.812 
25.011 101691.288 -30.449 324.310 54.287 25.061 24.812 
25.011 101697.376 -30.956 325.317 54.287 25.072 24.812 
25.018 101705.208 -31.606 325.195 54.287 25.072 24.812 
25.018 101696.088 -30.851 324.859 54.256 25.083 24.812 
25.030 101696.544 -30.888 325.241 54.256 25.083 24.812 
25.030 101699.576 -31.136 324.401 54.195 25.083 24.812 
25.030 101690.448 -30.380 321.884 54.173 25.093 24.843 
25.024 101703.912 -31.501 322.021 54.142 25.093 24.843 
25.030 101687.408 -30.127 321.975 54.142 25.104 24.843 
25.042 101700.048 -31.178 324.615 54.112 25.104 24.843 
25.042 101712.216 -32.188 325.286 54.112 25.104 24.843 
25.055 101733.984 -33.995 325.195 54.112 25.104 24.843 
25.055 101737.032 -34.249 325.088 54.112 25.104 24.843 
25.055 101743.112 -34.751 325.973 54.081 25.104 24.843 
25.067 101731.384 -33.778 325.729 54.081 25.104 24.843 
25.055 101721.808 -32.980 326.522 54.081 25.104 24.843 
25.067 101737.480 -34.286 325.469 54.050 25.104 24.843 
25.067 101749.656 -35.295 324.829 54.020 25.104 24.843 
25.092 101750.552 -35.369 323.959 54.020 25.104 24.843 
25.073 101745.328 -34.936 322.326 53.997 25.104 24.843 
25.086 101751.848 -35.475 320.938 53.997 25.093 24.843 
25.086 101742.720 -34.719 319.427 53.967 25.104 24.843 
25.092 101701.840 -31.326 317.184 53.967 25.093 24.875 
25.086 101687.912 -30.169 318.237 53.967 25.104 24.875 
25.092 101695.760 -30.819 320.602 53.967 25.104 24.875 
25.092 101695.760 -30.819 321.167 53.967 25.104 24.875 
25.104 101711.432 -32.124 322.128 53.967 25.104 24.875 
25.092 101683.576 -29.810 320.983 53.936 25.093 24.875 
25.110 101697.952 -31.004 322.647 53.967 25.104 24.875 
25.123 101695.368 -30.787 323.715 53.967 25.104 24.875 
25.116 101696.672 -30.898 323.928 53.967 25.115 24.875 
25.110 101694.904 -30.750 324.157 53.967 25.115 24.875 
25.129 101718.432 -32.706 323.013 53.967 25.115 24.875 
25.123 101722.776 -33.065 322.692 53.967 25.115 24.875 
25.116 101708.848 -31.908 322.494 53.997 25.115 24.875 
25.129 101709.296 -31.945 322.448 53.997 25.126 24.906 
25.116 101702.760 -31.400 322.357 53.997 25.136 24.906 
25.123 101704.504 -31.548 322.433 53.967 25.136 24.906 
25.116 101702.760 -31.400 322.387 53.967 25.147 24.906 
25.116 101678.408 -29.382 321.807 53.967 25.158 24.906 
25.129 101712.344 -32.198 319.442 53.967 25.158 24.906 
25.135 101698.864 -31.078 318.496 53.936 25.158 24.906 
25.129 101697.120 -30.935 312.957 53.936 25.169 24.906 
25.129 101684.944 -29.926 310.211 53.936 25.169 24.906 
25.141 101697.560 -30.972 316.665 53.936 25.169 24.937 
25.135 101701.904 -31.332 320.098 53.936 25.169 24.937 
25.153 101704.128 -31.517 317.932 53.936 25.169 24.937 
25.141 101691.480 -30.465 318.862 53.936 25.169 24.937 
25.153 101691.936 -30.502 318.557 53.936 25.169 24.937 
25.166 101701.512 -31.300 318.725 53.936 25.169 24.937 
25.166 101698.472 -31.046 319.702 53.936 25.179 24.937 
25.160 101696.736 -30.904 320.739 53.936 25.179 24.937 
25.166 101692.384 -30.539 320.983 53.936 25.179 24.937 
25.160 101702.824 -31.406 320.434 53.936 25.190 24.937 
25.166 101695.416 -30.793 320.068 53.906 25.190 24.937 
25.184 101697.624 -30.978 320.190 53.906 25.190 24.937 
25.191 101699.384 -31.120 319.076 53.906 25.201 24.968 
25.184 101685.440 -29.963 318.985 53.906 25.201 24.968 
25.184 101694.568 -30.724 319.320 53.906 25.201 24.968 
25.191 101693.296 -30.618 320.526 53.936 25.222 24.968 
25.184 101697.624 -30.978 318.634 53.906 25.222 24.968 
25.191 101699.384 -31.120 316.879 53.875 25.222 24.968 
25.184 101697.624 -30.978 317.459 53.814 25.233 24.968 
25.172 101694.128 -30.687 318.985 53.783 25.233 24.968 
25.166 101704.552 -31.554 318.588 53.730 25.233 25.000 
25.178 101698.912 -31.083 319.335 53.669 25.244 25.000 
25.160 101699.776 -31.152 318.771 53.638 25.244 24.968 
25.178 101695.872 -30.830 320.358 53.608 25.244 25.000 
25.166 101695.416 -30.793 318.618 53.608 25.254 25.000 
25.172 101694.128 -30.687 319.015 53.608 25.254 25.000 
25.166 101698.472 -31.046 320.816 53.608 25.254 25.000 
25.172 101694.128 -30.687 321.502 53.608 25.265 25.000 
25.178 101695.872 -30.830 321.609 53.608 25.265 25.000 
25.184 101697.624 -30.978 322.082 53.608 25.276 25.000 
25.178 101708.056 -31.844 322.265 53.577 25.276 25.000 
25.178 101683.688 -29.820 322.174 53.577 25.287 25.000 
25.172 101694.128 -30.687 322.402 53.577 25.287 25.000 
25.178 101695.872 -30.830 322.647 53.577 25.297 25.031 
25.197 101707.208 -31.770 322.601 53.577 25.297 25.031 
25.191 101708.520 -31.881 322.525 53.577 25.308 25.031 
25.197 101707.208 -31.770 322.052 53.555 25.308 25.031 
25.203 101708.960 -31.918 321.899 53.555 25.308 25.031 
25.209 101710.704 -32.061 321.792 53.555 25.319 25.031 
25.215 101718.536 -32.711 322.052 53.555 25.329 25.031 
25.203 101705.904 -31.665 321.792 53.555 25.329 25.031 
25.215 101706.360 -31.702 321.807 53.555 25.329 25.062 
25.221 101695.920 -30.835 320.693 53.555 25.329 25.062 
25.221 101695.920 -30.835 320.556 53.524 25.340 25.062 
25.221 101695.920 -30.835 321.182 53.524 25.340 25.062 
25.234 101702.456 -31.379 321.121 53.524 25.340 25.062 
25.234 101690.272 -30.365 321.044 53.524 25.340 25.062 
25.252 101686.400 -30.042 322.174 53.524 25.340 25.062 
25.252 101692.488 -30.549 322.998 53.524 25.351 25.062 
25.258 101688.144 -30.190 322.799 53.524 25.351 25.062 
25.258 101697.280 -30.946 323.120 53.524 25.351 25.062 
25.258 101700.320 -31.199 322.952 53.524 25.362 25.093 
25.289 101696.856 -30.914 323.150 53.524 25.362 25.093 
25.277 101693.376 -30.623 323.257 53.524 25.351 25.093 
25.283 101689.032 -30.264 323.364 53.555 25.362 25.093 
25.283 101707.296 -31.781 323.364 53.577 25.362 25.093 
25.295 101692.512 -30.549 323.638 53.608 25.362 25.093 
25.308 101692.960 -30.586 323.608 53.608 25.362 25.093 
25.302 101697.312 -30.951 323.745 53.638 25.372 25.093 
25.302 101694.272 -30.697 323.776 53.638 25.372 25.093 
25.314 101697.752 -30.988 323.654 53.638 25.362 25.093 
25.320 101687.312 -30.121 323.776 53.638 25.362 25.093 
25.314 101697.752 -30.988 323.516 53.638 25.362 25.093 
25.326 101695.160 -30.771 323.699 53.608 25.362 25.093 
25.339 101698.648 -31.062 323.730 53.608 25.362 25.125 
25.339 101689.504 -30.301 323.761 53.608 25.372 25.125 
25.351 101702.144 -31.353 323.547 53.608 25.372 25.125 
25.345 101697.344 -30.951 323.730 53.577 25.372 25.125 
25.345 101694.304 -30.703 323.333 53.577 25.372 25.125 
25.345 101721.712 -32.975 323.379 53.577 25.372 25.125 
25.332 101715.168 -32.431 323.394 53.577 25.383 25.125 
25.339 101707.776 -31.818 323.425 53.577 25.383 25.125 
25.363 101730.008 -33.662 323.303 53.608 25.383 25.125 
25.369 101719.560 -32.795 323.242 53.608 25.383 25.125 
25.363 101711.728 -32.145 323.089 53.577 25.383 25.125 
25.363 101699.536 -31.136 323.226 53.577 25.383 25.125 
25.363 101687.360 -30.121 323.043 53.577 25.383 25.156 
25.376 101696.936 -30.919 323.242 53.547 25.383 25.156 
25.376 101699.984 -31.173 323.196 53.577 25.383 25.156 
25.369 101695.192 -30.777 322.723 53.577 25.383 25.156 
25.382 101698.680 -31.062 323.226 53.547 25.383 25.156 
25.388 101694.336 -30.703 323.059 53.547 25.394 25.156 
25.382 101698.680 -31.062 323.303 53.547 25.394 25.156 
25.388 101691.296 -30.449 323.165 53.547 25.394 25.156 
25.400 101697.832 -30.993 323.410 53.547 25.394 25.156 
25.400 101691.736 -30.486 323.211 53.516 25.394 25.156 
25.400 101691.736 -30.486 323.425 53.516 25.394 25.156 
25.394 101696.088 -30.851 322.982 53.516 25.404 25.156 
25.394 101693.032 -30.597 323.516 53.516 25.404 25.156 
25.400 101685.640 -29.979 323.333 53.494 25.415 25.187 
25.394 101689.984 -30.343 323.196 53.494 25.415 25.187 
25.400 101694.776 -30.740 323.425 53.463 25.426 25.187 
25.406 101699.552 -31.136 323.577 53.463 25.426 25.187 
25.394 101686.936 -30.090 323.059 53.432 25.437 25.187 
25.394 101693.032 -30.597 323.333 53.432 25.437 25.187 
25.400 101697.832 -30.993 323.654 53.432 25.437 25.187 
25.413 101695.208 -30.777 323.486 53.402 25.447 25.187 
25.413 101695.208 -30.777 323.547 53.402 25.447 25.187 
25.394 101696.088 -30.851 323.028 53.402 25.458 25.187 
25.400 101691.736 -30.486 323.074 53.402 25.458 25.218 
25.406 101693.472 -30.629 323.013 53.371 25.469 25.218 
25.413 101692.176 -30.523 323.165 53.371 25.469 25.218 
25.413 101686.072 -30.016 323.257 53.371 25.469 25.218 
25.425 101704.800 -31.569 323.394 53.371 25.469 25.218 
25.413 101686.072 -30.016 323.287 53.371 25.480 25.218 
25.413 101695.208 -30.777 322.875 53.341 25.480 25.218 
25.419 101693.904 -30.666 322.616 53.341 25.490 25.218 
25.413 101695.208 -30.777 321.868 53.341 25.490 25.218 
25.425 101698.704 -31.067 320.053 53.341 25.490 25.218 
25.419 101696.960 -30.919 317.825 53.341 25.501 25.218 
25.419 101703.048 -31.427 316.833 53.341 25.501 25.218 
25.419 101709.144 -31.934 317.169 53.310 25.501 25.250 
25.413 101701.312 -31.284 317.169 53.310 25.501 25.250 
25.425 101707.832 -31.823 318.069 53.310 25.501 25.250 
25.425 101701.752 -31.321 320.465 53.310 25.512 25.250 
25.425 101701.752 -31.321 321.243 53.310 25.512 25.250 
25.431 101700.456 -31.210 321.029 53.288 25.512 25.250 
25.437 101690.016 -30.343 321.350 53.288 25.512 25.250 
25.437 101686.960 -30.090 321.258 53.288 25.512 25.250 
25.450 101699.584 -31.141 320.739 53.288 25.512 25.250 
25.443 101700.904 -31.247 320.281 53.288 25.522 25.250 
25.437 101696.112 -30.851 320.098 53.257 25.522 25.250 
25.437 101690.016 -30.343 319.076 53.257 25.522 25.250 
25.437 101686.960 -30.090 319.183 53.257 25.522 25.250 
25.437 101696.112 -30.851 320.297 53.257 25.533 25.250 
25.437 101708.296 -31.860 319.335 53.257 25.533 25.250 
25.443 101710.040 -32.008 319.625 53.257 25.533 25.250 
25.437 101708.296 -31.860 319.900 53.257 25.533 25.250 
25.431 101697.408 -30.956 320.404 53.226 25.544 25.250 
25.431 101700.456 -31.210 320.785 53.257 25.533 25.250 
25.437 101699.152 -31.104 320.434 53.226 25.544 25.281 
25.443 101710.040 -32.008 320.480 53.226 25.533 25.281 
25.450 101711.776 -32.151 320.327 53.257 25.533 25.281 
25.450 101693.504 -30.634 320.266 53.257 25.533 25.281 
25.450 101699.584 -31.141 320.129 53.257 25.533 25.281 
25.450 101684.360 -29.873 319.168 53.257 25.533 25.281 
25.462 101690.888 -30.417 319.168 53.257 25.533 25.281 
25.468 101692.640 -30.565 318.359 53.257 25.533 25.281 
25.474 101688.280 -30.201 317.810 53.257 25.533 25.281 
25.468 101692.640 -30.565 318.145 53.257 25.533 25.281 
25.462 101703.072 -31.427 319.091 53.257 25.544 25.281 
25.487 101713.104 -32.262 321.121 53.257 25.544 25.281 
25.487 101716.144 -32.515 322.799 53.257 25.544 25.281 
25.474 101706.552 -31.717 323.425 53.257 25.544 25.281 
25.474 101709.608 -31.971 323.654 53.257 25.565 25.281 
25.474 101712.656 -32.225 323.425 53.257 25.565 25.281 
25.487 101703.960 -31.501 323.242 53.257 25.565 25.281 
25.468 101692.640 -30.565 323.806 53.226 25.576 25.281 
25.474 101688.280 -30.201 323.715 53.226 25.576 25.312 
25.474 101694.376 -30.708 323.776 53.226 25.576 25.312 
25.487 101685.672 -29.984 323.654 53.226 25.576 25.312 
25.499 101695.248 -30.782 323.593 53.226 25.576 25.312 
25.480 101693.072 -30.597 323.364 53.226 25.587 25.312 
25.493 101693.512 -30.634 322.479 53.196 25.587 25.312 
25.487 101691.760 -30.491 318.954 53.196 25.587 25.312 
25.480 101690.032 -30.349 318.756 53.196 25.598 25.312 
25.493 101690.472 -30.380 317.810 53.196 25.598 25.312 
25.487 101691.760 -30.491 316.970 53.135 25.598 25.312 
25.499 101695.248 -30.782 318.374 53.135 25.598 25.312 
25.487 101691.760 -30.491 318.862 53.104 25.598 25.312 
25.487 101694.816 -30.740 319.885 53.104 25.598 25.312 
25.487 101691.760 -30.491 319.870 53.082 25.608 25.312 
25.474 101685.232 -29.947 319.763 53.082 25.608 25.312 
25.456 101689.160 -30.275 319.778 53.051 25.608 25.312 
25.456 101689.160 -30.275 319.564 53.020 25.608 25.312 
25.462 101687.832 -30.164 320.602 52.990 25.608 25.312 
25.450 101705.688 -31.643 320.938 52.990 25.608 25.312 
25.437 101686.960 -30.090 321.563 52.959 25.608 25.312 
25.437 101690.016 -30.343 322.158 52.959 25.608 25.312 
25.443 101679.568 -29.477 322.128 52.959 25.608 25.312 
25.437 101683.920 -29.841 322.036 52.959 25.619 25.312 
25.450 101699.584 -31.141 321.807 52.990 25.619 25.312 
25.443 101685.672 -29.984 322.311 52.990 25.619 25.312 
25.456 101689.160 -30.275 322.341 53.020 25.619 25.312 
25.456 101689.160 -30.275 322.128 53.020 25.630 25.312 
25.456 101686.104 -30.021 322.433 53.020 25.619 25.312 
25.474 101694.376 -30.708 321.517 53.020 25.619 25.312 
25.462 101687.832 -30.164 320.251 53.020 25.619 25.343 
25.474 101694.376 -30.708 316.101 53.051 25.619 25.312 
25.474 101685.232 -29.947 321.365 53.051 25.619 25.343 
25.487 101691.760 -30.491 321.273 53.051 25.619 25.312 
25.480 101683.936 -29.841 321.441 53.051 25.608 25.343 
25.487 101685.672 -29.984 321.380 53.051 25.608 25.312 
25.493 101690.472 -30.380 320.877 53.082 25.608 25.312 
25.499 101683.056 -29.767 321.289 53.082 25.608 25.343 
25.499 101701.344 -31.284 321.319 53.082 25.598 25.312 
25.511 101707.872 -31.828 321.044 53.082 25.598 25.343 
25.511 101710.920 -32.082 321.273 53.082 25.598 25.343 
25.505 101712.232 -32.188 321.197 53.082 25.598 25.343 
25.524 101708.320 -31.865 321.350 53.082 25.598 25.343 
25.524 101714.416 -32.367 321.197 53.082 25.608 25.343 
25.530 101688.744 -30.238 321.472 53.082 25.598 25.343 
25.524 101696.136 -30.851 321.029 53.082 25.608 25.343 
25.536 101696.568 -30.888 321.167 53.082 25.608 25.343 
25.536 101693.512 -30.634 320.266 53.082 25.608 25.343 
25.561 101694.400 -30.708 318.954 53.082 25.619 25.343 
25.561 101700.496 -31.215 318.481 53.082 25.619 25.343 
25.542 101689.176 -30.275 318.985 53.082 25.619 25.343 
25.542 101686.128 -30.021 319.107 53.082 25.619 25.343 
25.536 101693.512 -30.634 319.427 53.051 25.630 25.343 
25.542 101689.176 -30.275 318.923 53.051 25.630 25.375 
25.548 101703.096 -31.432 319.122 53.020 25.640 25.375 
25.548 101703.096 -31.432 319.686 53.020 25.640 25.375 
25.548 101700.056 -31.178 319.885 53.020 25.651 25.375 
25.548 101700.056 -31.178 320.083 53.020 25.651 25.375 
25.554 101698.768 -31.073 320.419 52.990 25.651 25.375 
25.542 101695.264 -30.782 320.785 52.990 25.662 25.375 
25.548 101693.960 -30.671 321.029 52.959 25.673 25.375 
25.536 101690.472 -30.380 320.953 52.929 25.673 25.375 
25.542 101692.216 -30.528 320.648 52.929 25.673 25.375 
25.548 101687.848 -30.164 320.983 52.906 25.673 25.375 
25.548 101687.848 -30.164 321.029 52.906 25.683 25.375 
25.548 101693.960 -30.671 321.151 52.876 25.694 25.375 
25.548 101706.152 -31.686 321.167 52.876 25.683 25.375 
25.548 101709.192 -31.934 321.136 52.876 25.694 25.406 
25.548 101700.056 -31.178 320.968 52.876 25.694 25.406 
25.561 101712.680 -32.225 320.938 52.876 25.694 25.406 
25.561 101706.576 -31.717 321.044 52.876 25.705 25.406 
25.554 101704.856 -31.575 321.334 52.845 25.716 25.406 
25.573 101697.888 -30.999 321.167 52.845 25.716 25.406 
25.567 101696.152 -30.856 321.212 52.845 25.716 25.406 
25.567 101687.000 -30.095 321.594 52.845 25.716 25.406 
25.567 101693.104 -30.602 321.105 52.845 25.716 25.406 
25.585 101701.384 -31.289 321.243 52.845 25.716 25.406 
25.585 101689.184 -30.275 321.105 52.845 25.716 25.406 
25.585 101692.240 -30.528 320.587 52.845 25.716 25.406 
25.598 101698.760 -31.073 318.801 52.815 25.694 25.406 
25.604 101691.368 -30.454 312.652 52.845 25.694 25.406 
25.610 101696.160 -30.856 312.255 52.845 25.683 25.406 
25.610 101696.160 -30.856 310.562 52.845 25.683 25.406 
25.604 101700.504 -31.215 312.271 52.845 25.673 25.406 
25.610 101702.240 -31.358 316.314 52.845 25.673 25.406 
25.610 101696.160 -30.856 316.497 52.845 25.662 25.406 
25.610 101702.240 -31.358 318.939 52.876 25.662 25.406 
25.616 101710.072 -32.008 319.458 52.906 25.662 25.406 
25.622 101705.728 -31.649 319.534 52.959 25.662 25.406 
25.628 101704.424 -31.543 319.946 52.990 25.662 25.406 
25.634 101703.112 -31.432 319.381 53.051 25.673 25.406 
25.634 101706.160 -31.686 318.252 53.051 25.673 25.406 
25.634 101697.016 -30.925 318.511 53.051 25.673 25.406 
25.628 101692.232 -30.528 318.908 53.051 25.673 25.406 
25.647 101697.456 -30.962 319.091 53.051 25.673 25.406 
25.634 101690.912 -30.417 319.091 53.082 25.662 25.406 
25.659 101703.992 -31.506 319.824 53.082 25.662 25.406 
25.647 101685.256 -29.947 320.190 53.082 25.662 25.406 
25.641 101686.568 -30.058 319.610 53.104 25.662 25.406 
25.671 101689.168 -30.275 319.412 53.104 25.662 25.437 
25.659 101685.696 -29.984 318.603 53.082 25.662 25.437 
25.659 101688.752 -30.238 318.344 53.051 25.651 25.406 
25.671 101695.264 -30.782 318.801 53.104 25.651 25.406 
25.696 101683.944 -29.841 319.061 53.135 25.651 25.437 
25.678 101703.112 -31.432 317.703 53.196 25.651 25.437 
25.678 101709.208 -31.939 318.679 53.196 25.651 25.437 
25.684 101698.752 -31.067 318.573 53.196 25.651 25.437 
25.690 101700.496 -31.215 315.734 53.196 25.651 25.437 
25.684 101704.848 -31.575 316.711 53.196 25.662 25.437 
25.684 101698.752 -31.067 317.108 53.196 25.673 25.437 
25.696 101702.240 -31.358 317.611 53.135 25.673 25.437 
25.690 101688.304 -30.201 317.779 53.135 25.683 25.437 
25.678 101697.024 -30.925 317.794 53.104 25.694 25.437 
25.696 101696.152 -30.856 318.130 53.104 25.716 25.468 
25.678 101690.912 -30.417 317.901 53.082 25.716 25.468 
25.690 101688.304 -30.201 318.115 53.051 25.726 25.468 
25.684 101680.472 -29.551 318.161 53.051 25.726 25.468 
25.684 101686.560 -30.058 318.054 53.020 25.726 25.468 
25.678 101697.024 -30.925 318.435 53.020 25.726 25.468 
25.696 101690.048 -30.349 317.504 52.990 25.726 25.468 
25.678 101687.864 -30.164 317.382 52.959 25.726 25.468 
25.678 101697.024 -30.925 317.520 52.929 25.726 25.468 
25.684 101704.848 -31.575 316.497 52.906 25.726 25.468 
25.671 101713.552 -32.299 311.965 52.876 25.726 25.468 
25.678 101718.352 -32.695 315.444 52.876 25.726 25.468 
25.684 101717.048 -32.589 314.636 52.876 25.726 25.468 
25.659 101710.080 -32.008 314.773 52.845 25.726 25.468 
25.671 101707.464 -31.791 315.124 52.815 25.726 25.500 
25.665 101717.912 -32.658 316.726 52.815 25.726 25.500 
25.659 101716.184 -32.515 317.672 52.815 25.726 25.500 
25.659 101707.032 -31.754 317.413 52.784 25.726 25.500 
25.659 101691.792 -30.491 317.703 52.784 25.726 25.500 
25.653 101690.040 -30.349 317.092 52.784 25.726 25.500 
25.653 101680.896 -29.588 317.489 52.753 25.737 25.500 
25.653 101693.096 -30.602 317.428 52.784 25.737 25.500 
25.659 101694.832 -30.745 318.099 52.784 25.737 25.500 
25.653 101696.144 -30.851 317.840 52.784 25.758 25.500 
25.659 101697.888 -30.999 317.871 52.784 25.748 25.500 
25.659 101691.792 -30.491 317.581 52.784 25.758 25.500 
25.665 101696.584 -30.888 317.214 52.784 25.769 25.500 
25.665 101696.584 -30.888 317.443 52.784 25.769 25.500 
25.659 101697.888 -30.999 317.382 52.784 25.769 25.500 
25.653 101693.096 -30.602 316.894 52.753 25.780 25.500 
25.659 101679.592 -29.482 317.443 52.753 25.780 25.500 
25.671 101701.368 -31.289 317.489 52.753 25.780 25.500 
25.678 101706.168 -31.686 317.398 52.753 25.791 25.500 
25.671 101692.224 -30.528 317.932 52.723 25.791 25.500 
25.665 101690.480 -30.380 317.718 52.723 25.791 25.500 
25.671 101689.168 -30.275 315.963 52.723 25.791 25.531 
25.671 101689.168 -30.275 317.291 52.700 25.791 25.531 
25.678 101706.168 -31.686 316.360 52.700 25.801 25.531 
25.671 101695.264 -30.782 316.329 52.700 25.801 25.531 
25.659 101697.888 -30.999 316.802 52.700 25.801 25.531 
25.647 101697.456 -30.962 316.726 52.700 25.812 25.531 
25.665 101699.624 -31.141 317.062 52.700 25.812 25.531 
25.659 101697.888 -30.999 316.696 52.670 25.812 25.531 
25.671 101707.464 -31.791 316.864 52.670 25.823 25.531 
25.671 101704.416 -31.538 316.848 52.670 25.823 25.531 
25.684 101717.048 -32.589 317.016 52.670 25.823 25.531 
25.678 101712.264 -32.193 316.925 52.639 25.823 25.531 
25.671 101707.464 -31.791 317.092 52.639 25.823 25.531 
25.684 101710.952 -32.082 317.031 52.639 25.823 25.531 
25.696 101720.528 -32.880 317.077 52.639 25.833 25.531 
25.684 101723.144 -33.097 316.833 52.639 25.833 25.531 
25.690 101724.872 -33.239 317.016 52.639 25.833 25.531 
25.684 101720.096 -32.843 317.016 52.639 25.833 25.531 
25.684 101720.096 -32.843 317.047 52.639 25.844 25.531 
25.684 101713.992 -32.336 317.077 52.578 25.844 25.562 
25.696 101708.344 -31.865 317.016 52.578 25.844 25.562 
25.684 101689.608 -30.312 317.443 52.578 25.844 25.562 
25.696 101683.944 -29.841 317.413 52.547 25.844 25.562 
25.696 101693.104 -30.602 317.276 52.547 25.844 25.562 
25.696 101687.000 -30.095 317.413 52.547 25.855 25.562 
25.702 101685.688 -29.984 317.062 52.547 25.844 25.562 
25.708 101699.616 -31.141 317.169 52.578 25.844 25.562 
25.708 101687.424 -30.132 317.184 52.578 25.844 25.562 
25.715 101695.256 -30.782 316.452 52.578 25.844 25.562 
25.721 101697.016 -30.925 315.994 52.578 25.844 25.562 
25.715 101689.168 -30.275 314.865 52.578 25.844 25.562 
25.721 101690.904 -30.417 315.383 52.578 25.844 25.562 
25.727 101692.656 -30.565 315.750 52.639 25.844 25.562 
25.733 101694.384 -30.708 316.253 52.639 25.844 25.562 
25.739 101693.096 -30.602 316.162 52.639 25.844 25.562 
25.745 101697.872 -30.999 316.650 52.639 25.844 25.562 
25.745 101691.776 -30.491 317.352 52.639 25.844 25.562 
25.739 101690.040 -30.349 317.031 52.639 25.844 25.562 
25.751 101702.664 -31.395 317.138 52.639 25.855 25.562 
25.758 101695.248 -30.782 317.443 52.639 25.855 25.562 
25.745 101682.632 -29.730 316.970 52.639 25.855 25.593 
25.745 101688.736 -30.238 317.337 52.639 25.855 25.593 
25.745 101685.680 -29.984 317.718 52.639 25.866 25.593 
25.745 101697.872 -30.999 317.810 52.639 25.866 25.593 
25.745 101688.736 -30.238 317.688 52.639 25.866 25.593 
25.751 101693.512 -30.634 317.626 52.639 25.866 25.593 
25.745 101688.736 -30.238 317.611 52.578 25.866 25.593 
25.745 101691.776 -30.491 317.596 52.578 25.887 25.593 
25.745 101697.872 -30.999 317.428 52.639 25.866 25.593 
25.745 101688.736 -30.238 317.443 52.639 25.887 25.593 
25.739 101683.936 -29.841 317.214 52.639 25.887 25.593 
25.751 101690.464 -30.380 317.245 52.639 25.887 25.593 
25.751 101687.416 -30.127 316.955 52.578 25.887 25.593 
25.764 101700.040 -31.178 316.421 52.578 25.887 25.593 
25.758 101689.160 -30.275 316.711 52.578 25.887 25.593 
25.770 101692.648 -30.565 316.909 52.578 25.898 25.593 
25.764 101690.888 -30.417 316.970 52.578 25.887 25.593 
25.770 101686.536 -30.058 317.337 52.578 25.887 25.593 
25.782 101696.112 -30.851 317.245 52.578 25.898 25.593 
25.788 101697.856 -30.993 317.047 52.578 25.887 25.593 
25.782 101693.056 -30.597 316.925 52.578 25.898 25.625 
25.794 101696.528 -30.888 316.879 52.578 25.898 25.625 
25.782 101690.008 -30.343 317.214 52.578 25.898 25.625 
25.794 101687.384 -30.127 317.520 52.578 25.898 25.625 
25.794 101690.440 -30.380 317.611 52.578 25.898 25.625 
25.807 101690.872 -30.417 317.214 52.639 25.898 25.625 
25.819 101694.352 -30.703 317.474 52.639 25.898 25.625 
25.807 101687.824 -30.164 317.703 52.639 25.898 25.625 
25.813 101686.504 -30.053 317.825 52.639 25.898 25.625 
25.813 101689.560 -30.306 317.626 52.639 25.887 25.625 
25.813 101692.608 -30.560 317.977 52.639 25.887 25.625 
25.825 101689.992 -30.343 317.825 52.670 25.887 25.625 
25.831 101694.776 -30.740 317.794 52.639 25.898 25.625 
25.825 101689.992 -30.343 317.779 52.639 25.898 25.625 
25.838 101693.464 -30.629 317.611 52.639 25.898 25.625 
25.825 101686.936 -30.090 317.321 52.639 25.898 25.625 
25.831 101691.720 -30.486 317.642 52.639 25.898 25.625 
25.844 101695.200 -30.777 317.626 52.578 25.898 25.625 
25.831 101685.632 -29.979 317.230 52.578 25.909 25.656 
25.838 101678.208 -29.366 317.092 52.578 25.909 25.656 
25.838 101693.464 -30.629 317.184 52.547 25.909 25.656 
25.844 101692.160 -30.523 316.925 52.547 25.909 25.656 
25.850 101699.992 -31.173 316.818 52.517 25.919 25.656 
25.844 101689.104 -30.269 316.619 52.547 25.919 25.656 
25.856 101698.688 -31.062 316.802 52.517 25.919 25.656 
25.856 101698.688 -31.062 316.833 52.486 25.930 25.656 
25.850 101687.792 -30.158 317.504 52.517 25.930 25.656 
25.856 101686.496 -30.053 317.306 52.517 25.930 25.656 
25.856 101695.640 -30.814 317.123 52.486 25.941 25.656 
25.850 101681.696 -29.651 317.031 52.486 25.941 25.656 
25.868 101696.072 -30.845 317.550 52.486 25.941 25.656 
25.856 101695.640 -30.814 317.535 52.486 25.941 25.656 
25.862 101688.232 -30.195 317.581 52.486 25.951 25.687 
25.862 101694.320 -30.703 317.413 52.486 25.951 25.687 
25.862 101688.232 -30.195 317.291 52.456 25.951 25.687 
25.862 101682.136 -29.688 317.611 52.456 25.962 25.687 
25.862 101700.432 -31.210 317.108 52.425 25.962 25.687 
25.850 101690.840 -30.412 317.001 52.425 25.962 25.687 
25.831 101676.488 -29.223 316.940 52.403 25.962 25.687 
25.844 101683.000 -29.762 317.489 52.403 25.973 25.687 
25.850 101684.752 -29.905 317.276 52.403 25.973 25.687 
25.862 101697.376 -30.956 317.871 52.403 25.973 25.687 
25.856 101689.544 -30.306 316.772 52.372 25.973 25.687 
25.856 101707.832 -31.823 317.413 52.372 25.973 25.687 
25.844 101710.448 -32.040 317.230 52.372 25.973 25.687 
25.856 101710.880 -32.077 316.543 52.372 25.973 25.687 
25.844 101698.248 -31.030 315.933 52.403 25.973 25.687 
25.856 101716.984 -32.584 316.818 52.372 25.973 25.687 
25.844 101713.496 -32.293 316.680 52.372 25.984 25.687 
25.868 101714.368 -32.367 316.787 52.372 25.973 25.687 
25.856 101692.592 -30.560 316.375 52.372 25.984 25.687 
25.850 101684.752 -29.905 315.856 52.372 25.984 25.687 
25.868 101686.912 -30.090 315.963 52.372 25.984 25.687 
25.862 101682.136 -29.688 315.872 52.372 25.984 25.687 
25.868 101683.856 -29.836 316.528 52.372 25.984 25.687 
25.862 101694.320 -30.703 316.345 52.372 25.984 25.687 
25.850 101684.752 -29.905 316.299 52.372 25.984 25.687 
25.868 101686.912 -30.090 316.299 52.372 25.984 25.687 
25.868 101683.856 -29.836 316.528 52.372 25.984 25.718 
25.856 101686.496 -30.053 316.909 52.372 25.994 25.718 
25.874 101685.608 -29.979 316.543 52.372 25.994 25.718 
25.868 101677.768 -29.329 316.894 52.372 25.994 25.718 
25.881 101693.448 -30.629 316.696 52.341 26.005 25.718 
25.862 101682.136 -29.688 316.162 52.341 26.005 25.718 
25.868 101683.856 -29.836 316.101 52.311 26.005 25.718 
25.868 101677.768 -29.329 317.291 52.280 26.005 25.718 
25.881 101690.400 -30.375 317.337 52.280 26.005 25.718 
25.874 101679.504 -29.471 316.741 52.250 26.005 25.718 
25.874 101685.608 -29.979 317.398 52.250 26.016 25.718 
25.881 101705.640 -31.643 317.169 52.250 26.016 25.718 
25.881 101699.536 -31.136 316.955 52.219 26.016 25.718 
25.887 101704.336 -31.532 317.459 52.219 26.016 25.718 
25.881 101702.584 -31.390 317.428 52.219 26.027 25.718 
25.868 101696.072 -30.845 317.123 52.219 26.027 25.718 
25.881 101720.888 -32.906 317.291 52.219 26.027 25.718 
25.881 101723.944 -33.160 317.474 52.219 26.027 25.718 
25.874 101725.248 -33.271 317.398 52.219 26.027 25.718 
25.862 101724.832 -33.234 317.138 52.219 26.027 25.718 
25.868 101720.472 -32.875 317.413 52.219 26.027 25.718 
25.856 101713.936 -32.330 316.787 52.219 26.027 25.718 
25.862 101691.272 -30.449 317.001 52.219 26.027 25.718 
25.862 101688.232 -30.195 316.848 52.219 26.027 25.718 
25.862 101682.136 -29.688 318.023 52.219 26.037 25.718 
25.881 101696.496 -30.882 316.909 52.219 26.037 25.718 
25.874 101685.608 -29.979 316.177 52.219 26.037 25.718 
25.868 101689.968 -30.338 316.696 52.219 26.037 25.718 
25.862 101691.272 -30.449 316.421 52.219 26.037 25.718 
25.868 101683.856 -29.836 315.185 52.219 26.027 25.718 
25.881 101687.344 -30.121 313.995 52.250 26.027 25.718 
25.881 101684.296 -29.868 313.903 52.250 26.016 25.718 
25.881 101690.400 -30.375 311.996 52.250 26.016 25.718 
25.899 101692.560 -30.555 312.149 52.280 26.005 25.718 
25.887 101689.080 -30.269 311.630 52.280 26.005 25.718 
25.893 101690.824 -30.412 311.874 52.311 26.016 25.718 
25.905 101697.344 -30.951 310.485 52.311 26.016 25.718 
25.905 101688.192 -30.195 310.882 52.341 26.005 25.718 
25.918 101691.656 -30.481 310.119 52.341 26.005 25.718 
25.918 101691.656 -30.481 309.432 52.372 26.005 25.718 
25.930 101695.136 -30.771 307.785 52.403 26.005 25.718 
25.930 101707.336 -31.781 307.754 52.403 26.005 25.718 
25.930 101707.336 -31.781 306.167 52.403 26.005 25.718 
25.942 101698.616 -31.057 305.633 52.425 25.994 25.718 
25.936 101706.024 -31.675 303.329 52.425 25.994 25.718 
25.942 101704.720 -31.564 300.430 52.425 26.005 25.750 
25.961 101700.784 -31.236 300.888 52.456 26.005 25.750 
25.954 101714.288 -32.357 303.405 52.456 26.005 25.750 
25.954 101720.392 -32.864 303.237 52.456 26.005 25.750 
25.948 101718.648 -32.721 305.786 52.456 26.005 25.750 
25.961 101722.136 -33.012 305.404 52.456 26.016 25.750 
25.961 101700.784 -31.236 307.403 52.425 26.016 25.750 
25.967 101705.560 -31.633 307.922 52.425 26.027 25.750 
25.973 101713.408 -32.288 307.693 52.425 26.027 25.750 
25.967 101705.560 -31.633 307.037 52.403 26.037 25.750 
25.961 101697.736 -30.983 309.082 52.372 26.037 25.750 
25.967 101699.464 -31.131 308.334 52.341 26.037 25.781 
25.991 101706.408 -31.707 309.249 52.311 26.048 25.781 
25.979 101709.048 -31.923 310.333 52.311 26.048 25.781 
25.991 101703.352 -31.453 310.943 52.311 26.048 25.781 
25.973 101695.104 -30.766 311.248 52.311 26.048 25.781 
25.985 101686.376 -30.042 311.645 52.280 26.048 25.781 
25.991 101691.160 -30.438 310.989 52.280 26.059 25.781 
25.997 101695.944 -30.835 311.172 52.280 26.059 25.781 
25.997 101683.744 -29.825 311.035 52.280 26.059 25.781 
25.991 101688.112 -30.185 311.035 52.280 26.059 25.781 
26.004 101694.616 -30.724 309.143 52.280 26.048 25.781 
26.004 101691.568 -30.475 309.310 52.311 26.048 25.781 
25.991 101682.008 -29.678 309.021 52.311 26.037 25.781 
25.991 101688.112 -30.185 310.928 52.311 26.037 25.781 
26.004 101691.568 -30.475 310.974 52.280 26.027 25.781 
26.016 101688.944 -30.254 311.218 52.280 26.027 25.781 
26.022 101684.584 -29.894 311.141 52.311 26.016 25.781 
26.016 101679.792 -29.498 311.218 52.311 26.016 25.781 
26.016 101676.752 -29.244 310.867 52.311 26.016 25.781 
26.028 101695.480 -30.798 311.035 52.341 26.016 25.781 
26.028 101683.272 -29.783 310.729 52.372 26.016 25.781 
26.028 101692.432 -30.544 310.089 52.372 26.016 25.781 
26.028 101689.376 -30.291 311.035 52.403 26.016 25.781 
26.022 101690.688 -30.402 311.889 52.425 26.016 25.781 
26.034 101685.008 -29.931 311.828 52.456 26.016 25.781 
26.040 101686.752 -30.074 311.920 52.486 26.005 25.781 
26.053 101693.280 -30.618 311.370 52.486 26.016 25.781 
26.053 101693.280 -30.618 312.057 52.517 26.016 25.781 
26.047 101691.536 -30.470 310.485 52.486 26.016 25.781 
26.053 101687.168 -30.111 310.195 52.486 26.016 25.781 
26.059 101688.896 -30.254 311.508 52.486 26.016 25.781 
26.053 101681.080 -29.604 312.332 52.486 26.027 25.781 
26.071 101695.416 -30.793 310.775 52.456 26.027 25.812 
26.065 101684.528 -29.889 304.992 52.456 26.037 25.812 
26.065 101690.624 -30.396 305.328 52.425 26.048 25.812 
26.077 101688.008 -30.180 305.023 52.403 26.048 25.812 
26.090 101688.440 -30.211 304.855 52.372 26.059 25.812 
26.083 101686.688 -30.069 304.153 52.372 26.059 25.812 
26.090 101685.384 -29.958 303.817 52.341 26.069 25.812 
26.077 101688.008 -30.180 305.664 52.341 26.069 25.843 
26.090 101682.328 -29.704 306.076 52.364 26.080 25.843 
26.096 101696.264 -30.861 306.610 52.311 26.091 25.843 
26.102 101694.928 -30.750 307.525 52.311 26.091 25.843 
26.090 101691.480 -30.465 307.769 52.311 26.102 25.843 
26.102 101691.880 -30.502 309.539 52.280 26.102 25.843 
26.102 101685.792 -29.995 309.021 52.250 26.112 25.843 
26.108 101690.584 -30.391 309.402 52.250 26.112 25.843 
26.108 101690.584 -30.391 309.310 52.219 26.123 25.843 
26.120 101694.048 -30.682 311.538 52.219 26.123 25.843 
26.108 101690.584 -30.391 311.569 52.189 26.123 25.843 
26.102 101688.832 -30.248 310.058 52.189 26.134 25.843 
26.102 101679.680 -29.487 309.783 52.189 26.134 25.843 
26.102 101685.792 -29.995 310.821 52.189 26.134 25.875 
26.114 101686.208 -30.026 311.721 52.219 26.134 25.875 
26.114 101692.320 -30.534 309.509 52.219 26.145 25.875 
26.108 101681.432 -29.630 308.853 52.219 26.134 25.875 
26.114 101686.208 -30.026 310.089 52.219 26.145 25.875 
26.108 101687.528 -30.137 307.922 52.250 26.145 25.875 
26.133 101697.512 -30.967 307.876 52.250 26.145 25.875 
26.120 101694.048 -30.682 309.005 52.250 26.145 25.875 
26.133 101694.464 -30.713 312.179 52.250 26.145 25.875 
26.133 101697.512 -30.967 313.598 52.250 26.155 25.875 
26.133 101700.576 -31.221 313.308 52.250 26.155 25.875 
26.126 101695.784 -30.824 312.789 52.250 26.155 25.875 
26.133 101691.416 -30.460 311.889 52.250 26.166 25.875 
26.133 101697.512 -30.967 308.853 52.280 26.166 25.875 
26.139 101693.160 -30.602 308.181 52.250 26.166 25.906 
26.139 101693.160 -30.602 307.388 52.250 26.166 25.906 
26.126 101683.568 -29.810 309.722 52.250 26.177 25.906 
26.145 101685.744 -29.989 310.180 52.250 26.177 25.906 
26.151 101693.576 -30.639 310.119 52.250 26.177 25.906 
26.145 101694.888 -30.750 309.631 52.250 26.187 25.906 
26.151 101684.432 -29.878 309.692 52.250 26.187 25.906 
26.157 101692.240 -30.528 310.333 52.250 26.187 25.906 
26.151 101684.432 -29.878 309.616 52.219 26.198 25.906 
26.169 101692.672 -30.565 310.485 52.219 26.198 25.906 
26.169 101695.720 -30.819 308.990 52.219 26.198 25.906 
26.163 101687.872 -30.169 310.363 52.219 26.209 25.937 
26.151 101684.432 -29.878 312.515 52.219 26.209 25.937 
26.169 101689.624 -30.312 314.376 52.219 26.220 25.937 
26.157 101686.144 -30.021 314.437 52.219 26.220 25.937 
26.169 101689.624 -30.312 314.987 52.219 26.220 25.937 
26.176 101694.400 -30.708 314.865 52.219 26.230 25.937 
26.176 101691.344 -30.454 315.200 52.219 26.230 25.937 
26.169 101689.624 -30.312 314.376 52.219 26.241 25.937 
26.182 101699.184 -31.104 314.834 52.219 26.241 25.937 
26.163 101684.832 -29.915 314.758 52.250 26.241 25.937 
26.169 101683.512 -29.804 315.155 52.250 26.241 25.937 
26.163 101678.728 -29.408 314.758 52.250 26.252 25.937 
26.163 101684.832 -29.915 315.017 52.280 26.252 25.968 
26.163 101678.728 -29.408 314.559 52.280 26.252 25.968 
26.176 101688.304 -30.201 314.727 52.280 26.252 25.968 
26.176 101694.400 -30.708 314.865 52.280 26.252 25.968 
26.176 101691.344 -30.454 314.636 52.280 26.252 25.968 
26.182 101690.040 -30.349 313.888 52.250 26.252 25.968 
26.182 101693.096 -30.602 313.308 52.250 26.252 25.968 
26.176 101679.144 -29.440 310.638 52.250 26.252 25.968 
26.176 101694.400 -30.708 310.440 52.250 26.252 25.968 
26.188 101682.616 -29.730 312.698 52.250 26.252 25.968 
26.194 101693.512 -30.634 313.552 52.250 26.252 25.968 
26.200 101692.176 -30.523 314.773 52.250 26.252 25.968 
26.194 101696.560 -30.888 315.063 52.250 26.262 25.968 
26.194 101690.464 -30.380 314.895 52.250 26.262 25.968 
26.200 101689.128 -30.269 314.468 52.219 26.262 25.968 
26.206 101693.912 -30.666 314.071 52.250 26.262 25.968 
26.200 101692.176 -30.523 313.110 52.250 26.273 25.968 
26.212 101695.656 -30.814 313.980 52.250 26.273 25.968 
26.212 101695.656 -30.814 314.270 52.219 26.273 25.968 
26.200 101689.128 -30.269 314.620 52.219 26.273 25.968 
26.200 101686.080 -30.016 314.743 52.219 26.284 25.968 
26.206 101693.912 -30.666 314.849 52.219 26.284 26.000 
26.194 101690.464 -30.380 314.773 52.219 26.284 25.968 
26.206 101687.816 -30.164 314.880 52.219 26.284 26.000 
26.206 101700.024 -31.173 314.529 52.219 26.284 26.000 
26.206 101684.760 -29.910 314.743 52.219 26.284 26.000 
26.212 101692.608 -30.560 313.751 52.219 26.284 26.000 
26.218 101703.488 -31.464 314.163 52.219 26.284 26.000 
26.218 101688.224 -30.195 314.575 52.219 26.295 26.000 
26.212 101683.448 -29.799 314.895 52.219 26.295 26.000 
26.206 101684.760 -29.910 314.788 52.219 26.295 26.000 
26.206 101678.656 -29.403 314.773 52.219 26.295 26.000 
26.218 101676.008 -29.181 314.743 52.219 26.295 26.000 
26.212 101683.448 -29.799 315.124 52.219 26.295 26.000 
26.218 101691.280 -30.449 314.819 52.250 26.305 26.000 
26.225 101680.816 -29.582 314.697 52.250 26.295 26.000 
26.243 101701.264 -31.279 312.591 52.250 26.295 26.000 
26.237 101684.280 -29.868 311.996 52.250 26.295 26.000 
26.237 101696.496 -30.882 313.262 52.273 26.295 26.000 
26.243 101686.008 -30.010 313.873 52.273 26.295 26.000 
26.237 101690.376 -30.375 312.927 52.273 26.295 26.000 
26.243 101689.064 -30.264 313.156 52.273 26.295 26.000 
26.255 101689.480 -30.301 310.073 52.273 26.295 26.000 
26.249 101684.696 -29.905 309.646 52.303 26.295 26.000 
26.255 101689.480 -30.301 311.615 52.303 26.295 26.031 
26.255 101701.680 -31.310 312.362 52.303 26.305 26.000 
26.274 101694.664 -30.729 312.026 52.303 26.295 26.031 
26.255 101689.480 -30.301 311.828 52.303 26.305 26.031 
26.274 101694.664 -30.729 311.721 52.303 26.305 26.031 
26.268 101699.056 -31.094 312.088 52.303 26.295 26.031 
26.261 101679.000 -29.429 312.225 52.303 26.305 26.031 
26.274 101700.776 -31.236 312.026 52.303 26.305 26.031 
26.261 101679.000 -29.429 311.645 52.303 26.305 26.031 
26.274 101688.560 -30.222 311.843 52.303 26.316 26.031 
26.268 101683.800 -29.825 311.401 52.303 26.316 26.031 
26.286 101688.976 -30.259 311.584 52.303 26.316 26.031 
26.286 101688.976 -30.259 311.752 52.303 26.327 26.031 
26.286 101692.032 -30.512 311.416 52.303 26.327 26.031 
26.286 101688.976 -30.259 311.340 52.303 26.327 26.031 
26.292 101693.768 -30.655 311.645 52.273 26.327 26.062 
26.286 101692.032 -30.512 311.386 52.273 26.338 26.062 
26.298 101692.464 -30.549 310.882 52.273 26.338 26.062 
26.298 101689.400 -30.291 311.141 52.273 26.338 26.062 
26.286 101695.080 -30.766 310.852 52.250 26.348 26.062 
26.298 101695.504 -30.798 311.553 52.250 26.348 26.062 
26.298 101677.192 -29.281 310.852 52.250 26.348 26.062 
26.286 101685.920 -30.005 311.080 52.219 26.348 26.062 
26.311 101686.752 -30.074 311.752 52.219 26.348 26.062 
26.311 101683.696 -29.820 312.500 52.219 26.359 26.062 
26.311 101692.856 -30.581 313.003 52.219 26.359 26.062 
26.304 101675.872 -29.170 312.805 52.219 26.359 26.062 
26.323 101690.216 -30.359 311.813 52.219 26.359 26.062 
26.317 101670.176 -28.700 311.904 52.219 26.359 26.093 
26.329 101679.752 -29.493 312.072 52.219 26.359 26.093 
26.335 101687.576 -30.143 312.301 52.219 26.370 26.093 
26.347 101691.048 -30.428 311.553 52.219 26.370 26.093 
26.335 101681.480 -29.635 311.874 52.189 26.370 26.093 
26.347 101691.048 -30.428 312.454 52.189 26.370 26.093 
26.329 101691.952 -30.507 312.377 52.189 26.380 26.093 
26.347 101712.424 -32.204 312.347 52.189 26.380 26.093 
26.347 101703.256 -31.443 312.759 52.189 26.380 26.093 
26.347 101703.256 -31.443 312.179 52.189 26.391 26.093 
26.347 101700.208 -31.189 312.835 52.189 26.391 26.093 
26.372 101697.984 -31.004 313.079 52.189 26.391 26.093 
26.366 101684.032 -29.847 313.156 52.219 26.402 26.093 
26.378 101681.384 -29.630 312.423 52.219 26.391 26.093 
26.372 101679.664 -29.487 311.431 52.250 26.402 26.093 
26.372 101688.832 -30.248 312.164 52.250 26.402 26.093 
26.372 101673.560 -28.980 312.423 52.250 26.391 26.093 
26.378 101684.448 -29.884 313.217 52.250 26.391 26.093 
26.384 101683.120 -29.773 313.568 52.250 26.391 26.093 
26.384 101689.232 -30.280 312.774 52.250 26.391 26.093 
26.384 101689.232 -30.280 312.652 52.273 26.380 26.093 
26.384 101686.176 -30.026 312.973 52.303 26.380 26.093 
26.396 101686.584 -30.058 312.789 52.303 26.391 26.125 
26.396 101686.584 -30.058 312.591 52.303 26.391 26.125 
26.403 101682.208 -29.699 312.271 52.303 26.402 26.125 
26.409 101683.936 -29.841 312.347 52.303 26.402 26.125 
26.409 101696.152 -30.856 312.622 52.303 26.402 26.125 
26.403 101688.320 -30.206 312.912 52.303 26.402 26.125 
26.409 101686.992 -30.095 312.408 52.303 26.413 26.125 
26.409 101690.048 -30.349 312.789 52.334 26.413 26.125 
26.415 101685.664 -29.984 312.835 52.364 26.423 26.125 
26.415 101679.552 -29.477 313.079 52.395 26.423 26.125 
26.415 101682.616 -29.730 313.308 52.425 26.423 26.125 
26.415 101685.664 -29.984 314.071 52.456 26.423 26.156 
26.415 101685.664 -29.984 313.827 52.509 26.434 26.156 
26.433 101696.976 -30.925 313.766 52.479 26.434 26.156 
26.427 101683.032 -29.762 313.186 52.509 26.434 26.156 
26.433 101684.760 -29.910 312.942 52.479 26.434 26.156 
26.433 101681.704 -29.656 313.537 52.509 26.434 26.156 
26.445 101685.168 -29.942 312.988 52.509 26.445 26.156 
26.439 101680.384 -29.545 313.766 52.509 26.445 26.156 
26.433 101678.648 -29.403 313.064 52.509 26.456 26.156 
26.439 101680.384 -29.545 313.491 52.540 26.456 26.156 
26.445 101685.168 -29.942 312.988 52.570 26.456 26.156 
26.445 101688.208 -30.195 313.720 52.570 26.466 26.156 
26.445 101691.264 -30.449 313.690 52.570 26.466 26.187 
26.445 101691.264 -30.449 313.751 52.570 26.466 26.187 
26.458 101694.736 -30.734 313.766 52.570 26.477 26.187 
26.452 101683.832 -29.831 313.781 52.570 26.477 26.187 
26.452 101689.952 -30.338 314.025 52.570 26.477 26.187 
26.445 101676.000 -29.181 314.254 52.570 26.477 26.187 
26.452 101680.800 -29.577 314.407 52.601 26.477 26.187 
26.458 101682.512 -29.720 313.888 52.601 26.488 26.187 
26.452 101680.800 -29.577 314.407 52.601 26.488 26.187 
26.458 101688.624 -30.227 314.315 52.601 26.488 26.187 
26.452 101689.952 -30.338 314.239 52.601 26.488 26.187 
26.452 101689.952 -30.338 314.483 52.570 26.498 26.187 
26.452 101683.832 -29.831 314.285 52.570 26.498 26.187 
26.452 101689.952 -30.338 314.437 52.570 26.509 26.187 
26.458 101685.576 -29.979 314.117 52.540 26.498 26.187 
26.464 101702.560 -31.384 314.346 52.540 26.498 26.187 
26.464 101702.560 -31.384 314.056 52.540 26.498 26.187 
26.464 101693.400 -30.623 314.483 52.540 26.509 26.187 
26.464 101699.504 -31.131 314.422 52.540 26.509 26.218 
26.470 101695.136 -30.771 314.529 52.509 26.509 26.218 
26.470 101698.192 -31.025 314.407 52.509 26.509 26.218 
26.470 101695.136 -30.771 314.209 52.509 26.498 26.218 
26.482 101710.816 -32.071 314.529 52.509 26.509 26.218 
26.494 101717.320 -32.610 314.285 52.509 26.498 26.218 
26.488 101712.536 -32.214 314.361 52.509 26.509 26.218 
26.488 101697.264 -30.946 314.102 52.509 26.509 26.218 
26.494 101695.936 -30.835 314.544 52.509 26.509 26.218 
26.507 101702.464 -31.379 314.437 52.509 26.509 26.218 
26.501 101685.480 -29.968 314.483 52.509 26.509 26.218 
26.507 101690.248 -30.365 314.620 52.509 26.520 26.218 
26.507 101699.416 -31.125 314.285 52.509 26.520 26.218 
26.507 101681.096 -29.604 314.529 52.540 26.520 26.218 
26.501 101682.416 -29.715 314.025 52.540 26.531 26.218 
26.519 101690.648 -30.396 314.437 52.540 26.531 26.218 
26.519 101690.648 -30.396 313.873 52.540 26.531 26.218 
26.513 101685.872 -30.000 314.346 52.540 26.531 26.218 
26.501 101685.480 -29.968 314.498 52.540 26.531 26.218 
26.507 101681.096 -29.604 313.858 52.540 26.541 26.250 
26.519 101696.760 -30.904 314.132 52.540 26.541 26.250 
26.513 101679.768 -29.493 314.132 52.540 26.541 26.250 
26.519 101690.648 -30.396 314.086 52.540 26.541 26.250 
26.513 101685.872 -30.000 314.025 52.570 26.541 26.250 
26.519 101684.544 -29.889 314.132 52.570 26.541 26.250 
26.537 101698.904 -31.083 314.117 52.570 26.552 26.250 
26.531 101706.320 -31.696 314.437 52.570 26.552 26.250 
26.531 101697.168 -30.941 314.590 52.570 26.552 26.250 
26.543 101697.568 -30.972 314.498 52.601 26.552 26.250 
26.531 101688.000 -30.174 315.094 52.601 26.552 26.250 
26.543 101697.568 -30.972 314.514 52.631 26.552 26.250 
26.537 101689.744 -30.322 314.025 52.631 26.552 26.250 
26.543 101694.504 -30.719 314.315 52.631 26.552 26.250 
26.556 101685.768 -29.989 314.468 52.631 26.552 26.250 
26.550 101674.856 -29.086 314.224 52.631 26.552 26.250 
26.543 101682.296 -29.704 314.559 52.631 26.552 26.250 
26.556 101679.648 -29.482 314.758 52.631 26.563 26.281 
26.556 101685.768 -29.989 314.895 52.631 26.563 26.281 
26.556 101688.824 -30.243 314.865 52.631 26.563 26.281 
26.568 101686.160 -30.026 314.773 52.601 26.563 26.281 
26.574 101684.840 -29.915 314.498 52.601 26.563 26.281 
26.556 101685.768 -29.989 314.819 52.601 26.563 26.281 
26.543 101660.928 -27.928 314.804 52.601 26.563 26.281 
26.574 101684.840 -29.915 314.743 52.601 26.563 26.281 
26.580 101686.568 -30.058 314.834 52.601 26.563 26.281 
26.586 101676.080 -29.186 314.285 52.601 26.563 26.281 
26.586 101676.080 -29.186 314.163 52.601 26.574 26.281 
26.592 101674.744 -29.075 314.498 52.601 26.574 26.281 
26.580 101689.624 -30.312 314.544 52.601 26.574 26.281 
26.605 101690.440 -30.380 314.422 52.601 26.574 26.281 
26.599 101688.704 -30.238 314.758 52.601 26.584 26.281 
26.605 101696.544 -30.888 314.834 52.601 26.584 26.281 
26.629 101697.344 -30.951 314.300 52.601 26.584 26.312 
26.611 101686.056 -30.016 313.934 52.601 26.595 26.312 
26.617 101681.656 -29.651 314.209 52.601 26.584 26.312 
26.617 101684.720 -29.905 314.254 52.601 26.595 26.312 
26.629 101691.232 -30.444 314.254 52.601 26.595 26.312 
26.629 101688.184 -30.195 314.346 52.631 26.595 26.312 
26.629 101675.960 -29.175 314.422 52.631 26.595 26.312 
26.629 101682.072 -29.683 314.025 52.654 26.584 26.312 
26.629 101691.232 -30.444 314.193 52.654 26.595 26.312 
26.629 101688.184 -30.195 314.163 52.654 26.595 26.312 
26.641 101694.680 -30.729 314.620 52.654 26.595 26.312 
26.654 101698.152 -31.020 313.049 52.654 26.595 26.312 
26.648 101696.416 -30.877 311.630 52.685 26.606 26.312 
26.666 101719.928 -32.827 313.171 52.654 26.606 26.312 
26.641 101722.168 -33.012 316.879 52.685 26.606 26.312 
26.666 101744.368 -34.856 317.092 52.685 26.606 26.343 
26.666 101695.488 -30.798 316.345 52.685 26.606 26.343 
26.666 101683.272 -29.783 316.497 52.685 26.616 26.343 
