24.976 101621.648 -24.668 87.799 54.234 24.836 24.562 
25.007 101617.976 -24.361 81.100 54.081 24.868 24.593 
25.001 101622.456 -24.736 81.085 54.081 24.858 24.593 
25.019 101621.504 -24.657 80.413 54.058 24.868 24.625 
25.013 101616.608 -24.250 77.545 54.058 24.868 24.625 
25.025 101610.768 -23.764 73.364 54.058 24.868 24.625 
25.019 101621.504 -24.657 81.329 54.028 24.868 24.625 
25.031 101618.792 -24.430 81.741 54.028 24.868 24.625 
25.025 101623.264 -24.800 81.558 54.058 24.868 24.625 
25.044 101616.048 -24.203 81.253 54.028 24.868 24.625 
25.044 101612.936 -23.944 80.673 54.028 24.868 24.625 
25.062 101630.744 -25.423 81.466 54.028 24.868 24.625 
25.044 101622.312 -24.721 81.298 54.028 24.879 24.625 
25.056 101613.336 -23.975 81.375 53.997 24.879 24.656 
25.062 101611.968 -23.865 81.481 53.967 24.868 24.656 
25.075 101631.144 -25.455 81.115 53.967 24.868 24.625 
25.068 101623.120 -24.789 75.225 53.936 24.847 24.625 
25.081 101626.640 -25.085 80.337 53.906 24.847 24.625 
25.062 101621.360 -24.641 83.007 53.906 24.836 24.625 
25.068 101610.600 -23.748 83.328 53.906 24.815 24.625 
25.068 101623.120 -24.789 83.480 53.936 24.804 24.625 
25.068 101629.368 -25.307 84.320 53.967 24.793 24.593 
25.075 101628.008 -25.196 84.518 53.997 24.782 24.593 
25.075 101621.760 -24.678 82.992 54.028 24.782 24.593 
25.075 101621.760 -24.678 82.580 54.081 24.761 24.593 
25.068 101623.120 -24.789 82.580 54.142 24.740 24.593 
25.068 101619.984 -24.530 82.229 54.203 24.718 24.593 
25.081 101626.640 -25.085 80.642 54.234 24.697 24.593 
25.075 101615.504 -24.155 80.291 54.234 24.697 24.593 
25.062 101608.848 -23.606 80.444 54.234 24.697 24.593 
25.081 101614.136 -24.044 81.817 54.234 24.697 24.593 
25.075 101612.368 -23.896 83.847 54.203 24.697 24.562 
25.099 101628.824 -25.265 84.747 54.203 24.697 24.562 
25.087 101628.408 -25.228 80.886 54.203 24.697 24.562 
25.087 101625.288 -24.969 79.345 54.203 24.697 24.562 
25.093 101630.176 -25.376 78.521 54.234 24.697 24.562 
25.112 101629.216 -25.297 80.398 54.256 24.697 24.562 
25.099 101638.192 -26.042 80.383 54.256 24.697 24.562 
25.099 101625.688 -25.006 81.527 54.256 24.697 24.562 
25.105 101621.200 -24.631 81.207 54.256 24.697 24.562 
25.105 101614.936 -24.113 80.947 54.256 24.697 24.562 
25.105 101614.936 -24.113 81.100 54.256 24.697 24.562 
25.112 101616.704 -24.256 81.222 54.234 24.686 24.562 
25.105 101605.552 -23.331 80.810 54.234 24.686 24.562 
25.118 101615.336 -24.145 81.100 54.234 24.686 24.562 
25.112 101616.704 -24.256 81.268 54.264 24.686 24.562 
25.105 101605.552 -23.331 125.778 54.264 24.686 24.562 
25.130 101622.000 -24.694 124.725 54.295 24.686 24.562 
25.136 101626.880 -25.101 122.924 54.295 24.686 24.562 
25.118 101609.080 -23.621 123.687 54.295 24.686 24.562 
25.155 101622.800 -24.763 124.526 54.317 24.686 24.562 
25.149 101621.032 -24.615 125.335 54.317 24.686 24.562 
25.149 101611.640 -23.838 123.458 54.317 24.686 24.562 
25.155 101625.928 -25.022 122.680 54.348 24.686 24.562 
25.155 101616.536 -24.245 123.703 54.348 24.686 24.562 
25.155 101616.536 -24.245 82.550 54.348 24.686 24.562 
25.161 101621.440 -24.652 82.519 54.379 24.686 24.562 
25.149 101608.512 -23.579 82.427 54.379 24.686 24.562 
25.161 101612.048 -23.870 82.351 54.379 24.686 24.562 
25.161 101612.048 -23.870 80.902 54.409 24.686 24.562 
25.155 101610.288 -23.722 75.408 54.409 24.686 24.562 
25.161 101612.048 -23.870 76.507 54.440 24.686 24.562 
25.173 101628.080 -25.202 77.713 54.440 24.686 24.562 
25.173 101628.080 -25.202 82.138 54.409 24.686 24.562 
25.167 101629.456 -25.318 82.824 54.409 24.686 24.562 
25.161 101624.560 -24.911 82.962 54.409 24.686 24.562 
25.173 101618.696 -24.425 82.916 54.440 24.686 24.562 
25.167 101626.320 -25.054 82.916 54.440 24.686 24.562 
25.161 101624.560 -24.911 82.885 54.440 24.686 24.531 
25.173 101634.336 -25.719 82.855 54.470 24.686 24.531 
25.173 101634.336 -25.719 82.565 54.440 24.686 24.531 
25.161 101633.952 -25.688 82.626 54.409 24.686 24.531 
25.155 101629.056 -25.281 82.611 54.409 24.686 24.531 
25.161 101624.560 -24.911 82.672 54.440 24.686 24.531 
25.142 101609.880 -23.690 82.656 54.440 24.686 24.531 
25.155 101613.416 -23.986 82.489 54.470 24.686 24.531 
25.149 101617.904 -24.356 82.458 54.501 24.686 24.500 
25.155 101622.800 -24.763 82.473 54.501 24.686 24.500 
25.130 101609.488 -23.658 82.717 54.501 24.686 24.500 
25.149 101611.640 -23.838 82.489 54.523 24.686 24.500 
25.155 101622.800 -24.763 82.534 54.523 24.686 24.500 
25.149 101605.392 -23.315 82.611 54.523 24.686 24.500 
25.155 101616.536 -24.245 82.656 54.554 24.686 24.500 
25.155 101672.848 -28.922 82.778 54.554 24.686 24.500 
25.149 101652.312 -27.215 82.794 54.615 24.686 24.500 
25.161 101624.560 -24.911 82.855 54.646 24.686 24.500 
25.161 101612.048 -23.870 82.717 54.668 24.686 24.500 
25.161 101615.176 -24.129 82.885 54.699 24.686 24.500 
25.161 101618.312 -24.393 82.778 54.729 24.675 24.500 
25.155 101610.288 -23.722 82.687 54.729 24.675 24.500 
25.161 101618.312 -24.393 82.778 54.729 24.675 24.500 
25.161 101612.048 -23.870 82.901 54.729 24.675 24.500 
25.155 101610.288 -23.722 82.748 54.729 24.675 24.500 
25.155 101616.536 -24.245 82.748 54.729 24.675 24.500 
25.161 101621.440 -24.652 82.870 54.729 24.654 24.500 
25.167 101616.928 -24.277 82.916 54.760 24.664 24.500 
25.167 101616.928 -24.277 82.748 54.760 24.654 24.500 
25.173 101628.080 -25.202 82.702 54.760 24.654 24.500 
25.161 101618.312 -24.393 82.901 54.760 24.643 24.500 
25.167 101613.816 -24.018 82.733 54.760 24.643 24.500 
25.173 101612.440 -23.902 82.748 54.760 24.654 24.500 
25.161 101602.672 -23.093 82.901 54.760 24.632 24.500 
25.179 101617.328 -24.308 82.839 54.760 24.632 24.500 
25.161 101612.048 -23.870 82.626 54.760 24.632 24.500 
25.167 101610.672 -23.759 82.687 54.760 24.632 24.500 
25.161 101618.312 -24.393 82.778 54.760 24.622 24.500 
25.161 101605.800 -23.352 82.717 54.760 24.632 24.500 
25.173 101612.440 -23.902 82.656 54.760 24.632 24.500 
25.173 101609.312 -23.643 82.962 54.760 24.632 24.500 
25.173 101612.440 -23.902 82.687 54.729 24.632 24.500 
25.161 101602.672 -23.093 82.336 54.729 24.643 24.500 
25.198 101610.104 -23.706 82.244 54.729 24.632 24.500 
25.198 101613.232 -23.970 82.275 54.729 24.643 24.500 
25.192 101620.864 -24.604 81.588 54.699 24.643 24.500 
25.179 101604.824 -23.267 81.436 54.699 24.654 24.500 
25.204 101611.864 -23.854 81.390 54.668 24.675 24.500 
25.204 101615.000 -24.118 82.153 54.668 24.654 24.500 
25.204 101608.752 -23.595 81.893 54.668 24.675 24.500 
25.198 101616.360 -24.229 82.122 54.646 24.675 24.500 
25.192 101620.864 -24.604 82.077 54.646 24.675 24.500 
25.223 101626.544 -25.075 82.107 54.668 24.675 24.500 
25.210 101619.888 -24.520 82.351 54.668 24.675 24.500 
25.223 101629.672 -25.334 82.275 54.668 24.675 24.500 
25.235 101626.944 -25.106 82.260 54.668 24.675 24.531 
25.235 101620.696 -24.589 82.305 54.668 24.675 24.531 
25.229 101618.928 -24.441 82.305 54.699 24.686 24.531 
25.229 101634.568 -25.741 82.275 54.699 24.686 24.531 
25.223 101635.928 -25.852 82.305 54.699 24.675 24.531 
25.210 101635.528 -25.820 82.260 54.729 24.675 24.531 
25.223 101635.928 -25.852 82.214 54.760 24.675 24.531 
25.216 101640.424 -26.227 82.183 54.791 24.675 24.531 
25.229 101637.704 -25.999 81.634 54.813 24.654 24.500 
25.229 101637.704 -25.999 80.612 54.813 24.675 24.500 
25.216 101627.912 -25.186 80.841 54.813 24.654 24.500 
25.216 101615.400 -24.150 81.314 54.813 24.675 24.500 
25.216 101612.272 -23.891 79.208 54.813 24.654 24.500 
25.223 101617.168 -24.293 77.728 54.813 24.654 24.500 
25.223 101610.904 -23.775 78.277 54.813 24.632 24.500 
25.210 101619.888 -24.520 80.902 54.813 24.643 24.500 
25.223 101610.904 -23.775 81.344 54.791 24.643 24.500 
25.229 101618.928 -24.441 81.146 54.791 24.632 24.500 
25.210 101613.632 -24.002 80.459 54.791 24.622 24.500 
25.223 101617.168 -24.293 78.964 54.813 24.611 24.500 
25.210 101613.632 -24.002 76.797 54.844 24.611 24.500 
25.204 101611.864 -23.854 79.650 54.844 24.611 24.500 
25.198 101619.496 -24.488 80.993 54.844 24.600 24.500 
25.198 101628.880 -25.270 81.390 54.844 24.600 24.500 
25.210 101638.656 -26.079 81.741 54.844 24.600 24.500 
25.204 101633.776 -25.677 82.046 54.874 24.600 24.468 
25.210 101632.400 -25.561 81.695 54.874 24.600 24.468 
25.204 101636.896 -25.936 81.405 54.874 24.600 24.468 
25.223 101617.168 -24.293 81.268 54.874 24.600 24.500 
25.223 101632.808 -25.593 81.024 54.874 24.600 24.468 
25.216 101627.912 -25.186 81.085 54.874 24.600 24.500 
25.210 101623.016 -24.779 81.039 54.905 24.600 24.500 
25.216 101634.168 -25.709 80.886 54.905 24.600 24.468 
25.210 101626.152 -25.043 81.024 54.874 24.600 24.468 
25.216 101621.656 -24.668 81.344 54.874 24.600 24.468 
25.235 101626.944 -25.106 81.542 54.905 24.589 24.468 
25.216 101624.792 -24.927 81.314 54.905 24.589 24.468 
25.223 101623.416 -24.816 81.054 54.935 24.600 24.500 
25.216 101627.912 -25.186 81.161 54.966 24.600 24.500 
25.229 101615.792 -24.182 80.871 54.997 24.611 24.500 
25.235 101626.944 -25.106 81.192 54.997 24.622 24.500 
25.223 101617.168 -24.293 81.283 55.019 24.622 24.500 
25.223 101607.776 -23.516 81.634 55.019 24.632 24.500 
25.229 101612.664 -23.923 81.069 55.019 24.632 24.500 
25.235 101617.560 -24.330 81.268 55.019 24.675 24.531 
25.229 101622.056 -24.699 81.268 55.019 24.686 24.531 
25.235 101608.168 -23.547 81.253 55.019 24.686 24.531 
25.235 101614.432 -24.071 81.359 54.997 24.686 24.531 
25.229 101612.664 -23.923 81.314 54.997 24.686 24.531 
25.216 101612.272 -23.891 81.314 54.997 24.686 24.531 
25.223 101614.032 -24.034 81.176 54.997 24.686 24.531 
25.235 101620.696 -24.589 81.146 54.966 24.686 24.562 
25.223 101614.032 -24.034 81.405 54.966 24.686 24.562 
25.229 101615.792 -24.182 81.359 54.935 24.686 24.562 
25.223 101617.168 -24.293 81.512 54.935 24.686 24.562 
25.229 101615.792 -24.182 81.649 54.905 24.686 24.593 
25.229 101625.184 -24.964 81.527 54.905 24.686 24.593 
25.229 101618.928 -24.441 81.588 54.874 24.686 24.593 
25.223 101617.168 -24.293 81.481 54.844 24.686 24.593 
25.229 101618.928 -24.441 81.146 54.813 24.697 24.593 
25.216 101621.656 -24.668 80.871 54.813 24.697 24.625 
25.216 101602.880 -23.109 80.902 54.783 24.697 24.625 
25.216 101609.144 -23.627 80.764 54.760 24.697 24.625 
25.204 101605.616 -23.336 80.520 54.760 24.697 24.625 
25.216 101612.272 -23.891 81.115 54.699 24.718 24.625 
25.223 101610.904 -23.775 81.359 54.668 24.740 24.656 
25.229 101622.056 -24.699 80.917 54.638 24.740 24.656 
25.247 101617.960 -24.361 81.222 54.585 24.761 24.656 
25.216 101612.272 -23.891 81.527 54.554 24.772 24.656 
25.229 101615.792 -24.182 81.573 54.523 24.782 24.656 
25.235 101617.560 -24.330 81.436 54.523 24.804 24.656 
25.241 101616.176 -24.213 81.237 54.462 24.815 24.687 
25.253 101619.712 -24.509 81.588 54.462 24.825 24.687 
25.235 101617.560 -24.330 81.481 54.432 24.825 24.687 
25.235 101617.560 -24.330 81.527 54.409 24.847 24.687 
25.241 101619.312 -24.472 81.329 54.409 24.847 24.687 
25.241 101622.448 -24.731 81.359 54.409 24.858 24.718 
25.247 101614.832 -24.102 81.451 54.379 24.858 24.718 
25.247 101611.696 -23.838 81.268 54.348 24.858 24.718 
25.241 101628.712 -25.254 81.298 54.348 24.858 24.718 
25.253 101619.712 -24.509 81.283 54.317 24.847 24.687 
25.247 101617.960 -24.361 81.497 54.317 24.847 24.687 
25.229 101615.792 -24.182 81.512 54.317 24.836 24.687 
25.241 101616.176 -24.213 81.604 54.317 24.825 24.687 
25.247 101614.832 -24.102 81.420 54.317 24.825 24.687 
25.253 101622.840 -24.768 81.451 54.317 24.804 24.687 
25.241 101616.176 -24.213 80.978 54.348 24.804 24.687 
25.235 101608.168 -23.547 79.208 54.379 24.782 24.687 
25.253 101625.976 -25.027 73.532 54.409 24.772 24.656 
25.247 101611.696 -23.838 80.200 54.409 24.761 24.656 
25.247 101630.480 -25.402 80.902 54.432 24.740 24.656 
25.247 101649.248 -26.961 80.917 54.432 24.740 24.656 
25.247 101642.984 -26.438 80.657 54.462 24.718 24.656 
25.247 101649.248 -26.961 80.474 54.493 24.697 24.656 
25.247 101649.248 -26.961 80.596 54.493 24.697 24.656 
25.247 101646.120 -26.702 80.932 54.493 24.697 24.656 
25.253 101647.872 -26.845 81.039 54.523 24.697 24.656 
25.247 101639.856 -26.179 80.932 54.523 24.697 24.656 
25.266 101670.176 -28.700 80.749 54.523 24.697 24.656 
25.253 101657.264 -27.627 80.917 54.493 24.697 24.656 
25.272 101668.824 -28.584 80.459 54.493 24.697 24.656 
25.247 101649.248 -26.961 79.620 54.493 24.697 24.656 
25.260 101618.352 -24.393 76.919 54.493 24.697 24.656 
25.272 101615.616 -24.166 72.952 54.493 24.697 24.625 
25.266 101607.600 -23.500 78.720 54.523 24.697 24.625 
25.278 101607.984 -23.532 78.720 54.523 24.697 24.625 
25.272 101612.488 -23.907 78.475 54.523 24.697 24.625 
25.260 101612.088 -23.875 76.538 54.501 24.697 24.625 
25.266 101616.992 -24.282 75.149 54.501 24.697 24.625 
25.266 101610.728 -23.759 77.957 54.523 24.697 24.625 
25.266 101601.344 -22.982 79.498 54.501 24.697 24.625 
25.272 101628.136 -25.207 79.498 54.523 24.686 24.625 
25.260 101634.000 -25.693 79.513 54.523 24.686 24.625 
25.284 101647.296 -26.797 79.422 54.523 24.686 24.625 
25.272 101634.400 -25.725 78.826 54.523 24.686 24.625 
25.260 101630.864 -25.434 78.994 54.554 24.686 24.625 
25.266 101632.632 -25.582 79.528 54.554 24.686 24.593 
25.260 101621.488 -24.652 79.437 54.615 24.686 24.593 
25.260 101618.352 -24.393 78.796 54.554 24.686 24.593 
25.272 101615.616 -24.166 72.921 54.615 24.686 24.593 
25.260 101618.352 -24.393 71.395 54.615 24.686 24.593 
25.260 101615.216 -24.134 73.181 54.615 24.686 24.593 
25.260 101621.488 -24.652 74.630 54.554 24.686 24.593 
25.266 101616.992 -24.282 72.372 54.554 24.686 24.593 
25.266 101610.728 -23.759 74.188 54.554 24.686 24.593 
25.266 101613.856 -24.018 76.950 54.523 24.686 24.593 
25.266 101616.992 -24.282 77.560 54.523 24.686 24.593 
25.272 101612.488 -23.907 77.377 54.554 24.686 24.562 
25.266 101607.600 -23.500 77.362 54.615 24.686 24.562 
25.260 101605.832 -23.352 77.331 54.646 24.686 24.562 
25.272 101618.752 -24.425 78.659 54.646 24.686 24.562 
25.260 101612.088 -23.875 77.545 54.668 24.686 24.562 
25.260 101618.352 -24.393 78.857 54.699 24.686 24.562 
25.260 101615.216 -24.134 79.025 54.729 24.686 24.562 
25.241 101609.928 -23.695 78.140 54.729 24.686 24.562 
25.253 101613.464 -23.986 78.353 54.760 24.686 24.562 
25.247 101611.696 -23.838 77.880 54.791 24.686 24.562 
25.260 101621.488 -24.652 78.399 54.813 24.686 24.562 
25.253 101610.328 -23.727 77.117 54.844 24.686 24.562 
25.253 101625.976 -25.027 77.774 54.874 24.686 24.562 
25.247 101611.696 -23.838 78.521 54.874 24.686 24.562 
25.260 101621.488 -24.652 77.880 54.905 24.686 24.562 
25.235 101608.168 -23.547 77.789 54.874 24.686 24.562 
25.272 101631.264 -25.466 77.896 54.874 24.686 24.531 
25.247 101617.960 -24.361 77.941 54.874 24.686 24.531 
25.247 101621.096 -24.620 77.636 54.874 24.686 24.531 
25.260 101624.616 -24.916 77.682 54.874 24.686 24.531 
25.247 101624.216 -24.879 77.682 54.905 24.686 24.531 
25.247 101617.960 -24.361 77.545 54.905 24.686 24.531 
25.253 101610.328 -23.727 77.682 54.874 24.686 24.531 
25.266 101613.856 -24.018 77.743 54.905 24.686 24.531 
25.260 101621.488 -24.652 77.804 54.905 24.686 24.531 
25.247 101608.560 -23.579 77.926 54.905 24.686 24.531 
25.247 101611.696 -23.838 78.201 54.905 24.686 24.531 
25.235 101617.560 -24.330 78.277 54.905 24.686 24.531 
25.247 101624.216 -24.879 78.353 54.905 24.686 24.531 
25.253 101616.584 -24.245 78.262 54.905 24.686 24.531 
25.247 101611.696 -23.838 78.643 54.905 24.686 24.531 
25.247 101608.560 -23.579 78.750 54.905 24.686 24.531 
25.247 101624.216 -24.879 78.735 54.935 24.686 24.531 
25.266 101642.024 -26.359 78.491 54.935 24.686 24.531 
25.260 101630.864 -25.434 78.323 54.966 24.686 24.531 
25.235 101620.696 -24.589 78.430 54.966 24.686 24.531 
25.253 101635.352 -25.804 78.369 54.997 24.686 24.531 
25.260 101615.216 -24.134 78.536 54.997 24.686 24.531 
25.260 101621.488 -24.652 78.384 55.019 24.686 24.531 
25.272 101618.752 -24.425 77.896 55.019 24.686 24.531 
25.272 101612.488 -23.907 77.911 54.997 24.686 24.562 
25.278 101620.504 -24.573 78.598 54.997 24.686 24.562 
25.278 101620.504 -24.573 78.887 54.997 24.686 24.562 
25.284 101619.144 -24.462 78.857 54.997 24.686 24.562 
25.284 101609.760 -23.680 78.903 54.997 24.686 24.562 
25.272 101612.488 -23.907 79.101 54.997 24.686 24.593 
25.272 101618.752 -24.425 79.315 54.997 24.686 24.593 
25.297 101625.792 -25.011 79.177 54.997 24.686 24.593 
25.284 101622.264 -24.721 79.269 54.966 24.686 24.593 
25.284 101612.888 -23.939 79.208 54.935 24.686 24.593 
25.303 101621.304 -24.641 79.269 54.935 24.686 24.625 
25.284 101606.624 -23.421 79.132 54.905 24.686 24.625 
25.297 101619.528 -24.493 79.162 54.905 24.697 24.625 
25.284 101616.008 -24.197 79.162 54.905 24.697 24.625 
25.290 101611.504 -23.828 79.147 54.874 24.697 24.625 
25.297 101622.664 -24.752 79.223 54.844 24.697 24.656 
25.297 101616.400 -24.234 79.116 54.813 24.697 24.656 
25.284 101616.008 -24.197 79.193 54.783 24.740 24.656 
25.297 101616.400 -24.234 79.101 54.760 24.761 24.687 
25.297 101607.024 -23.452 79.345 54.760 24.772 24.687 
25.303 101621.304 -24.641 79.223 54.729 24.782 24.687 
25.284 101612.888 -23.939 79.132 54.699 24.804 24.687 
25.284 101606.624 -23.421 79.193 54.668 24.815 24.687 
25.309 101613.680 -24.007 79.147 54.638 24.825 24.687 
25.290 101611.504 -23.828 79.101 54.585 24.836 24.687 
25.303 101633.816 -25.677 79.132 54.554 24.847 24.718 
25.303 101633.816 -25.677 79.223 54.523 24.858 24.718 
25.309 101632.456 -25.566 79.116 54.523 24.868 24.718 
25.297 101641.440 -26.311 79.162 54.493 24.879 24.718 
25.297 101638.312 -26.052 79.208 54.462 24.890 24.718 
25.309 101638.712 -26.084 79.025 54.432 24.890 24.750 
25.303 101633.816 -25.677 79.116 54.409 24.900 24.750 
25.309 101616.816 -24.266 79.177 54.409 24.911 24.750 
25.309 101616.816 -24.266 79.071 54.401 24.911 24.750 
25.315 101612.296 -23.891 79.101 54.401 24.911 24.750 
25.315 101612.296 -23.891 79.238 54.401 24.911 24.750 
25.309 101604.280 -23.225 79.055 54.348 24.911 24.750 
25.315 101618.560 -24.414 79.071 54.379 24.911 24.750 
25.327 101618.952 -24.446 79.101 54.379 24.922 24.750 
25.334 101605.080 -23.289 79.162 54.379 24.922 24.750 
25.346 101608.592 -23.584 79.040 54.379 24.911 24.750 
25.340 101609.968 -23.695 79.071 54.379 24.922 24.750 
25.346 101614.848 -24.102 79.177 54.379 24.922 24.781 
25.352 101613.496 -23.991 79.116 54.379 24.922 24.781 
25.346 101608.592 -23.584 79.147 54.348 24.922 24.781 
25.346 101608.592 -23.584 79.086 54.348 24.922 24.781 
25.364 101613.872 -24.023 79.177 54.348 24.933 24.781 
25.358 101605.856 -23.357 79.040 54.348 24.933 24.781 
25.352 101613.496 -23.991 79.177 54.348 24.933 24.781 
25.370 101609.384 -23.648 79.238 54.348 24.943 24.781 
25.377 101614.272 -24.055 79.025 54.317 24.954 24.812 
25.377 101611.152 -23.796 79.147 54.317 24.954 24.812 
25.377 101617.408 -24.314 79.132 54.317 24.965 24.812 
25.377 101608.008 -23.537 79.147 54.317 24.975 24.812 
25.370 101612.496 -23.907 79.086 54.287 24.975 24.812 
25.383 101609.776 -23.680 79.193 54.287 24.986 24.843 
25.395 101616.416 -24.234 79.071 54.256 24.997 24.843 
25.407 101619.944 -24.525 79.025 54.256 24.997 24.843 
25.383 101616.024 -24.203 79.055 54.226 25.008 24.843 
25.395 101619.544 -24.493 79.284 54.226 25.018 24.843 
25.383 101606.640 -23.421 79.177 54.203 25.029 24.843 
25.401 101618.176 -24.377 79.147 54.203 25.029 24.875 
25.395 101613.288 -23.975 79.162 54.195 25.040 24.875 
25.389 101614.664 -24.086 79.010 54.195 25.040 24.875 
25.383 101606.640 -23.421 79.055 54.173 25.051 24.875 
25.401 101608.792 -23.600 78.765 54.142 25.061 24.875 
25.401 101608.792 -23.600 79.025 54.142 25.061 24.875 
25.414 101631.096 -25.450 79.086 54.112 25.072 24.875 
25.401 101618.176 -24.377 78.964 54.112 25.072 24.875 
25.395 101616.416 -24.234 79.147 54.081 25.083 24.906 
25.407 101632.464 -25.566 79.040 54.050 25.093 24.906 
25.432 101626.984 -25.112 78.994 54.020 25.093 24.906 
25.420 101632.856 -25.598 78.872 54.020 25.093 24.906 
25.401 101611.920 -23.859 78.781 54.020 25.115 24.906 
25.401 101611.920 -23.859 78.521 53.997 25.115 24.906 
25.426 101612.712 -23.923 78.582 53.997 25.115 24.906 
25.414 101612.304 -23.891 78.613 53.967 25.115 24.906 
25.395 101603.896 -23.193 78.567 53.967 25.126 24.906 
25.420 101617.200 -24.298 78.948 53.967 25.136 24.937 
25.414 101615.448 -24.155 79.086 53.936 25.136 24.937 
25.414 101606.056 -23.373 79.071 53.906 25.136 24.937 
25.407 101619.944 -24.525 79.040 53.906 25.147 24.937 
25.420 101626.592 -25.080 79.025 53.875 25.147 24.937 
25.407 101623.080 -24.789 78.857 53.875 25.147 24.937 
25.407 101616.824 -24.266 78.613 53.844 25.158 24.937 
25.407 101619.944 -24.525 78.750 53.844 25.169 24.937 
25.414 101618.576 -24.414 78.536 53.844 25.169 24.937 
25.420 101626.592 -25.080 78.247 53.844 25.179 24.937 
25.401 101618.176 -24.377 78.262 53.844 25.179 24.968 
25.414 101615.448 -24.155 78.460 53.822 25.190 24.968 
25.401 101618.176 -24.377 78.430 53.791 25.190 24.968 
25.414 101609.184 -23.632 78.674 53.761 25.190 24.968 
25.407 101607.432 -23.484 78.918 53.761 25.190 24.968 
25.420 101607.816 -23.521 79.147 53.730 25.201 24.968 
25.414 101612.304 -23.891 79.147 53.730 25.211 24.968 
25.426 101609.568 -23.664 79.269 53.700 25.211 25.000 
25.426 101606.440 -23.405 79.238 53.700 25.211 25.000 
25.432 101623.848 -24.853 79.177 53.669 25.222 25.000 
25.444 101630.496 -25.402 79.223 53.700 25.222 25.000 
25.426 101631.480 -25.482 79.177 53.669 25.233 25.000 
25.451 101638.528 -26.068 79.208 53.669 25.233 25.000 
25.432 101630.120 -25.371 79.101 53.638 25.244 25.000 
25.451 101632.264 -25.550 79.345 53.638 25.244 25.000 
25.444 101617.976 -24.361 79.223 53.638 25.244 25.000 
25.451 101604.096 -23.209 79.238 53.638 25.244 25.031 
25.457 101615.232 -24.134 79.330 53.577 25.254 25.031 
25.444 101599.200 -22.802 79.330 53.577 25.254 25.031 
25.451 101604.096 -23.209 79.238 53.555 25.265 25.031 
25.463 101610.744 -23.759 79.162 53.555 25.265 25.031 
25.457 101621.504 -24.657 79.132 53.555 25.265 25.031 
25.444 101599.200 -22.802 78.918 53.524 25.276 25.031 
25.469 101612.496 -23.907 78.338 53.524 25.276 25.031 
25.457 101618.376 -24.393 77.285 53.524 25.287 25.031 
25.469 101609.384 -23.648 74.310 53.494 25.287 25.062 
25.451 101610.352 -23.727 69.412 53.494 25.287 25.062 
25.475 101614.256 -24.055 76.354 53.494 25.297 25.062 
25.481 101612.896 -23.939 77.453 53.463 25.297 25.062 
25.481 101609.768 -23.680 77.499 53.432 25.297 25.062 
25.481 101612.896 -23.939 77.865 53.432 25.297 25.062 
25.481 101603.504 -23.162 77.850 53.432 25.297 25.062 
25.481 101609.768 -23.680 77.926 53.432 25.297 25.062 
25.494 101607.024 -23.452 77.758 53.402 25.308 25.062 
25.506 101613.664 -24.002 78.018 53.402 25.297 25.062 
25.506 101610.536 -23.743 78.247 53.402 25.308 25.062 
25.494 101607.024 -23.452 78.308 53.402 25.297 25.062 
25.524 101615.816 -24.182 78.598 53.379 25.308 25.093 
25.512 101606.032 -23.368 78.445 53.379 25.319 25.093 
25.524 101612.688 -23.923 78.475 53.379 25.319 25.093 
25.518 101595.264 -22.475 78.536 53.379 25.319 25.093 
25.531 101611.304 -23.806 78.613 53.379 25.319 25.093 
25.518 101601.528 -22.998 78.445 53.379 25.329 25.093 
25.531 101611.304 -23.806 78.521 53.379 25.329 25.093 
25.531 101605.048 -23.289 78.598 53.379 25.340 25.125 
25.555 101608.952 -23.611 78.414 53.379 25.340 25.125 
25.543 101608.560 -23.579 78.414 53.349 25.340 25.125 
25.555 101612.080 -23.875 78.414 53.349 25.351 25.125 
25.543 101617.960 -24.361 78.674 53.349 25.340 25.125 
25.555 101618.344 -24.393 78.506 53.349 25.351 25.125 
25.531 101617.568 -24.330 78.552 53.349 25.362 25.125 
25.543 101602.304 -23.061 78.659 53.349 25.362 25.125 
25.555 101612.080 -23.875 78.475 53.318 25.362 25.125 
25.543 101605.432 -23.320 78.491 53.318 25.372 25.125 
25.549 101616.576 -24.245 78.475 53.318 25.372 25.125 
25.561 101632.624 -25.577 78.598 53.288 25.372 25.125 
25.555 101627.736 -25.175 78.506 53.288 25.383 25.125 
25.555 101630.856 -25.434 78.598 53.288 25.383 25.156 
25.567 101640.648 -26.248 78.552 53.288 25.383 25.156 
25.574 101623.616 -24.832 78.552 53.288 25.383 25.156 
25.567 101603.064 -23.125 78.598 53.257 25.383 25.156 
25.543 101605.432 -23.320 78.720 53.257 25.383 25.156 
25.561 101616.968 -24.277 78.643 53.257 25.383 25.156 
25.574 101604.832 -23.273 78.231 53.226 25.383 25.156 
25.561 101610.712 -23.759 78.033 53.226 25.394 25.156 
25.549 101600.936 -22.950 77.896 53.226 25.394 25.156 
25.574 101617.360 -24.314 77.926 53.226 25.394 25.156 
25.561 101601.320 -22.977 77.865 53.226 25.394 25.156 
25.555 101599.552 -22.834 77.804 53.226 25.394 25.156 
25.574 101604.832 -23.273 77.728 53.196 25.404 25.156 
25.567 101603.064 -23.125 78.018 53.165 25.404 25.156 
25.580 101612.848 -23.939 78.140 53.165 25.415 25.187 
25.574 101604.832 -23.273 78.399 53.165 25.415 25.187 
25.604 101619.880 -24.520 78.277 53.135 25.415 25.187 
25.580 101606.584 -23.415 78.399 53.135 25.415 25.187 
25.586 101608.352 -23.563 78.399 53.112 25.415 25.187 
25.592 101619.504 -24.488 78.353 53.112 25.426 25.187 
25.580 101606.584 -23.415 78.414 53.112 25.426 25.187 
25.586 101614.608 -24.081 78.674 53.112 25.426 25.187 
25.574 101604.832 -23.273 78.460 53.082 25.437 25.187 
25.598 101614.992 -24.113 78.536 53.082 25.437 25.187 
25.598 101636.912 -25.936 78.628 53.082 25.437 25.187 
25.592 101616.360 -24.229 78.582 53.082 25.437 25.187 
25.586 101617.752 -24.345 78.552 53.051 25.437 25.218 
25.580 101619.104 -24.456 78.323 53.051 25.437 25.218 
25.611 101615.384 -24.150 78.277 53.051 25.426 25.187 
25.598 101621.256 -24.636 78.399 53.051 25.426 25.187 
25.598 101621.256 -24.636 78.247 53.082 25.426 25.187 
25.598 101611.856 -23.854 78.323 53.082 25.415 25.187 
25.604 101619.880 -24.520 77.865 53.082 25.415 25.187 
25.611 101615.384 -24.150 78.155 53.082 25.415 25.187 
25.611 101605.992 -23.368 77.926 53.082 25.404 25.187 
25.617 101614.000 -24.034 77.758 53.112 25.394 25.187 
25.629 101604.992 -23.283 78.048 53.135 25.383 25.187 
25.629 101614.384 -24.065 78.048 53.165 25.383 25.187 
25.629 101614.384 -24.065 78.094 53.165 25.383 25.187 
25.629 101608.128 -23.542 77.835 53.196 25.383 25.187 
25.635 101613.016 -23.949 77.926 53.226 25.383 25.187 
25.629 101601.864 -23.024 77.896 53.204 25.383 25.187 
25.641 101599.112 -22.797 77.621 53.226 25.383 25.187 
25.654 101612.016 -23.870 77.789 53.226 25.383 25.187 
25.647 101613.400 -23.981 79.742 53.257 25.383 25.187 
25.654 101615.160 -24.129 81.771 53.257 25.383 25.187 
25.660 101629.432 -25.312 78.735 53.257 25.383 25.187 
25.647 101622.792 -24.763 78.552 53.257 25.383 25.187 
25.647 101625.920 -25.022 78.414 53.257 25.383 25.187 
25.647 101625.920 -25.022 78.598 53.257 25.383 25.218 
25.660 101623.168 -24.795 78.414 53.257 25.394 25.218 
25.647 101613.400 -23.981 78.308 53.257 25.394 25.218 
25.647 101610.264 -23.722 78.399 53.226 25.404 25.218 
25.654 101608.896 -23.611 78.308 53.226 25.404 25.218 
25.660 101604.376 -23.230 78.277 53.226 25.415 25.218 
25.641 101608.496 -23.574 78.872 53.226 25.415 25.218 
25.654 101621.424 -24.652 78.964 53.226 25.426 25.218 
25.666 101618.672 -24.419 78.826 53.226 25.426 25.218 
25.660 101604.376 -23.230 78.659 53.196 25.426 25.218 
25.666 101606.144 -23.378 78.567 53.165 25.437 25.218 
25.666 101609.272 -23.643 78.643 53.165 25.437 25.250 
25.666 101609.272 -23.643 78.323 53.135 25.437 25.250 
25.666 101621.800 -24.678 78.414 53.135 25.447 25.250 
25.666 101609.272 -23.643 78.582 53.112 25.458 25.250 
25.666 101621.800 -24.678 78.552 53.112 25.458 25.250 
25.672 101623.552 -24.826 78.720 53.082 25.458 25.250 
25.672 101614.168 -24.044 78.567 53.082 25.458 25.250 
25.672 101620.424 -24.567 78.521 53.082 25.458 25.250 
25.672 101620.424 -24.567 78.582 53.051 25.469 25.250 
25.672 101614.168 -24.044 78.582 53.051 25.469 25.250 
25.666 101596.736 -22.596 78.399 53.051 25.469 25.250 
25.678 101615.904 -24.192 78.582 53.051 25.469 25.250 
25.678 101615.904 -24.192 78.598 53.051 25.469 25.281 
25.684 101608.272 -23.558 78.674 53.082 25.480 25.281 
25.690 101600.624 -22.924 78.659 53.082 25.480 25.281 
25.690 101610.032 -23.701 78.674 53.082 25.480 25.281 
25.690 101610.032 -23.701 78.720 53.051 25.480 25.281 
25.703 101616.688 -24.256 78.689 53.051 25.490 25.281 
25.703 101610.424 -23.738 78.704 53.051 25.490 25.281 
25.703 101610.424 -23.738 78.704 53.051 25.490 25.281 
25.697 101614.920 -24.108 78.628 53.051 25.490 25.281 
25.721 101628.208 -25.212 78.445 53.051 25.490 25.281 
25.727 101636.224 -25.878 78.125 53.051 25.480 25.281 
25.715 101635.848 -25.846 77.255 53.051 25.480 25.281 
25.727 101639.360 -26.137 73.150 53.051 25.469 25.281 
25.727 101626.832 -25.101 75.683 53.051 25.480 25.281 
25.727 101636.224 -25.878 77.362 53.051 25.480 25.281 
25.740 101639.744 -26.169 77.743 53.051 25.480 25.281 
25.727 101636.224 -25.878 78.018 53.051 25.469 25.281 
25.727 101601.784 -23.019 78.063 53.082 25.469 25.281 
25.746 101610.176 -23.717 78.094 53.112 25.458 25.281 
25.752 101615.072 -24.123 78.277 53.135 25.469 25.281 
25.752 101605.672 -23.341 77.941 53.135 25.458 25.281 
25.740 101602.168 -23.051 78.231 53.165 25.469 25.281 
25.764 101615.448 -24.155 78.155 53.165 25.458 25.281 
25.752 101605.672 -23.341 78.323 53.165 25.469 25.281 
25.752 101615.072 -24.123 78.308 53.165 25.469 25.281 
25.752 101605.672 -23.341 78.445 53.135 25.469 25.281 
25.764 101609.184 -23.632 78.338 53.135 25.458 25.281 
25.777 101612.688 -23.923 78.384 53.135 25.469 25.281 
25.764 101609.184 -23.632 78.491 53.135 25.458 25.281 
25.783 101620.712 -24.589 78.552 53.135 25.458 25.281 
25.777 101625.216 -24.964 78.552 53.135 25.458 25.281 
25.777 101609.560 -23.664 78.506 53.135 25.447 25.281 
25.789 101603.672 -23.172 78.536 53.135 25.447 25.281 
25.777 101609.560 -23.664 78.353 53.165 25.447 25.281 
25.789 101597.416 -22.654 78.308 53.165 25.447 25.281 
25.783 101601.912 -23.030 78.247 53.196 25.447 25.281 
25.789 101609.936 -23.695 78.216 53.196 25.447 25.312 
25.795 101605.432 -23.320 78.186 53.196 25.458 25.312 
25.789 101606.800 -23.436 78.186 53.196 25.458 25.312 
25.820 101606.176 -23.384 78.109 53.196 25.458 25.312 
25.820 101618.720 -24.425 78.201 53.196 25.458 25.312 
25.813 101623.216 -24.800 78.384 53.196 25.458 25.312 
25.813 101620.088 -24.536 78.353 53.165 25.469 25.312 
25.807 101621.472 -24.652 78.475 53.165 25.480 25.312 
25.813 101623.216 -24.800 78.491 53.135 25.490 25.312 
25.820 101618.720 -24.425 78.430 53.135 25.490 25.312 
25.826 101623.592 -24.826 78.445 53.135 25.490 25.343 
25.813 101623.216 -24.800 78.414 53.135 25.501 25.312 
25.813 101635.752 -25.841 78.384 53.112 25.501 25.343 
25.813 101626.352 -25.059 78.475 53.112 25.501 25.343 
25.813 101638.888 -26.100 78.460 53.112 25.512 25.343 
25.813 101635.752 -25.841 78.399 53.112 25.522 25.343 
25.801 101638.504 -26.068 78.414 53.082 25.522 25.343 
25.813 101638.888 -26.100 78.353 53.082 25.522 25.343 
25.807 101630.864 -25.434 78.414 53.051 25.533 25.343 
25.813 101620.088 -24.536 78.430 53.051 25.533 25.343 
25.801 101607.184 -23.468 78.399 53.020 25.533 25.343 
25.807 101605.808 -23.352 78.506 52.990 25.544 25.343 
25.820 101609.320 -23.643 78.384 52.990 25.544 25.343 
25.801 101604.048 -23.204 78.506 52.959 25.555 25.343 
25.807 101608.944 -23.611 78.430 52.959 25.555 25.343 
25.801 101607.184 -23.468 78.430 52.959 25.565 25.343 
25.807 101605.808 -23.352 78.521 52.959 25.565 25.343 
25.807 101618.336 -24.393 78.140 52.959 25.565 25.375 
25.820 101609.320 -23.643 78.353 52.929 25.576 25.375 
25.807 101608.944 -23.611 77.972 52.929 25.576 25.375 
25.813 101613.832 -24.018 77.850 52.898 25.587 25.375 
25.813 101607.552 -23.495 77.529 52.898 25.587 25.375 
25.801 101610.312 -23.727 78.002 52.898 25.598 25.375 
25.801 101613.456 -23.986 77.651 52.898 25.598 25.375 
25.826 101614.200 -24.049 78.002 52.868 25.598 25.375 
25.826 101614.200 -24.049 78.247 52.868 25.598 25.375 
25.820 101612.448 -23.902 78.216 52.868 25.598 25.406 
25.813 101610.688 -23.759 78.262 52.868 25.598 25.406 
25.820 101612.448 -23.902 78.353 52.868 25.608 25.406 
25.807 101608.944 -23.611 78.430 52.837 25.608 25.406 
25.838 101614.576 -24.081 78.369 52.837 25.619 25.406 
25.826 101604.808 -23.267 78.460 52.837 25.619 25.406 
25.832 101615.952 -24.197 78.674 52.837 25.630 25.406 
25.832 101622.216 -24.715 78.674 52.815 25.630 25.406 
25.813 101601.296 -22.977 78.506 52.815 25.640 25.406 
25.826 101607.928 -23.526 78.567 52.815 25.640 25.437 
25.820 101603.056 -23.125 78.399 52.784 25.640 25.437 
25.826 101607.928 -23.526 78.567 52.784 25.651 25.437 
25.820 101599.912 -22.860 78.475 52.784 25.651 25.437 
25.820 101599.912 -22.860 78.140 52.753 25.651 25.437 
25.844 101603.808 -23.188 78.414 52.753 25.662 25.437 
25.838 101602.056 -23.040 78.338 52.753 25.662 25.437 
25.826 101601.664 -23.008 78.125 52.753 25.662 25.437 
25.838 101611.440 -23.817 78.186 52.723 25.662 25.437 
25.844 101610.072 -23.706 78.140 52.723 25.673 25.437 
25.844 101610.072 -23.706 78.109 52.723 25.673 25.437 
25.863 101612.184 -23.880 78.186 52.692 25.673 25.437 
25.850 101602.416 -23.072 78.292 52.692 25.673 25.437 
25.856 101610.440 -23.738 78.277 52.662 25.673 25.437 
25.856 101604.168 -23.215 78.521 52.662 25.673 25.437 
25.850 101602.416 -23.072 78.369 52.692 25.673 25.468 
25.856 101601.040 -22.956 78.475 52.692 25.673 25.437 
25.863 101612.184 -23.880 78.536 52.692 25.662 25.437 
25.856 101607.312 -23.479 78.491 52.723 25.651 25.437 
25.875 101615.696 -24.171 78.369 52.723 25.651 25.437 
25.869 101604.544 -23.246 78.430 52.723 25.630 25.437 
25.863 101609.072 -23.621 78.399 52.723 25.630 25.437 
25.875 101615.696 -24.171 78.445 52.723 25.630 25.437 
25.869 101595.152 -22.464 78.414 52.753 25.619 25.437 
25.893 101611.560 -23.828 78.536 52.753 25.619 25.437 
25.863 101602.792 -23.104 78.460 52.753 25.619 25.437 
25.887 101612.944 -23.944 78.506 52.784 25.619 25.437 
25.875 101600.032 -22.871 78.399 52.784 25.619 25.437 
25.875 101603.168 -23.135 78.277 52.815 25.619 25.437 
25.881 101608.056 -23.537 78.338 52.815 25.619 25.437 
25.887 101609.816 -23.685 78.369 52.815 25.630 25.437 
25.869 101598.280 -22.728 78.369 52.815 25.630 25.437 
25.887 101606.672 -23.426 78.323 52.815 25.630 25.437 
25.893 101614.696 -24.092 78.323 52.815 25.630 25.437 
25.899 101616.456 -24.234 78.384 52.815 25.640 25.437 
25.893 101620.968 -24.610 78.384 52.784 25.651 25.437 
25.887 101619.208 -24.467 78.430 52.784 25.651 25.437 
25.881 101611.192 -23.801 78.063 52.753 25.651 25.437 
25.869 101601.424 -22.987 78.094 52.753 25.662 25.468 
25.899 101619.584 -24.499 78.399 52.753 25.662 25.468 
25.875 101606.296 -23.394 78.308 52.723 25.673 25.468 
25.863 101605.928 -23.362 78.430 52.723 25.673 25.468 
25.893 101611.560 -23.828 78.125 52.723 25.673 25.468 
25.887 101612.944 -23.944 78.125 52.723 25.683 25.468 
25.887 101612.944 -23.944 78.292 52.692 25.683 25.468 
25.893 101608.432 -23.569 78.247 52.692 25.683 25.468 
25.887 101609.816 -23.685 78.216 52.692 25.694 25.468 
25.899 101619.584 -24.499 78.231 52.662 25.694 25.468 
25.887 101600.408 -22.903 78.308 52.662 25.705 25.468 
25.875 101603.168 -23.135 78.353 52.662 25.705 25.468 
25.887 101612.944 -23.944 78.308 52.631 25.705 25.500 
25.893 101608.432 -23.569 78.018 52.631 25.716 25.500 
25.899 101610.184 -23.717 78.170 52.631 25.716 25.500 
25.905 101599.408 -22.818 78.384 52.631 25.716 25.500 
25.918 101615.448 -24.155 78.231 52.578 25.716 25.500 
25.912 101613.696 -24.007 78.170 52.547 25.716 25.500 
25.912 101613.696 -24.007 78.170 52.547 25.716 25.500 
25.912 101626.224 -25.048 78.521 52.517 25.716 25.500 
25.918 101627.984 -25.196 78.430 52.486 25.716 25.500 
25.924 101642.264 -26.380 78.262 52.486 25.716 25.500 
25.924 101642.264 -26.380 78.460 52.486 25.726 25.500 
25.924 101626.592 -25.080 78.475 52.456 25.716 25.500 
25.924 101635.992 -25.857 78.506 52.456 25.716 25.500 
25.936 101620.712 -24.589 78.552 52.456 25.705 25.500 
25.936 101598.776 -22.765 78.445 52.456 25.705 25.500 
25.930 101600.152 -22.882 78.201 52.456 25.716 25.500 
25.924 101604.664 -23.257 78.399 52.456 25.716 25.500 
25.930 101603.280 -23.141 78.460 52.486 25.716 25.500 
25.924 101598.400 -22.734 78.292 52.486 25.716 25.500 
25.924 101601.528 -22.998 78.475 52.517 25.726 25.500 
25.942 101609.928 -23.695 78.384 52.517 25.726 25.500 
25.924 101592.128 -22.216 78.475 52.517 25.726 25.531 
25.942 101606.792 -23.431 78.170 52.517 25.737 25.531 
25.936 101598.776 -22.765 78.353 52.517 25.737 25.531 
25.942 101609.928 -23.695 78.308 52.547 25.737 25.531 
25.924 101607.800 -23.516 78.323 52.517 25.737 25.531 
25.930 101600.152 -22.882 78.643 52.517 25.748 25.531 
25.955 101607.168 -23.463 78.582 52.517 25.748 25.531 
25.936 101605.040 -23.289 78.353 52.517 25.748 25.531 
25.948 101611.672 -23.838 78.689 52.486 25.758 25.531 
25.936 101608.168 -23.547 78.613 52.486 25.758 25.531 
25.930 101600.152 -22.882 78.201 52.486 25.758 25.531 
25.936 101605.040 -23.289 78.399 52.486 25.769 25.531 
25.942 101606.792 -23.431 78.567 52.486 25.769 25.531 
25.924 101617.192 -24.298 78.628 52.456 25.780 25.531 
25.930 101618.944 -24.441 78.598 52.456 25.780 25.531 
25.930 101612.688 -23.923 78.628 52.425 25.780 25.531 
25.942 101616.184 -24.213 78.109 52.425 25.780 25.531 
25.912 101619.960 -24.530 78.079 52.425 25.780 25.531 
25.924 101648.536 -26.903 78.399 52.395 25.780 25.531 
25.918 101634.248 -25.714 78.460 52.395 25.780 25.562 
25.918 101640.520 -26.237 78.598 52.372 25.780 25.562 
25.936 101633.240 -25.630 78.323 52.372 25.780 25.562 
25.936 101623.832 -24.847 78.384 52.372 25.791 25.562 
25.924 101607.800 -23.516 78.475 52.372 25.801 25.562 
25.924 101607.800 -23.516 78.186 52.341 25.791 25.562 
25.936 101601.912 -23.030 78.002 52.341 25.801 25.562 
25.936 101608.168 -23.547 78.445 52.341 25.801 25.562 
25.930 101609.552 -23.664 78.430 52.311 25.801 25.562 
25.924 101604.664 -23.257 78.445 52.311 25.812 25.562 
25.942 101594.256 -22.390 77.728 52.311 25.812 25.562 
25.924 101604.664 -23.257 77.926 52.311 25.812 25.562 
25.942 101606.792 -23.431 77.835 52.311 25.823 25.562 
25.936 101608.168 -23.547 77.621 52.280 25.823 25.562 
25.924 101604.664 -23.257 77.194 52.280 25.823 25.562 
25.942 101609.928 -23.695 75.469 52.250 25.823 25.562 
25.936 101608.168 -23.547 71.914 52.250 25.823 25.562 
25.924 101604.664 -23.257 73.547 52.250 25.823 25.562 
25.942 101600.520 -22.913 76.492 52.250 25.833 25.562 
25.936 101605.040 -23.289 76.232 52.219 25.833 25.593 
25.955 101600.888 -22.945 76.049 52.219 25.833 25.593 
25.955 101613.432 -23.986 75.485 52.189 25.833 25.593 
25.942 101603.664 -23.172 72.387 52.189 25.833 25.593 
25.967 101626.344 -25.059 69.747 52.189 25.833 25.593 
25.955 101619.696 -24.504 74.722 52.166 25.833 25.593 
25.973 101618.688 -24.419 73.135 52.166 25.833 25.593 
25.985 101625.328 -24.974 67.260 52.135 25.833 25.593 
25.985 101628.456 -25.233 65.689 52.135 25.833 25.593 
25.991 101623.944 -24.858 63.888 52.135 25.844 25.593 
25.991 101630.208 -25.381 63.476 52.166 25.833 25.593 
26.004 101627.456 -25.149 66.543 52.135 25.833 25.593 
25.985 101619.056 -24.451 66.955 52.135 25.823 25.593 
26.010 101632.336 -25.556 70.205 52.135 25.823 25.593 
26.010 101616.672 -24.256 73.104 52.166 25.812 25.593 
25.998 101631.968 -25.524 73.196 52.189 25.801 25.593 
25.998 101625.704 -25.006 73.165 52.166 25.791 25.593 
25.998 101616.296 -24.224 71.990 52.166 25.780 25.562 
26.016 101618.424 -24.398 69.976 52.135 25.780 25.562 
26.010 101613.544 -23.997 71.380 52.135 25.780 25.562 
26.016 101624.696 -24.921 74.111 52.135 25.780 25.562 
26.016 101621.552 -24.662 73.394 52.189 25.758 25.562 
26.016 101612.152 -23.880 73.989 52.219 25.737 25.562 
26.016 101612.152 -23.880 74.752 52.250 25.737 25.562 
26.016 101618.424 -24.398 74.874 52.280 25.726 25.531 
26.010 101604.136 -23.215 75.073 52.311 25.716 25.531 
26.010 101613.544 -23.997 75.119 52.341 25.716 25.531 
26.016 101599.616 -22.839 74.996 52.372 25.705 25.531 
26.034 101614.280 -24.055 75.256 52.395 25.705 25.531 
26.022 101601.376 -22.982 75.698 52.456 25.705 25.531 
26.041 101600.344 -22.897 75.500 52.486 25.705 25.531 
26.034 101601.744 -23.014 75.592 52.517 25.705 25.531 
26.022 101591.968 -22.200 75.469 52.517 25.705 25.531 
26.047 101598.984 -22.786 75.515 52.547 25.705 25.531 
26.053 101616.400 -24.234 75.607 52.578 25.705 25.562 
26.034 101604.880 -23.273 75.912 52.631 25.716 25.562 
26.047 101608.384 -23.563 75.729 52.631 25.716 25.562 
26.053 101610.136 -23.711 75.515 52.631 25.726 25.562 
26.041 101606.624 -23.421 75.347 52.631 25.726 25.562 
26.053 101600.728 -22.929 75.393 52.578 25.737 25.562 
26.034 101604.880 -23.273 75.683 52.578 25.737 25.562 
26.034 101598.600 -22.755 75.088 52.578 25.748 25.562 
26.053 101616.400 -24.234 75.302 52.547 25.748 25.562 
26.059 101605.608 -23.336 75.180 52.547 25.748 25.593 
26.059 101605.608 -23.336 75.698 52.547 25.758 25.593 
26.077 101610.864 -23.775 75.744 52.517 25.758 25.593 
26.071 101609.120 -23.627 74.951 52.517 25.769 25.593 
26.071 101612.248 -23.886 74.249 52.517 25.758 25.593 
26.065 101607.360 -23.479 74.569 52.547 25.758 25.593 
26.077 101604.592 -23.252 74.844 52.631 25.758 25.593 
26.071 101596.576 -22.586 74.661 52.662 25.758 25.593 
26.047 101583.312 -21.481 74.325 52.723 25.748 25.593 
26.065 101607.360 -23.479 73.135 52.753 25.748 25.593 
26.071 101605.992 -23.368 67.535 52.815 25.737 25.593 
26.083 101618.888 -24.441 72.692 52.868 25.748 25.562 
26.071 101602.848 -23.109 72.784 52.929 25.737 25.562 
26.071 101605.992 -23.368 72.616 52.990 25.726 25.562 
26.083 101600.080 -22.876 72.448 53.043 25.737 25.562 
26.090 101614.368 -24.060 71.868 53.104 25.726 25.562 
26.096 101616.120 -24.208 72.128 53.165 25.726 25.562 
26.090 101611.232 -23.801 66.543 53.188 25.726 25.562 
26.090 101617.504 -24.324 69.503 53.219 25.726 25.562 
26.096 101600.448 -22.908 72.616 53.280 25.716 25.562 
26.090 101611.232 -23.801 72.433 53.310 25.716 25.562 
26.096 101612.992 -23.949 72.433 53.310 25.705 25.562 
26.096 101606.720 -23.426 72.692 53.341 25.716 25.562 
26.096 101609.856 -23.690 72.235 53.394 25.705 25.562 
26.108 101619.616 -24.499 72.601 53.394 25.694 25.562 
26.090 101601.832 -23.024 72.219 53.371 25.694 25.562 
26.096 101603.584 -23.167 73.333 53.394 25.694 25.562 
26.090 101601.832 -23.024 73.776 53.394 25.683 25.562 
26.077 101598.328 -22.728 72.723 53.425 25.683 25.531 
26.090 101608.104 -23.542 72.860 53.425 25.683 25.531 
26.096 101603.584 -23.167 73.822 53.455 25.683 25.531 
26.083 101609.488 -23.658 74.096 53.455 25.683 25.531 
26.090 101614.368 -24.060 73.852 53.425 25.673 25.531 
26.083 101615.752 -24.176 73.196 53.486 25.673 25.531 
26.102 101611.600 -23.833 72.784 53.547 25.662 25.531 
26.083 101600.080 -22.876 73.944 53.577 25.662 25.531 
26.102 101605.336 -23.315 75.607 53.577 25.662 25.531 
26.096 101603.584 -23.167 75.729 53.577 25.651 25.531 
26.090 101601.832 -23.024 75.317 53.608 25.651 25.531 
26.090 101601.832 -23.024 75.088 53.631 25.651 25.531 
26.096 101616.120 -24.208 75.027 53.692 25.651 25.531 
26.090 101608.104 -23.542 75.103 53.692 25.651 25.500 
26.102 101608.472 -23.574 74.783 53.692 25.651 25.500 
26.083 101600.080 -22.876 75.149 53.692 25.651 25.500 
26.090 101595.560 -22.501 75.286 53.753 25.651 25.500 
26.090 101608.104 -23.542 76.004 53.783 25.651 25.500 
26.102 101605.336 -23.315 76.019 53.806 25.651 25.500 
26.102 101608.472 -23.574 76.065 53.806 25.651 25.500 
26.102 101605.336 -23.315 76.538 53.806 25.651 25.500 
26.114 101608.832 -23.606 76.675 53.783 25.651 25.500 
26.108 101607.088 -23.458 77.148 53.753 25.662 25.531 
26.108 101603.944 -23.199 76.873 53.753 25.662 25.531 
26.108 101607.088 -23.458 76.843 53.753 25.662 25.531 
26.126 101612.328 -23.896 76.889 53.783 25.662 25.531 
26.126 101609.200 -23.632 76.950 53.783 25.662 25.531 
26.126 101609.200 -23.632 77.133 53.783 25.662 25.531 
26.139 101603.296 -23.146 77.041 53.783 25.662 25.531 
26.133 101607.824 -23.521 76.965 53.783 25.662 25.531 
26.120 101594.912 -22.448 76.965 53.783 25.673 25.531 
26.120 101598.048 -22.707 77.011 53.806 25.673 25.531 
26.126 101599.792 -22.850 77.117 53.806 25.673 25.531 
26.133 101601.544 -22.998 77.194 53.837 25.662 25.531 
26.133 101604.680 -23.257 77.270 53.867 25.662 25.531 
26.133 101607.824 -23.521 77.346 53.867 25.662 25.531 
26.139 101603.296 -23.146 77.423 53.867 25.673 25.531 
26.133 101604.680 -23.257 77.407 53.867 25.673 25.531 
26.145 101605.056 -23.289 77.514 53.837 25.673 25.531 
26.163 101607.168 -23.463 77.545 53.806 25.673 25.531 
26.157 101614.824 -24.102 77.484 53.837 25.673 25.531 
26.163 101607.168 -23.463 77.621 53.837 25.673 25.531 
26.157 101602.280 -23.061 77.514 53.837 25.673 25.531 
26.151 101603.664 -23.172 77.346 53.837 25.673 25.531 
26.157 101611.680 -23.838 77.331 53.837 25.673 25.531 
26.157 101608.544 -23.579 77.239 53.898 25.673 25.531 
26.145 101611.312 -23.812 77.026 53.928 25.673 25.531 
26.163 101607.168 -23.463 77.194 53.928 25.673 25.531 
26.157 101599.152 -22.797 77.301 53.928 25.673 25.531 
26.157 101608.544 -23.579 77.423 53.928 25.673 25.531 
26.145 101601.912 -23.030 77.453 53.928 25.673 25.531 
26.157 101602.280 -23.061 77.178 53.928 25.673 25.531 
26.157 101605.416 -23.320 77.285 53.928 25.673 25.531 
26.151 101606.800 -23.436 77.255 53.898 25.673 25.531 
26.151 101600.520 -22.913 77.224 53.837 25.673 25.531 
26.175 101607.520 -23.495 77.438 53.806 25.673 25.531 
26.163 101597.760 -22.681 77.545 53.783 25.673 25.531 
26.169 101605.776 -23.347 77.484 53.783 25.673 25.531 
26.157 101602.280 -23.061 77.545 53.753 25.673 25.531 
26.169 101599.504 -22.829 77.651 53.722 25.673 25.531 
26.163 101607.168 -23.463 77.682 53.692 25.683 25.531 
26.163 101594.616 -22.422 77.651 53.631 25.673 25.531 
26.169 101599.504 -22.829 77.377 53.608 25.673 25.531 
26.182 101603.008 -23.119 77.346 53.577 25.673 25.531 
26.169 101612.048 -23.870 77.453 53.577 25.673 25.531 
26.175 101607.520 -23.495 77.560 53.577 25.673 25.531 
26.169 101596.376 -22.570 77.468 53.547 25.683 25.531 
26.188 101598.496 -22.744 77.606 53.547 25.673 25.531 
26.182 101603.008 -23.119 77.301 53.547 25.683 25.531 
26.182 101599.864 -22.860 77.148 53.516 25.683 25.531 
26.182 101603.008 -23.119 77.301 53.516 25.683 25.531 
26.188 101601.616 -23.003 77.438 53.516 25.683 25.531 
26.200 101614.520 -24.076 77.316 53.516 25.683 25.531 
26.194 101603.376 -23.151 76.339 53.516 25.683 25.531 
26.194 101600.232 -22.887 72.586 53.516 25.683 25.531 
26.188 101601.616 -23.003 73.165 53.547 25.683 25.531 
26.182 101596.736 -22.596 76.690 53.547 25.683 25.531 
26.212 101605.496 -23.325 76.324 53.547 25.683 25.531 
26.200 101601.984 -23.035 76.904 53.577 25.673 25.562 
26.200 101598.840 -22.771 76.934 53.608 25.683 25.562 
26.212 101605.496 -23.325 76.339 53.631 25.683 25.562 
26.206 101591.192 -22.136 76.950 53.631 25.683 25.562 
26.212 101602.352 -23.067 77.285 53.631 25.683 25.562 
26.206 101591.192 -22.136 77.423 53.608 25.683 25.562 
26.218 101607.232 -23.468 77.163 53.608 25.694 25.562 
26.206 101606.864 -23.442 77.102 53.577 25.694 25.562 
26.218 101613.504 -23.991 77.224 53.547 25.694 25.562 
26.212 101605.496 -23.325 77.224 53.547 25.694 25.562 
26.218 101604.096 -23.209 76.995 53.547 25.694 25.562 
26.218 101607.232 -23.468 77.087 53.547 25.694 25.562 
26.212 101602.352 -23.067 77.011 53.547 25.683 25.562 
26.218 101610.376 -23.732 76.919 53.547 25.683 25.562 
26.224 101612.128 -23.875 77.209 53.577 25.683 25.562 
26.231 101604.464 -23.241 77.178 53.577 25.683 25.562 
26.218 101604.096 -23.209 77.041 53.608 25.683 25.562 
26.218 101600.968 -22.950 77.011 53.608 25.683 25.562 
26.231 101610.736 -23.759 76.629 53.608 25.683 25.562 
26.218 101607.232 -23.468 76.599 53.608 25.683 25.562 
26.218 101600.968 -22.950 76.522 53.608 25.683 25.562 
26.218 101600.968 -22.950 76.354 53.608 25.683 25.562 
26.231 101610.736 -23.759 76.293 53.631 25.683 25.562 
26.218 101600.968 -22.950 75.988 53.631 25.683 25.562 
26.237 101606.208 -23.384 75.942 53.631 25.683 25.562 
26.243 101607.960 -23.532 75.729 53.631 25.694 25.562 
26.243 101604.832 -23.273 77.041 53.692 25.694 25.562 
26.243 101601.696 -23.008 77.026 53.692 25.694 25.562 
26.249 101612.848 -23.939 77.011 53.722 25.705 25.562 
26.237 101599.936 -22.866 77.484 53.753 25.705 25.593 
26.255 101598.920 -22.781 77.148 53.783 25.716 25.593 
26.255 101598.920 -22.781 77.026 53.783 25.716 25.593 
26.267 101583.600 -21.508 76.904 53.806 25.726 25.593 
26.267 101599.280 -22.808 76.965 53.837 25.737 25.593 
26.267 101599.280 -22.808 76.950 53.837 25.737 25.625 
26.274 101607.296 -23.473 77.285 53.806 25.758 25.625 
26.261 101606.936 -23.447 77.575 53.806 25.758 25.625 
26.267 101621.224 -24.631 77.560 53.783 25.769 25.625 
26.274 101619.840 -24.520 77.667 53.783 25.780 25.656 
26.267 101621.224 -24.631 77.377 53.753 25.780 25.656 
26.280 101618.456 -24.404 77.255 53.753 25.780 25.656 
26.286 101623.336 -24.810 77.072 53.722 25.801 25.656 
26.280 101602.776 -23.098 77.072 53.722 25.812 25.656 
26.292 101599.992 -22.871 77.239 53.661 25.823 25.656 
26.310 101598.976 -22.786 77.026 53.631 25.823 25.687 
26.286 101604.512 -23.246 76.690 53.631 25.833 25.687 
26.304 101606.632 -23.421 77.087 53.600 25.855 25.687 
26.298 101611.168 -23.796 77.178 53.600 25.855 25.687 
26.310 101608.376 -23.563 77.194 53.577 25.866 25.718 
26.304 101600.360 -22.897 77.102 53.577 25.887 25.718 
26.304 101600.360 -22.897 76.995 53.570 25.898 25.718 
26.310 101602.112 -23.045 77.102 53.516 25.909 25.718 
26.298 101595.480 -22.496 77.285 53.539 25.919 25.718 
26.316 101600.720 -22.929 77.255 53.509 25.919 25.750 
26.329 101601.080 -22.961 77.194 53.486 25.930 25.750 
26.323 101593.064 -22.295 76.858 53.486 25.941 25.750 
26.316 101591.312 -22.147 76.980 53.455 25.962 25.750 
26.316 101591.312 -22.147 77.041 53.425 25.962 25.750 
26.323 101602.472 -23.072 77.163 53.425 25.973 25.781 
26.335 101599.688 -22.845 77.117 53.394 25.973 25.781 
26.329 101601.080 -22.961 77.163 53.394 25.984 25.781 
26.335 101596.544 -22.580 77.209 53.394 25.984 25.781 
26.359 101594.144 -22.385 76.995 53.394 25.994 25.781 
26.353 101608.072 -23.542 77.133 53.394 26.005 25.812 
26.353 101592.384 -22.237 77.423 53.364 26.005 25.812 
26.359 101594.144 -22.385 77.697 53.364 26.016 25.812 
26.353 101598.664 -22.760 77.682 53.364 26.027 25.812 
26.359 101594.144 -22.385 77.667 53.364 26.027 25.812 
26.365 101599.016 -22.786 77.484 53.333 26.037 25.843 
26.378 101596.232 -22.554 77.667 53.310 26.048 25.843 
26.372 101600.776 -22.934 77.621 53.310 26.059 25.843 
26.378 101599.368 -22.818 77.590 53.310 26.069 25.843 
26.378 101596.232 -22.554 77.621 53.333 26.069 25.843 
26.384 101597.992 -22.702 77.362 53.303 26.069 25.843 
26.384 101604.256 -23.225 77.377 53.272 26.069 25.875 
26.390 101593.472 -22.327 77.621 53.272 26.069 25.875 
26.390 101596.592 -22.586 77.606 53.242 26.080 25.875 
26.384 101597.992 -22.702 77.560 53.219 26.091 25.875 
26.390 101596.592 -22.586 77.835 53.219 26.102 25.875 
26.402 101603.224 -23.135 77.911 53.219 26.102 25.875 
26.414 101603.576 -23.167 77.850 53.188 26.112 25.906 
26.408 101595.568 -22.501 77.804 53.188 26.123 25.906 
26.408 101595.568 -22.501 77.819 53.158 26.123 25.906 
26.414 101587.896 -21.862 77.896 53.158 26.145 25.906 
26.421 101592.792 -22.269 77.804 53.127 26.145 25.906 
26.421 101592.792 -22.269 77.758 53.127 26.155 25.937 
26.408 101598.712 -22.760 77.835 53.097 26.155 25.937 
26.433 101608.832 -23.606 77.743 53.097 26.166 25.937 
26.427 101594.528 -22.417 77.926 53.097 26.166 25.937 
26.433 101599.424 -22.823 77.697 53.097 26.166 25.937 
26.433 101605.704 -23.341 77.819 53.066 26.177 25.937 
26.439 101610.568 -23.748 77.819 53.066 26.187 25.968 
26.451 101617.208 -24.298 77.926 53.066 26.187 25.968 
26.457 101612.672 -23.923 78.002 53.043 26.198 25.968 
26.457 101612.672 -23.923 77.835 53.043 26.198 25.968 
26.488 101627.680 -25.170 77.926 53.043 26.198 25.968 
26.457 101615.816 -24.182 78.033 53.043 26.220 26.000 
26.469 101616.168 -24.213 77.957 53.013 26.220 26.000 
26.482 101622.800 -24.763 77.774 53.013 26.220 26.000 
26.463 101614.424 -24.065 77.713 52.982 26.230 26.000 
26.488 101615.136 -24.129 77.697 52.982 26.241 26.000 
26.488 101602.584 -23.082 77.819 52.982 26.241 26.000 
26.488 101599.448 -22.823 77.804 52.982 26.252 26.000 
26.482 101597.704 -22.681 77.804 52.982 26.262 26.031 
26.488 101593.176 -22.300 78.002 52.982 26.262 26.031 
26.500 101602.928 -23.114 77.850 52.982 26.262 26.031 
26.500 101602.928 -23.114 77.850 52.975 26.262 26.031 
26.500 101593.520 -22.332 77.957 52.975 26.262 26.031 
26.506 101604.680 -23.257 77.636 52.975 26.262 26.031 
26.500 101593.520 -22.332 77.728 52.952 26.273 26.031 
26.506 101595.264 -22.475 77.743 52.952 26.284 26.062 
26.525 101597.376 -22.649 77.911 52.952 26.284 26.062 
26.525 101603.640 -23.172 77.926 52.952 26.295 26.062 
26.549 101601.216 -22.971 77.651 52.921 26.295 26.062 
26.537 101607.136 -23.463 77.682 52.921 26.295 26.062 
26.537 101600.864 -22.940 77.835 52.921 26.305 26.062 
26.537 101594.584 -22.422 77.758 52.921 26.305 26.062 
26.555 101593.544 -22.332 77.850 52.921 26.305 26.062 
26.549 101601.216 -22.971 77.774 52.952 26.305 26.062 
26.580 101606.800 -23.436 77.682 52.952 26.305 26.062 
26.567 101606.456 -23.405 77.713 52.952 26.316 26.093 
26.567 101603.312 -23.146 77.758 52.952 26.316 26.093 
26.580 101603.664 -23.172 77.728 52.952 26.327 26.093 
26.573 101595.640 -22.506 77.621 52.921 26.327 26.093 
26.586 101595.992 -22.538 77.468 52.921 26.327 26.093 
26.586 101592.856 -22.274 77.743 52.921 26.338 26.093 
26.592 101600.872 -22.940 77.590 52.921 26.338 26.093 
26.586 101592.856 -22.274 77.575 52.921 26.338 26.125 
26.598 101590.072 -22.047 77.819 52.921 26.338 26.125 
26.598 101602.624 -23.088 77.819 52.921 26.338 26.125 
26.610 101599.824 -22.855 77.804 52.952 26.338 26.125 
26.610 101606.112 -23.378 78.018 52.952 26.338 26.125 
26.622 101590.768 -22.105 77.697 52.952 26.338 26.125 
26.622 101597.040 -22.623 77.636 52.975 26.338 26.125 
26.610 101587.272 -21.814 77.713 52.975 26.348 26.125 
26.629 101595.648 -22.506 77.957 53.005 26.348 26.125 
26.641 101599.136 -22.797 77.819 52.975 26.348 26.125 
26.635 101597.400 -22.654 77.835 52.975 26.359 26.125 
26.653 101599.488 -22.829 77.682 52.975 26.359 26.156 
26.653 101605.776 -23.347 77.575 52.975 26.359 26.156 
26.659 101598.096 -22.712 77.529 52.975 26.370 26.156 
26.659 101594.944 -22.448 77.697 52.975 26.380 26.156 
26.671 101610.992 -23.780 77.667 52.952 26.380 26.156 
26.677 101600.184 -22.887 77.713 52.952 26.380 26.156 
26.659 101591.816 -22.189 77.911 52.952 26.391 26.187 
26.677 101597.056 -22.623 77.911 52.952 26.391 26.187 
26.690 101613.088 -23.954 77.026 52.921 26.402 26.187 
26.677 101593.912 -22.364 77.224 52.921 26.413 26.187 
26.684 101595.640 -22.506 77.316 52.952 26.413 26.187 
26.690 101594.248 -22.390 77.362 52.921 26.423 26.187 
26.684 101598.784 -22.771 77.407 52.921 26.423 26.187 
26.696 101608.536 -23.579 77.590 52.921 26.434 26.218 
26.696 101605.416 -23.320 77.423 52.891 26.445 26.218 
26.708 101608.904 -23.611 77.423 52.891 26.456 26.218 
26.708 101605.760 -23.347 77.499 52.891 26.466 26.218 
26.696 101605.416 -23.320 77.667 52.891 26.466 26.250 
26.714 101604.368 -23.230 78.170 52.860 26.488 26.250 
26.708 101602.624 -23.088 78.018 52.860 26.498 26.250 
26.732 101640.984 -26.274 78.903 52.860 26.520 26.250 
26.708 101646.560 -26.739 78.964 52.830 26.520 26.250 
26.720 101628.072 -25.202 78.598 52.799 26.520 26.250 
26.732 101597.040 -22.623 78.140 52.799 26.520 26.250 
26.720 101596.688 -22.596 78.140 52.799 26.520 26.250 
