28.282 101464.376 -11.599 195.465 43.148 27.592 27.750 
28.203 101461.296 -11.340 188.598 42.835 27.657 27.718 
28.105 101462.664 -11.456 166.152 42.782 27.571 27.625 
27.976 101481.024 -12.984 162.689 42.950 27.507 27.562 
27.921 101478.344 -12.756 181.961 42.980 27.539 27.500 
27.890 101479.352 -12.841 153.121 43.018 27.485 27.468 
27.847 101467.296 -11.842 164.077 43.095 27.399 27.375 
27.780 101486.792 -13.459 165.100 43.339 27.292 27.281 
27.571 101466.584 -11.779 103.302 43.720 26.981 27.062 
27.503 101473.200 -12.334 100.433 44.544 26.713 26.906 
27.436 101473.416 -12.349 99.685 44.559 26.767 26.875 
27.393 101470.920 -12.143 91.567 44.735 26.831 26.843 
27.350 101465.224 -11.668 102.111 44.628 26.842 26.843 
27.350 101484.416 -13.264 106.704 44.498 26.820 26.812 
27.313 101474.048 -12.402 117.294 44.628 26.767 26.781 
27.288 101479.920 -12.889 115.417 44.712 26.691 26.718 
27.251 101479.144 -12.825 84.442 44.811 26.638 26.687 
27.202 101474.896 -12.471 77.438 44.910 26.638 26.656 
27.097 101477.464 -12.682 63.919 44.979 26.659 26.625 
27.017 101474.112 -12.408 101.928 45.300 26.434 26.468 
26.968 101479.432 -12.846 102.188 45.696 26.284 26.375 
