31.780 101478.016 -12.730 999.984 51.769 32.333 31.812 
31.667 101434.080 -9.078 999.984 54.577 32.408 31.906 
31.899 101486.544 -13.438 999.984 53.288 32.483 32.000 
31.941 101485.808 -13.380 999.984 55.027 32.161 31.781 
31.840 101476.112 -12.571 999.984 56.316 32.322 31.937 
31.810 101486.328 -13.422 999.984 55.599 32.290 31.781 
31.798 101492.264 -13.914 999.984 56.225 32.097 31.718 
31.774 101491.792 -13.877 999.984 57.064 31.958 31.656 
31.726 101487.752 -13.539 999.984 56.919 32.033 31.656 
31.702 101478.008 -12.730 999.984 56.614 32.118 31.687 
31.726 101472.312 -12.254 999.984 56.583 31.925 31.562 
31.631 101473.496 -12.355 999.984 57.156 31.904 31.593 
31.458 101480.768 -12.962 999.984 57.392 31.872 31.531 
31.237 101443.776 -9.882 999.984 57.667 31.925 31.531 
31.488 101464.408 -11.599 999.984 56.767 32.215 31.781 
31.541 101460.864 -11.303 999.984 56.850 32.354 31.937 
31.738 101435.496 -9.195 999.984 55.714 32.655 32.312 
31.977 101399.992 -6.241 999.984 54.600 33.009 32.625 
32.512 101465.608 -11.699 999.984 54.142 33.341 32.906 
32.226 101386.168 -5.089 999.984 54.264 33.298 32.906 
32.832 101468.176 -11.911 999.984 53.173 33.802 33.281 
32.690 101459.504 -11.192 999.984 53.173 33.652 33.218 
