32.989 101250.936 6.167 999.984 46.322 35.229 34.656 
33.238 101287.800 3.096 999.984 47.176 35.304 34.781 
33.315 101243.480 6.790 999.984 46.154 35.250 34.812 
33.646 101240.392 7.046 999.984 46.803 35.207 34.843 
33.652 101263.032 5.160 999.984 45.513 35.711 35.062 
33.912 101290.840 2.843 999.984 45.696 36.001 35.250 
33.941 101284.112 3.405 999.984 46.864 35.422 35.062 
33.936 101312.456 1.043 999.984 46.780 35.604 35.187 
33.806 101288.064 3.075 999.984 46.680 35.647 35.031 
33.587 101256.808 5.678 999.984 45.895 35.593 34.906 
34.018 101299.592 2.116 999.984 46.795 35.486 35.031 
33.386 101284.352 3.384 999.984 47.955 34.896 34.375 
33.126 101316.128 0.739 999.984 48.641 34.800 34.281 
32.936 101346.728 -1.807 999.984 49.793 34.210 33.625 
32.983 101339.088 -1.173 999.984 49.870 34.081 33.500 
32.722 101346.608 -1.796 999.984 51.991 33.813 33.218 
32.610 101341.832 -1.400 999.984 51.975 33.545 33.031 
32.794 101351.632 -2.219 999.984 51.060 33.448 33.000 
32.716 101347.920 -1.907 999.984 52.380 33.480 33.000 
32.515 101342.048 -1.416 999.984 53.257 33.309 32.812 
32.467 101343.624 -1.548 999.984 53.165 33.298 32.781 
