8d4  29.196 101184.504  11.702 102.279  43.362  28.719  28.906  3446599 ,63562989489531
7cd  26.201 101142.688  15.190 999.984  71.774  27.399  27.093  3452079 ,63562989495012
7ef  30.110 101335.488   0.871 122.543  42.149  29.598  29.812  3457559 ,63562989500492
8d4  28.985 101184.072  11.739 102.203  43.766  28.579  28.687  3463039 ,63562989505972
7cd  27.072 101147.528  14.786 999.984  68.096  28.568  28.031  3468519 ,63562989511451
7ef  29.743 101334.376   0.782 142.074  42.301  29.373  29.500  3473999 ,63562989516932
8d4  28.743 101180.888  12.003 102.279  43.476  28.493  28.500  3479479 ,63562989522412
7cd  27.872 101147.440  14.794 999.984  64.831  29.555  28.937  3484959 ,63562989527892
7ef  29.394 101334.912   0.824 142.105  42.721  29.190  29.187  3490439 ,63562989533372
8d4  28.555 101178.160  12.233 102.249  43.720  28.332  28.343  3495919 ,63562989538852
7cd  28.600 101146.088  14.905 999.984  62.077  30.359  29.687  3501399 ,63562989544332
7ef  29.128 101346.552  -1.791 142.120  43.301  28.869  28.843  3506878 ,63562989549813
8d4  28.373 101177.064  12.323 102.127  44.445  28.032  28.062  3512358 ,63562989555292
7cd  29.131 101146.752  14.849 999.984  60.139  31.024  30.312  3517838 ,63562989560772
7ef  28.929 101333.680   0.723 142.211  43.415  28.719  28.656  3523318 ,63562989566252
8d4  28.233 101179.024  12.159 102.096  44.109  27.936  27.937  3528798 ,63562989571732
54.560  14.199 999.984  58.979  31.368  30.781  3534278 ,63562989577212
7ef  28.723 101337.400  -1.030 142.196  43.774  28.418  28.375  3539758 ,63562989582693
8d4  28.045 101181.960  11.916 102.111  44.697  27.646  27.687  3545238 ,63562989588172
7cd  29.982 101159.216  13.811 999.984  57.514  31.893  31.250  3550718 ,63562989593652
7ef  28.578 101333.464   0.702 142.196  44.857  28.172  28.156  3556198 ,63562989599132
8d4  27.960 101178.584  12.196 102.432  45.437  27.539  27.562  3561678 ,63562989604612
7cd  30.509 101145.088  14.989 999.984  56.194  32.376  31.750  3567158 ,63562989610092
7ef  28.384 101337.328  -1.025 142.242  45.101  28.086  28.031  3572638 ,63562989615572
8d4  27.887 101157.912  13.919 102.386  45.445  27.507  27.500  3578118 ,63562989621053
7cd  30.630 101146.552  14.868 999.984  55.378  32.590  32.031  3583598 ,63562989626533
7ef  28.311 101338.368  -1.115 142.059  45.139  27.968  27.906  3589078 ,63562989632013
8d4  27.844 101175.456  12.458 101.593  45.612  27.378  27.406  3594557 ,63562989637492
7cd  30.811 101148.680  14.691 999.984  54.928  32.869  32.250  3600037 ,63562989642973
7ef  28.232 101340.752  -1.310 142.150  45.376  27.850  27.781  3605517 ,63562989648453
8d4  27.778 101168.320  13.052 102.142  45.795  27.281  27.312  3610997 ,63562989653933
7cd  30.998 101136.288  15.721 999.984  54.050  33.202  32.531  3616477 ,63562989659413
7ef  28.178 101337.688  -1.056 142.135  45.925  27.721  27.687  3621957 ,63562989664892
8d4  27.723 101173.496  12.622 102.142  46.131  27.249  27.250  3627437 ,63562989670372
7cd  31.185 101149.584  14.614 999.984  53.303  33.459  32.750  3632917 ,63562989675852
7ef  28.068 101334.584   0.797 142.059  46.101  27.646  27.625  3638397 ,63562989681333
8d4  27.570 101174.720  12.519 101.959  46.307  27.067  27.093  3643877 ,63562989686812
7cd  31.342 101141.520  15.285 999.984  52.753  33.641  32.968  3649357 ,63562989692293
7ef  27.959 101331.464   0.539 142.089  45.856  27.700  27.593  3654837 ,63562989697773
8d4  27.491 101172.968  12.664 102.264  46.169  27.121  27.062  3660317 ,63562989703253
7cd  31.474 101149.312  14.638 999.984  52.181  33.824  33.187  3665797 ,63562989708733
7ef  27.837 101337.136  -1.009 142.044  45.864  27.614  27.500  3671277 ,63562989714213
8d4  27.418 101169.944  12.918 102.035  46.093  27.196  27.062  3676756 ,63562989719692
7cd  31.480 101150.984  14.498 999.984  52.212  33.781  33.187  3682236 ,63562989725173
7ef  27.795 101340.480  -1.289 142.166  46.062  27.582  27.437  3687716 ,63562989730653
8d4  27.381 101180.280  12.054 102.233  46.169  27.056  27.000  3693196 ,63562989736133
7cd  31.631 101150.824  14.511 999.984  52.006  33.909  33.281  3698676 ,63562989741613
7ef  27.752 101340.760  -1.310 142.074  46.177  27.356  27.343  3704156 ,63562989747093
8d4  27.320 101174.800  12.511 102.233  46.169  27.013  26.937  3709636 ,63562989752573
7cd  31.829 101147.816  14.762 999.984  51.907  34.017  33.343  3715116 ,63562989758053
7ef  27.716 101342.768  -1.479 142.135  46.047  27.356  27.281  3720596 ,63562989763533
8d4  27.278 101174.496  12.537 102.249  45.933  27.056  26.937  3726076 ,63562989769013
7cd  32.063 101151.464  14.458 999.984  50.930  34.424  33.656  3731556 ,63562989774493
7ef  27.606 101336.464   0.956 142.211  46.246  27.356  27.218  3737036 ,63562989779973
8d4  27.143 101165.952  13.251 102.233  46.001  27.110  26.937  3742536 ,63562989785473
7cd  32.069 101149.896  14.587 999.984  50.617  34.446  33.750  3748016 ,63562989790954
7ef  27.533 101328.168   0.264 142.028  46.421  27.292  27.156  3753496 ,63562989796433
8d4  27.107 101179.200  12.146 101.913  46.139  27.024  26.875  3758975 ,63562989801913
7cd  32.075 101145.096  14.989 999.984  50.579  34.478  33.812  3764455 ,63562989807393
7ef  27.375 101332.592   0.634 139.724  46.757  27.142  27.000  3769935 ,63562989812873
8d4  26.954 101183.112  11.818 102.340  46.650  26.852  26.718  3775415 ,63562989818354
7cd  32.219 101152.744  14.350 999.984  50.404  34.660  33.937  3780895 ,63562989823834
7ef  27.240 101343.824  -1.564 142.089  47.436  27.035  26.906  3786375 ,63562989829313
8d4  26.887 101178.784  12.180 102.310  47.123  26.799  26.656  3791855 ,63562989834793
7cd  32.177 101157.256  13.974 999.984  50.266  34.650  34.000  3797335 ,63562989840274
7ef  27.210 101335.240   0.850 142.181  47.504  27.013  26.843  3802815 ,63562989845753
8d4  26.844 101181.392  11.964 102.096  47.489  26.659  26.562  3808295 ,63562989851233
7cd  32.171 101149.120  14.654 999.984  50.297  34.639  33.968  3813775 ,63562989856714
7ef  27.143 101340.816  -1.315 142.379  47.398  26.981  26.781  3819255 ,63562989862194
8d4  26.795 101182.264  11.890 102.401  47.321  26.649  26.500  3824735 ,63562989867673
