8d4  28.585 101332.088   0.591 208.084  40.051  28.525  28.375  68999 ,63562986111875
7cd  27.189 101461.840 -11.388 999.984  65.441  27.861  27.531  69019 ,63562986111895
7ef  28.983 101490.136 -13.739 228.332  40.485  28.815  28.687  70939 ,63562986113816
8d4  28.573 101340.520  -1.294 205.078  40.180  28.515  28.343  74479 ,63562986117356
7cd  27.380 101461.056 -11.319 999.984  63.374  27.957  27.500  74499 ,63562986117376
7ef  28.977 101488.440 -13.597 217.147  40.653  28.719  28.593  76419 ,63562986119300
8d4  28.549 101342.560  -1.463 204.864  40.249  28.472  28.312  79959 ,63562986122835
7cd  27.559 101459.920 -11.224 999.984  66.982  28.129  27.687  79979 ,63562986122855
7ef  28.959 101489.488 -13.686 217.178  40.768  28.611  28.562  81899 ,63562986124775
8d4  28.519 101330.992   0.496 208.053  40.318  28.418  28.250  85439 ,63562986128315
7cd  27.681 101439.992  -9.570 999.984  67.410  28.268  27.781  85459 ,63562986128336
7ef  28.935 101482.704 -13.121 227.813  40.974  28.515  28.500  87379 ,63562986130255
8d4  28.482 101326.624   0.137 205.215  40.386  28.386  28.250  90919 ,63562986133799
7cd  27.859 101461.136 -11.324 999.984  66.776  28.440  27.968  90939 ,63562986133818
7ef  28.917 101486.824 -13.465 217.651  41.142  28.515  28.468  92859 ,63562986135736
8d4  28.440 101332.376   0.613 204.803  40.554  28.397  28.218  96399 ,63562986139275
7cd  27.976 101442.568  -9.781 999.984  65.189  28.643  28.156  96419 ,63562986139295
7ef  28.887 101478.336 -12.756 216.720  41.317  28.493  28.437  98339 ,63562986141215
8d4  28.403 101322.064   0.243 205.047  40.600  28.365  28.187  101879 ,63562986144756
7cd  28.135 101435.992  -9.237 999.984  62.649  28.890  28.468  101899 ,63562986144776
7ef  28.875 101484.160 -13.243 216.491  41.416  28.461  28.406  103819 ,63562986146696
8d4  28.373 101331.256   0.523 205.184  40.661  28.365  28.156  107359 ,63562986150241
7cd  28.276 101446.624 -10.119 999.984  63.099  29.094  28.593  107379 ,63562986150255
7ef  28.869 101488.592 -13.612 216.735  41.386  28.386  28.343  109299 ,63562986152183
8d4  28.361 101330.784   0.480 203.765  40.730  28.354  28.125  112859 ,63562986155736
7cd  28.466 101461.320 -11.340 999.984  63.694  29.233  28.687  112870 ,63562986155752
7ef  28.844 101497.144 -14.321 216.430  41.393  28.311  28.312  114779 ,63562986157656
8d4  28.337 101332.792   0.649 205.459  40.661  28.279  28.093  118359 ,63562986161235
7cd  28.649 101438.912  -9.480 999.984  62.992  29.577  29.218  120259 ,63562986163136
7ef  28.808 101490.032 -13.729 216.812  41.668  28.150  28.218  123839 ,63562986166716
8d4  28.318 101333.568   0.713 205.581  40.676  28.161  28.031  125739 ,63562986168616
7cd  28.912 101448.248 -10.257 999.984  63.229  29.780  29.218  129319 ,63562986172196
7ef  28.772 101479.832 -12.883 216.918  41.943  28.043  28.125  131219 ,63562986174101
8d4  28.276 101327.432   0.200 205.810  40.958  27.957  27.937  134799 ,63562986177676
7cd  29.137 101447.168 -10.167 999.984  62.458  29.834  29.281  136699 ,63562986179576
7ef  28.735 101488.056 -13.565 217.041  42.225  27.861  28.000  140278 ,63562986183156
8d4  28.252 101332.400   0.618 206.039  41.325  27.893  27.875  142178 ,63562986185055
7cd  29.344 101453.720 -10.711 999.984  62.519  30.027  29.562  145758 ,63562986188636
7ef  28.693 101485.376 -13.343 217.269  42.568  27.764  27.937  147658 ,63562986190536
8d4  28.227 101328.480   0.290 206.176  41.508  27.828  27.843  151238 ,63562986194116
7cd  29.502 101446.536 -10.114 999.984  60.795  30.349  29.906  153138 ,63562986196018
7ef  28.651 101479.616 -12.862 216.918  42.706  27.732  27.906  156718 ,63562986199596
8d4  28.203 101324.560   0.036 205.795  41.607  27.775  27.781  158618 ,63562986201500
7cd  29.685 101449.312 -10.347 999.984  57.369  30.671  30.156  162198 ,63562986205076
7ef  28.626 101488.160 -13.576 217.010  42.706  27.646  27.843  164098 ,63562986206976
8d4  28.179 101329.528   0.375 205.398  41.874  27.753  27.750  167678 ,63562986210556
7cd  29.861 101440.632  -9.623 999.984  57.812  30.842  30.250  169578 ,63562986212456
7ef  28.566 101483.424 -13.179 217.529  42.950  27.550  27.750  173158 ,63562986216036
8d4  28.167 101331.992   0.581 206.054  41.943  27.764  27.750  175058 ,63562986217936
7cd  30.146 101446.272 -10.093 999.984  58.079  31.110  30.656  178638 ,63562986221516
7ef  28.542 101482.760 -13.126 217.941  43.186  27.550  27.718  180538 ,63562986223416
8d4  28.148 101338.696  -1.141 205.734  41.904  27.732  27.718  184118 ,63562986226996
7ef  28.493 101481.408 -13.015 217.483  43.217  27.485  27.687  189598 ,63562986232476
8d4  28.106 101335.512   0.877 205.612  41.904  27.721  27.687  195078 ,63562986237956
7cd  30.485 101434.704  -9.131 999.984  58.140  31.507  31.000  200558 ,63562986243436
7ef  28.433 101491.984 -13.893 217.514  43.468  27.399  27.593  206038 ,63562986248916
8d4  28.069 101339.976  -1.247 204.910  42.049  27.614  27.625  211518 ,63562986254399
7cd  30.835 101448.744 -10.299 999.984  56.881  32.022  31.500  216998 ,63562986259880
7ef  28.366 101497.784 -14.373 217.391  43.644  27.281  27.500  222477 ,63562986265356
8d4  28.015 101333.360   0.697 205.307  42.324  27.667  27.625  227957 ,63562986270836
7cd  31.149 101442.744  -9.797 999.984  55.866  32.118  31.500  233437 ,63562986276316
7ef  28.281 101489.248 -13.665 217.208  44.010  27.185  27.406  238917 ,63562986281796
