idx: 2 backoff: 2 ,63562985381758
7ef  27.131 101520.840 -16.292 999.984  70.484  27.721  27.156  760811 ,63562985387242
7cd  30.763 101509.104 -15.314 323.638  35.198  30.542  30.562  766291 ,63562985392721
idx: 2 backoff: 3 ,63562985404737
7ef  27.923 101523.376 -16.503 999.984  66.914  28.418  27.875  783791 ,63562985410221
7cd  30.527 101527.064 -16.810 323.944  35.343  30.274  30.343  789291 ,63562985415723
idx: 2 backoff: 4 ,63562985427740
7ef  28.517 101531.152 -17.148 999.984  63.625  29.030  28.500  806791 ,63562985433223
7cd  30.218 101505.224 -14.992 298.553  35.709  29.930  30.062  812270 ,63562985438711
idx: 2 backoff: 5 ,63562985450718
idx: 0 backoff: 2 ,63562985462737
7cd  29.758 101508.280 -15.245 321.411  36.533  29.523  29.656  841790 ,63562985468222
idx: 2 backoff: 6 ,63562985480253
idx: 0 backoff: 3 ,63562985492257
7cd  29.636 101516.096 -15.895 322.113  36.816  29.223  29.375  871310 ,63562985497742
8d4  29.836 101394.992  -5.823 999.984  61.909  30.306  29.781  876790 ,63562985503222
7ef  30.231 101529.144 -16.984 999.984  61.840  30.649  30.156  882270 ,63562985508702
7cd  29.587 101515.352 -15.837 322.875  37.098  29.126  29.281  887750 ,63562985514182
8d4  30.094 101399.712  -6.219 999.984  61.520  30.585  30.062  893230 ,63562985519662
7ef  30.579 101527.984 -16.884 999.984  60.772  30.960  30.468  898709 ,63562985525142
7cd  29.539 101508.176 -15.240 322.814  36.999  29.019  29.187  904189 ,63562985530625
8d4  30.359 101400.008  -6.241 999.984  60.246  30.831  30.312  909669 ,63562985536102
7ef  30.794 101520.504 -16.265 999.984  59.185  31.142  30.687  915149 ,63562985541590
7cd  29.442 101513.096 -15.647 323.074  37.617  28.890  29.062  920629 ,63562985547069
8d4  30.527 101405.768  -6.721 999.984  59.261  31.003  30.500  926109 ,63562985552548
idx: 0 backoff: 4 ,63562985564583
7cd  29.320 101517.592 -16.022 322.113  37.579  28.890  29.000  943629 ,63562985570071
8d4  30.802 101400.200  -6.256 999.984  58.933  31.142  30.718  949109 ,63562985575547
7ef  31.416 101533.912 -17.380 999.984  57.659  31.711  31.312  954589 ,63562985581026
7cd  29.271 101516.816 -15.959 323.181  36.556  28.751  28.875  960069 ,63562985586502
8d4  30.970 101402.816  -6.473 999.984  57.079  31.357  30.906  965549 ,63562985591985
idx: 0 backoff: 5 ,63562985603998
7cd  29.070 101527.968 -16.884 323.745  38.113  28.601  28.718  983048 ,63562985609484
8d4  31.132 101397.696  -6.050 999.984  55.340  31.593  31.125  988528 ,63562985614967
idx: 0 backoff: 6 ,63562985626977
7cd  29.009 101517.328 -16.001 323.959  37.945  28.568  28.656  1006028 ,63562985632484
8d4  31.269 101391.736  -5.554 999.984  57.438  31.679  31.250  1011508 ,63562985637958
idx: 0 backoff: 7 ,63562985649959
7cd  29.009 101517.328 -16.001 323.913  37.914  28.568  28.625  1029008 ,63562985655443
8d4  31.520 101387.840  -5.231 999.984  57.888  31.786  31.406  1034488 ,63562985660937
idx: 0 backoff: 8 ,63562985672942
7cd  28.960 101526.136 -16.730 323.944  37.846  28.558  28.593  1051988 ,63562985678423
8d4  31.592 101393.112  -5.670 999.984  53.394  32.022  31.593  1057468 ,63562985683907
idx: 0 backoff: 9 ,63562985695919
7cd  28.924 101515.872 -15.880 303.466  37.518  28.450  28.500  1074967 ,63562985701411
idx: 2 backoff: 7 ,63562985713418
idx: 0 backoff: 10 ,63562985725439
7cd  28.771 101524.496 -16.593 309.753  37.869  28.268  28.343  1104487 ,63562985730924
8d4  31.800 101392.184  -5.591 999.984  51.594  32.140  31.750  1109967 ,63562985736403
7cd  28.753 101525.784 -16.704 305.938  37.800  28.204  28.312  1115447 ,63562985741883
8d4  31.806 101402.824  -6.478 999.984  53.844  32.258  31.843  1120927 ,63562985747371
7cd  28.747 101524.056 -16.561 312.377  37.838  28.214  28.312  1126407 ,63562985752856
8d4  31.860 101394.048  -5.744 999.984  53.417  32.322  31.906  1131887 ,63562985758323
7cd  28.741 101522.360 -16.419 313.003  37.838  28.225  28.312  1137367 ,63562985763804
8d4  31.926 101394.576  -5.791 999.984  52.853  32.408  31.968  1142847 ,63562985769297
7cd  28.729 101522.144 -16.397 314.910  37.869  28.214  28.281  1148326 ,63562985774766
8d4  31.967 101397.352  -6.024 999.984  53.631  32.462  32.031  1153806 ,63562985780244
7cd  28.710 101520.208 -16.239 319.320  37.968  28.193  28.281  1159286 ,63562985785738
8d4  31.932 101408.200  -6.922 999.984  53.448  32.462  32.031  1164766 ,63562985791236
7cd  28.716 101521.928 -16.382 318.008  37.869  28.161  28.250  1170246 ,63562985796684
8d4  31.872 101397.392  -6.024 999.984  51.846  32.494  32.000  1175726 ,63562985802163
7cd  28.716 101528.336 -16.915 307.678  38.006  28.172  28.250  1181206 ,63562985807653
8d4  31.932 101411.184  -7.171 999.984  53.120  32.580  32.093  1186686 ,63562985813126
7cd  28.692 101518.288 -16.080 314.376  38.036  28.172  28.250  1192166 ,63562985818603
8d4  31.943 101399.616  -6.209 999.984  52.609  32.622  32.156  1197646 ,63562985824083
7cd  28.655 101520.832 -16.292 313.293  37.617  28.118  28.218  1203126 ,63562985829563
8d4  32.027 101405.168  -6.674 999.984  45.017  32.644  32.156  1208606 ,63562985835043
7cd  28.637 101525.336 -16.667 312.622  37.678  28.054  28.187  1214086 ,63562985840524
8d4  32.104 101397.064  -5.997 999.984  49.229  32.665  32.218  1219566 ,63562985846003
