7ef  31.780 101478.016 -12.730 999.984  51.769  32.333  31.812  508494 ,63562986551378
8d4  32.989 101250.936   6.167 999.984  46.322  35.229  34.656  513974 ,63562986556857
7cd  28.282 101464.376 -11.599 195.465  43.148  27.592  27.750  519454 ,63562986562337
7ef  31.667 101434.080  -9.078 999.984  54.577  32.408  31.906  524934 ,63562986567817
8d4  33.238 101287.800   3.096 999.984  47.176  35.304  34.781  530414 ,63562986573298
7cd  28.203 101461.296 -11.340 188.598  42.835  27.657  27.718  535894 ,63562986578777
7ef  31.899 101486.544 -13.438 999.984  53.288  32.483  32.000  541374 ,63562986584258
8d4  33.315 101243.480   6.790 999.984  46.154  35.250  34.812  546854 ,63562986589738
7cd  28.105 101462.664 -11.456 166.152  42.782  27.571  27.625  552334 ,63562986595218
7ef  31.941 101485.808 -13.380 999.984  55.027  32.161  31.781  557814 ,63562986600698
8d4  33.646 101240.392   7.046 999.984  46.803  35.207  34.843  563293 ,63562986606178
7cd  27.976 101481.024 -12.984 162.689  42.950  27.507  27.562  568773 ,63562986611657
7ef  31.988 101492.904 -13.972 999.984  55.660  8d4  33.930 101286.816   3.178 999.984  46.612  35.604  35.156  579733 ,63562986622618
7cd  27.921 101478.344 -12.756 181.961  42.980  27.539  27.500  585213 ,63562986628098
7ef  31.840 101476.112 -12.571 999.984  56.316  32.322  31.937  590693 ,63562986633577
8d4  33.652 101263.032   5.160 999.984  45.513  35.711  35.062  596173 ,63562986639058
7cd  27.890 101479.352 -12.841 153.121  43.018  27.485  27.468  601653 ,63562986644538
7ef  31.810 101486.328 -13.422 999.984  55.599  32.290  31.781  607133 ,63562986650018
8d4  33.912 101290.840   2.843 999.984  45.696  36.001  35.250  612613 ,63562986655498
7cd  27.847 101467.296 -11.842 164.077  43.095  27.399  27.375  618093 ,63562986660978
7ef  31.798 101492.264 -13.914 999.984  56.225  32.097  31.718  623573 ,63562986666458
8d4  33.941 101284.112   3.405 999.984  46.864  35.422  35.062  629053 ,63562986671938
7cd  27.780 101486.792 -13.459 165.100  43.339  27.292  27.281  634533 ,63562986677418
7ef  31.774 101491.792 -13.877 999.984  57.064  31.958  31.656  640013 ,63562986682897
8d4  33.936 101312.456   1.043 999.984  46.780  35.604  35.187  645492 ,63562986688377
7cd  27.571 101466.584 -11.779 103.302  43.720  26.981  27.062  650972 ,63562986693858
7ef  31.726 101487.752 -13.539 999.984  56.919  32.033  31.656  656452 ,63562986699338
8d4  33.806 101288.064   3.075 999.984  46.680  35.647  35.031  661932 ,63562986704818
7cd  27.503 101473.200 -12.334 100.433  44.544  26.713  26.906  667412 ,63562986710299
7ef  31.702 101478.008 -12.730 999.984  56.614  32.118  31.687  672892 ,63562986715778
8d4  33.587 101256.808   5.678 999.984  45.895  35.593  34.906  678372 ,63562986721258
7cd  27.436 101473.416 -12.349  99.685  44.559  26.767  26.875  683852 ,63562986726781
7ef  31.726 101472.312 -12.254 999.984  56.583  31.925  31.562  689332 ,63562986732218
8d4  34.018 101299.592   2.116 999.984  46.795  35.486  35.031  694812 ,63562986737699
7cd  27.393 101470.920 -12.143  91.567  44.735  26.831  26.843  700292 ,63562986743183
7ef  31.631 101473.496 -12.355 999.984  57.156  31.904  31.593  705772 ,63562986748660
8d4  33.386 101284.352   3.384 999.984  47.955  34.896  34.375  711252 ,63562986754139
7cd  27.350 101465.224 -11.668 102.111  44.628  26.842  26.843  716732 ,63562986759619
7ef  31.458 101480.768 -12.962 999.984  57.392  31.872  31.531  722212 ,63562986765098
8d4  33.126 101316.128   0.739 999.984  48.641  34.800  34.281  727711 ,63562986770599
7cd  27.350 101484.416 -13.264 106.704  44.498  26.820  26.812  733191 ,63562986776078
7ef  31.237 101443.776  -9.882 999.984  57.667  31.925  31.531  738671 ,63562986781558
8d4  32.936 101346.728  -1.807 999.984  49.793  34.210  33.625  744151 ,63562986787039
7cd  27.313 101474.048 -12.402 117.294  44.628  26.767  26.781  749631 ,63562986792520
7ef  31.488 101464.408 -11.599 999.984  56.767  32.215  31.781  755111 ,63562986797998
8d4  32.983 101339.088  -1.173 999.984  49.870  34.081  33.500  760591 ,63562986803478
7cd  27.288 101479.920 -12.889 115.417  44.712  26.691  26.718  766071 ,63562986808959
7ef  31.541 101460.864 -11.303 999.984  56.850  32.354  31.937  771551 ,63562986814439
8d4  32.722 101346.608  -1.796 999.984  51.991  33.813  33.218  777031 ,63562986819918
7cd  27.251 101479.144 -12.825  84.442  44.811  26.638  26.687  782511 ,63562986825399
7ef  31.738 101435.496  -9.195 999.984  55.714  32.655  32.312  787991 ,63562986830879
8d4  32.610 101341.832  -1.400 999.984  51.975  33.545  33.031  793471 ,63562986836359
7cd  27.202 101474.896 -12.471  77.438  44.910  26.638  26.656  798951 ,63562986841839
7ef  31.977 101399.992  -6.241 999.984  54.600  33.009  32.625  804431 ,63562986847319
8d4  32.794 101351.632  -2.219 999.984  51.060  33.448  33.000  809911 ,63562986852799
7cd  27.097 101477.464 -12.682  63.919  44.979  26.659  26.625  815390 ,63562986858279
7ef  32.512 101465.608 -11.699 999.984  54.142  33.341  32.906  820870 ,63562986863759
8d4  32.716 101347.920  -1.907 999.984  52.380  33.480  33.000  826350 ,63562986869238
7cd  27.017 101474.112 -12.408 101.928  45.300  26.434  26.468  831830 ,63562986874720
7ef  32.226 101386.168  -5.089 999.984  54.264  33.298  32.906  837310 ,63562986880199
8d4  32.515 101342.048  -1.416 999.984  53.257  33.309  32.812  842790 ,63562986885679
0.656 -12.117 116.760  45.467  26.423  26.437  848270 ,63562986891158
7ef  32.832 101468.176 -11.911 999.984  53.173  33.802  33.281  853750 ,63562986896640
8d4  32.467 101343.624  -1.548 999.984  53.165  33.298  32.781  859230 ,63562986902119
7cd  26.968 101479.432 -12.846 102.188  45.696  26.284  26.375  864710 ,63562986907598
7ef  32.690 101459.504 -11.192 999.984  53.173  33.652  33.218  870190 ,63562986913079
