7ef  25.215 101383.560  -4.872 999.984  81.081  25.329  24.875  2832806 ,63562988875729
8d4  25.264 101251.088   6.156 999.984  79.334  25.662  25.093  2838286 ,63562988881209
7cd  30.388 101372.248  -3.931 180.557  37.937  29.973  30.093  2843766 ,63562988886689
7ef  25.819 101386.376  -5.110 999.984  77.908  26.037  25.468  2849246 ,63562988892169
8d4  25.733 101240.248   7.057 999.984  73.559  26.348  25.718  2854726 ,63562988897649
7cd  30.212 101377.976  -4.407 167.724  38.166  29.727  29.843  2860206 ,63562988903129
7ef  26.366 101369.600  -3.715 999.984  73.597  26.724  26.062  2865686 ,63562988908609
8d4  26.292 101254.968   5.831 999.984  73.360  27.024  26.281  2871166 ,63562988914089
7cd  29.988 101366.840  -3.482 179.428  38.555  29.426  29.500  2876646 ,63562988919569
7ef  26.911 101336.672   0.972 999.984  73.490  27.507  26.812  2882126 ,63562988925049
8d4  27.021 101255.448   5.791 999.984  71.964  27.678  27.000  2887606 ,63562988930529
7cd  29.782 101373.552  -4.042 180.786  39.082  29.169  29.250  2893086 ,63562988936009
7ef  27.551 101327.184   0.179 999.984  71.239  28.300  27.718  2898566 ,63562988941489
8d4  27.522 101258.568   5.532 999.984  70.049  28.214  27.500  2904046 ,63562988946969
7cd  29.581 101372.184  -3.926 181.533  39.631  28.901  29.000  2909526 ,63562988952450
7ef  28.420 101381.256  -4.682 999.984  68.172  29.126  28.406  2915006 ,63562988957930
8d4  27.905 101254.896   5.836 999.984  68.584  28.568  27.875  2920485 ,63562988963412
7cd  29.362 101365.640  -3.382 181.625  40.195  28.622  28.718  2925965 ,63562988968889
7ef  28.675 101244.040   6.743 999.984  65.197  29.963  29.312  2931465 ,63562988974390
8d4  28.276 101250.352   6.217 999.984  67.188  28.922  28.281  2936945 ,63562988979870
7cd  29.149 101376.704  -4.301 181.640  40.577  28.461  28.531  2942425 ,63562988985349
7ef  29.328 101353.216  -2.346 999.984  64.007  30.156  29.468  2947905 ,63562988990829
8d4  28.634 101250.888   6.172 999.984  66.372  29.212  28.625  2953385 ,63562988996310
7cd  28.954 101376.712  -4.301 181.915  40.958  28.257  28.312  2958865 ,63562989001790
7ef  29.557 101325.168   0.015 999.984  63.686  30.467  30.031  2964345 ,63562989007269
8d4  28.943 101255.216   5.810 999.984  65.609  29.512  28.968  2969825 ,63562989012749
7cd  28.747 101376.424  -4.280 181.976  41.439  28.054  28.093  2975305 ,63562989018230
7ef  30.032 101369.024  -3.667 999.984  62.733  30.778  30.312  2980785 ,63562989023709
8d4  29.154 101255.704   5.770 999.984  64.961  29.737  29.187  2986265 ,63562989029190
7cd  28.539 101369.608  -3.715 182.006  41.622  27.861  27.906  2991745 ,63562989034670
7ef  30.122 101344.992  -1.664 999.984  61.695  31.089  30.531  2997225 ,63562989040150
8d4  29.335 101256.464   5.707 999.984  64.190  29.920  29.375  3002704 ,63562989045630
7cd  28.325 101373.792  -4.058 180.740  42.263  27.625  27.687  3008184 ,63562989051109
7ef  30.116 101217.160   8.983 999.984  59.963  31.754  31.156  3013664 ,63562989056590
8d4  29.516 101254.144   5.900 999.984  63.541  30.134  29.593  3019144 ,63562989062070
7cd  28.123 101362.040  -3.080 181.320  42.881  27.603  27.562  3024624 ,63562989067550
7ef  30.716 101206.032   9.908 999.984  58.018  32.547  31.906  3030104 ,63562989073032
8d4  29.745 101256.448   5.709 999.984  58.811  30.306  29.812  3035584 ,63562989078510
7cd  27.988 101369.112  -3.672 179.534  42.690  27.453  27.437  3041064 ,63562989083990
7ef  31.093 101203.280  10.138 999.984  56.370  33.073  32.437  3046544 ,63562989089473
8d4  29.848 101246.704   6.521 999.984  62.328  30.499  30.031  3052024 ,63562989094949
7cd  27.859 101365.040  -3.334 181.365  42.896  27.399  27.312  3057504 ,63562989100430
7ef  32.012 101375.960  -4.243 999.984  55.073  33.320  32.593  3062984 ,63562989105911
8d4  29.980 101245.416   6.629 999.984  61.642  30.628  30.125  3068464 ,63562989111390
7cd  27.731 101367.320  -3.524 181.747  43.072  27.249  27.218  3073944 ,63562989116870
7ef  31.845 101277.008   3.995 999.984  55.012  33.245  32.718  3079424 ,63562989122350
8d4  30.124 101250.464   7cd  27.565 101368.816  -3.646 182.373  43.240  27.163  27.093  3090383 ,63562989133311
7ef  31.923 101230.616   7.860 999.984  55.462  33.427  32.968  3095863 ,63562989138790
8d4  30.215 101228.312   8.053 999.984  57.049  30.778  30.375  3101343 ,63562989144270
7cd  27.460 101368.288  -3.604 172.058  43.514  27.013  26.968  3106823 ,63562989149750
7ef  32.256 101233.704   7.604 999.984  53.951  33.931  33.406  3112303 ,63562989155231
8d4  30.455 101254.400   5.879 999.984  60.871  30.917  30.500  3117783 ,63562989160711
7cd  27.343 101367.496  -3.535 181.030  43.797  26.885  26.843  3123263 ,63562989166191
7ef  32.909 101387.472  -5.199 999.984  53.165  33.974  33.406  3128743 ,63562989171670
8d4  30.545 101250.008   6.246 999.984  59.292  31.003  30.593  3134223 ,63562989177150
7cd  27.263 101370.624  -3.799 179.916  44.277  26.670  26.687  3139703 ,63562989182630
7ef  31.917 101198.072  10.571 999.984  54.653  33.491  33.031  3145183 ,63562989188110
8d4  30.569 101250.816   6.177 999.984  53.738  31.046  30.687  3150663 ,63562989193591
7cd  27.177 101378.408  -4.444 180.908  44.727  26.402  26.531  3156143 ,63562989199070
7ef  31.977 101282.592   3.530 999.984  54.653  33.427  33.031  3161623 ,63562989204551
8d4  30.473 101229.688   7.937 999.984  58.964  31.185  30.781  3167103 ,63562989210031
7cd  27.079 101382.712  -4.803 171.798  45.376  26.166  26.375  3172582 ,63562989215510
7ef  32.215 101321.040   0.330 999.984  54.562  33.502  33.062  3178062 ,63562989220990
8d4  30.629 101258.800   5.514 999.984  59.620  31.228  30.812  3183542 ,63562989226470
7cd  26.968 101377.120  -4.338 179.824  45.887  25.994  26.218  3189022 ,63562989231950
7ef  31.780 101215.520   9.118 999.984  54.836  33.480  33.031  3194502 ,63562989237430
8d4  30.695 101250.584   6.196 999.984  59.528  31.378  30.906  3199982 ,63562989242911
7cd  26.857 101371.496  -3.868 180.480  46.055  26.059  26.218  3205462 ,63562989248391
7ef  32.215 101274.672   4.190 999.984  54.134  33.727  33.156  3210942 ,63562989253871
8d4  30.701 101222.472   8.539 999.984  58.636  31.593  31.125  3216422 ,63562989259351
7cd  26.795 101366.936  -3.493 180.633  46.062  25.887  26.093  3221902 ,63562989264830
7ef  32.262 101253.896   5.921 999.984  53.646  33.974  33.468  3227382 ,63562989270312
8d4  30.964 101255.040   5.826 999.984  57.674  31.786  31.250  3232862 ,63562989275790
7cd  26.739 101370.496  -3.789 182.449  46.505  25.737  26.000  3238342 ,63562989281271
7ef  32.559 101342.736  -1.474 999.984  53.623  33.942  33.437  3243822 ,63562989286751
8d4  31.048 101248.832   6.344 999.984  53.280  31.797  31.312  3249302 ,63562989292231
7cd  26.678 101378.712  -4.470 181.076  46.833  25.673  25.937  3254781 ,63562989297711
7ef  32.292 101246.728   6.518 999.984  53.051  34.006  33.562  3260261 ,63562989303191
8d4  31.084 101235.096   7.488 999.984  57.377  31.893  31.437  3265741 ,63562989308671
7cd  26.616 101367.744  -3.556 177.383  46.734  25.619  25.906  3271221 ,63562989314151
7ef  32.618 101359.248  -2.853 999.984  53.165  33.899  33.375  3276701 ,63562989319631
8d4  31.072 101243.632   6.777 999.984  57.407  31.936  31.468  3282181 ,63562989325111
7cd  26.548 101374.184  -4.095 177.932  47.108  25.533  25.812  3287661 ,63562989330591
7ef  32.393 101253.176   5.982 999.984  53.440  33.877  33.437  3293141 ,63562989336071
8d4  31.251 101249.456   6.291 999.984  57.224  31.904  31.468  3298621 ,63562989341551
7cd  26.505 101368.408  -3.614 181.411  47.443  25.533  25.750  3304101 ,63562989347031
7ef  32.161 101238.152   7.234 999.984  53.471  33.770  33.406  3309581 ,63562989352511
8d4  31.060 101234.320   7.551 999.984  57.468  31.893  31.468  3315061 ,63562989357991
