8d4  24.578 101240.560   7.031 168.182  48.626  24.675  24.468  2295753 ,63562988338666
7cd  23.593 101235.480   7.456 999.984  83.256  24.922  24.125  2301233 ,63562988344147
7ef  24.187 101403.328  -6.521 206.588  51.426  24.010  23.843  2306713 ,63562988349627
8d4  24.540 101235.808   7.427  91.201  48.893  24.482  24.375  2312193 ,63562988355106
7cd  24.634 101192.328  11.052 999.984  77.808  25.855  25.156  2317673 ,63562988360586
7ef  24.280 101399.280  -6.182 205.245  51.540  24.000  23.843  2323153 ,63562988366067
8d4  24.584 101233.504   7.620  84.014  48.985  24.557  24.406  2328632 ,63562988371547
7cd  26.721 101336.528   0.961 999.984  73.208  27.485  26.687  2334112 ,63562988377026
7ef  24.311 101389.832  -5.395 203.811  51.395  24.032  23.875  2339592 ,63562988382506
8d4  24.571 101224.088   8.405  93.399  49.000  24.557  24.406  2345072 ,63562988387987
7cd  27.755 101329.368   0.364 999.984  68.462  28.761  28.062  2350552 ,63562988393467
7ef  24.336 101399.888  -6.230 204.971  51.807  23.989  23.843  2356032 ,63562988398947
8d4  24.522 101239.320   7.136  86.135  49.397  24.514  24.375  2361512 ,63562988404427
7cd  28.429 101358.032  -2.747 999.984  64.411  29.394  28.750  2366992 ,63562988409907
7ef  24.374 101401.296  -6.352 203.948  51.838  24.075  23.906  2372472 ,63562988415387
8d4  24.485 101228.704   8.019  78.887  49.526  24.514  24.343  2377952 ,63562988420867
7cd  28.741 101265.600   4.946 999.984  63.496  29.941  29.375  2383432 ,63562988426351
7ef  24.423 101397.096  -6.003 203.903  52.013  24.096  23.937  2388912 ,63562988431827
8d4  24.454 101228.664   8.024  79.452  49.526  24.482  24.312  2394392 ,63562988437307
7cd  29.521 101355.192  -2.515 999.984  62.702  30.477  29.875  2399872 ,63562988442786
7ef  24.423 101409.256  -7.012 202.377  51.838  24.128  24.000  2405352 ,63562988448267
8d4  24.478 101238.688   7.186  79.162  49.328  24.536  24.312  2410832 ,63562988453747
7cd  29.927 101349.912  -2.076 999.984  60.497  30.842  30.250  2416311 ,63562988459230
7ef  24.454 101396.752  -5.971 202.056  51.830  24.182  24.031  2421791 ,63562988464710
8d4  24.509 101224.024   8.410  78.796  49.351  24.579  24.343  2427271 ,63562988470187
7cd  30.134 101307.696   1.440 999.984  59.513  31.110  30.625  2432751 ,63562988475667
7ef  24.541 101403.032  -6.494 200.775  51.540  24.182  24.062  2438231 ,63562988481147
8d4  24.547 101234.640   7.525  79.864  49.328  24.525  24.343  2443711 ,63562988486627
7cd  30.491 101323.648   0.113 999.984  58.559  31.582  31.156  2449191 ,63562988492110
7ef  24.622 101392.352  -5.606 200.592  51.426  24.214  24.125  2454671 ,63562988497587
8d4  24.528 101226.392   8.212  82.199  49.465  24.364  24.281  2460151 ,63562988503068
7cd  30.521 101280.536   3.701 999.984  57.781  31.850  31.406  2465631 ,63562988508550
7ef  24.646 101396.320  -5.934 199.554  51.128  24.214  24.125  2471111 ,63562988514032
8d4  24.503 101239.880   7.089  86.059  49.503  24.364  24.250  2476591 ,63562988519509
7cd  30.944 101356.536  -2.626 999.984  57.095  32.075  31.625  2482071 ,63562988524988
7ef  24.622 101407.552  -6.869 195.632  51.334  24.064  24.062  2487551 ,63562988530467
8d4  24.497 101232.240   7.726 173.370  49.572  24.353  24.250  2493031 ,63562988535947
7cd  30.727 101292.736   2.687 999.984  56.583  32.151  31.625  2498510 ,63562988541428
7ef  24.622 101410.600  -7.123 210.800  51.632  24.085  24.062  2503990 ,63562988546907
8d4  24.429 101227.448   8.124 180.923  49.824  24.429  24.250  2509470 ,63562988552387
7cd  31.240 101345.352  -1.696 999.984  56.431  32.397  32.000  2514950 ,63562988557869
7ef  24.659 101396.776  -5.971 211.288  51.571  24.139  24.093  2520430 ,63562988563347
8d4  24.454 101228.664   8.024 180.908  49.496  24.439  24.250  2525910 ,63562988568827
7cd  31.511 101362.720  -3.139 999.984  55.592  32.504  32.093  2531390 ,63562988574308
7ef  24.690 101408.576  -6.954 213.165  51.365  24.160  24.125  2536870 ,63562988579788
8d4  24.460 101233.384   7.630 180.877  49.358  24.439  24.250  2542350 ,63562988585268
7cd  31.523 101372.528  -3.958 999.984  55.111  32.504  32.031  2547830 ,63562988590748
7ef  24.727 101397.776  -6.056 210.372  51.220  24.182  24.125  2553310 ,63562988596228
8d4  24.460 101242.200   6.896 181.167  49.328  24.429  24.250  2558790 ,63562988601708
7ef  24.727 101394.728  -5.802 213.714  51.106  24.171  24.125  2569750 ,63562988612668
8d4  24.429 101236.264   7.390 180.953  49.465  24.407  24.187  2575230 ,63562988618148
7cd  31.673 101362.744  -3.144 999.984  56.042  32.504  32.156  2580709 ,63562988623627
7ef  24.727 101397.776  -6.056 213.287  51.167  24.160  24.093  2586189 ,63562988629108
8d4  24.361 101228.536   8.035 181.091  49.603  24.311  24.125  2591669 ,63562988634588
7cd  31.631 101370.400  -3.778 999.984  56.103  32.462  32.093  2597149 ,63562988640068
7ef  24.708 101392.528  -5.622 212.951  51.365  24.064  24.031  2602629 ,63562988645548
8d4  24.336 101221.448   8.624 180.999  49.870  24.246  24.062  2608109 ,63562988651028
7cd  31.583 101366.688  -3.471 999.984  55.500  32.472  32.031  2613589 ,63562988656508
7ef  24.683 101394.656  -5.797 213.073  51.579  23.967  24.000  2619069 ,63562988661987
8d4  24.329 101225.552   8.283 180.877  49.999  24.225  24.031  2624549 ,63562988667468
7cd  31.420 101350.488  -2.119 999.984  56.194  32.311  31.906  2630029 ,63562988672948
7ef  24.671 101400.280  -6.267 209.594  51.777  23.882  23.906  2635509 ,63562988678428
8d4  24.311 101226.104   8.235 180.709  50.106  24.150  23.968  2640989 ,63562988683908
7cd  31.342 101357.744  -2.726 999.984  56.583  32.247  31.843  2646469 ,63562988689388
7ef  24.659 101399.824  -6.225 210.510  51.960  23.806  23.875  2651949 ,63562988694868
8d4  24.261 101232.496   7.704 180.755  50.274  24.064  23.906  2657429 ,63562988700348
7cd  31.511 101369.184  -3.678 999.984  54.455  32.279  31.843  2662909 ,63562988705828
7ef  24.628 101397.160  -6.003 211.654  51.952  23.882  23.906  2668388 ,63562988711308
8d4  24.218 101223.000   8.494 180.557  50.480  23.978  23.843  2673868 ,63562988716788
7cd  31.595 101366.808  -3.482 999.984  56.042  32.397  31.937  2679348 ,63562988722268
7ef  24.628 101406.280  -6.764 213.211  51.693  23.935  23.906  2684828 ,63562988727748
8d4  24.187 101234.688   7.522 180.740  50.617  23.989  23.843  2690308 ,63562988733228
7cd  31.565 101361.672  -3.054 999.984  56.370  32.311  31.906  2695788 ,63562988738708
7ef  24.584 101394.016  -5.744 210.296  51.807  23.849  23.843  2701268 ,63562988744188
8d4  24.143 101213.440   9.292 180.770  50.579  24.000  23.812  2706748 ,63562988749669
7cd  31.523 101372.528  -3.958 999.984  56.728  32.215  31.812  2712228 ,63562988755148
7ef  24.584 101400.096  -6.251 213.928  51.983  23.817  23.843  2717708 ,63562988760628
8d4  24.137 101229.312   7.969 180.847  50.579  24.021  23.812  2723188 ,63562988766108
7cd  31.438 101374.896  -4.153 999.984  57.034  32.097  31.718  2728668 ,63562988771589
7ef  24.572 101396.592  -5.960 209.609  52.013  23.849  23.843  2734148 ,63562988777069
8d4  24.100 101227.456   8.124 181.015  50.617  23.978  23.781  2739628 ,63562988782550
7cd  31.438 101371.664  -3.884 999.984  57.270  32.097  31.718  2745108 ,63562988788030
7ef  24.584 101400.096  -6.251 210.662  51.899  23.882  23.843  2750587 ,63562988793508
8d4  24.075 101226.224   8.228 181.045  50.709  23.935  23.750  2756067 ,63562988798989
7cd  31.330 101370.520  -3.789 999.984  57.392  31.990  31.625  2761547 ,63562988804468
7ef  24.572 101393.552  -5.707 200.622  51.868  23.849  23.843  2767027 ,63562988809948
