7ef  22.502 101441.168  -9.665 138.183  71.232  22.820  22.218  1642741 ,63562987685643
8d4  21.928 101291.200   2.814 123.107  75.504  22.734  22.031  1648221 ,63562987691123
7cd  24.039 101431.376  -8.851 290.771  49.366  24.214  24.156  1653700 ,63562987696603
7ef  22.646 101442.768  -9.802 137.878  64.610  22.906  22.375  1659180 ,63562987702083
8d4  22.236 101300.800   2.016 122.985  64.701  22.895  22.281  1664660 ,63562987707563
7cd  23.806 101435.600  -9.205 337.997  49.435  24.150  23.968  1670140 ,63562987713043
7ef  22.690 101446.128 -10.077 137.527  65.731  23.045  22.531  1675620 ,63562987718523
idx: 1 backoff: 2 ,63562987730539
7cd  23.454 101421.680  -8.048 337.036  49.908  23.935  23.687  1693120 ,63562987736023
7ef  23.003 101444.088  -9.908 133.438  68.989  23.410  22.875  1698600 ,63562987741503
8d4  22.964 101295.760   2.436 118.545  65.533  23.442  22.968  1704080 ,63562987746983
7cd  23.240 101434.032  -9.073 337.066  50.381  23.721  23.468  1709560 ,63562987752463
8d4  23.089 101290.568   2.866 119.262  58.270  23.560  23.125  1720520 ,63562987763423
7cd  22.880 101433.592  -9.036 332.000  50.846  23.538  23.218  1726000 ,63562987768903
7ef  22.972 101441.272  -9.676 135.147  56.980  23.270  22.906  1731480 ,63562987774383
8d4  23.171 101296.264   2.393 120.315  56.133  23.667  23.250  1736959 ,63562987779863
7cd  22.697 101441.848  -9.723 329.879  51.434  23.324  22.968  1742439 ,63562987785344
7ef  23.065 101446.680 -10.125 135.726  56.515  23.249  22.937  1747919 ,63562987790823
8d4  23.252 101296.104   2.407 120.498  56.484  23.731  23.343  1753399 ,63562987796303
7cd  22.380 101431.272  -8.846 340.530  51.960  23.066  22.718  1758879 ,63562987801783
7ef  23.115 101457.824 -11.049 134.887  58.498  23.270  22.968  1764359 ,63562987807264
8d4  23.377 101293.744   2.602 117.080  56.080  23.774  23.437  1769839 ,63562987812744
7cd  22.177 101440.168  -9.580 281.250  52.662  22.766  22.437  1775319 ,63562987818223
7ef  23.115 101442.664  -9.792 136.291  55.782  23.292  23.031  1780799 ,63562987823703
8d4  23.452 101291.728   2.769 118.392  58.796  23.892  23.562  1786279 ,63562987829183
7cd  22.088 101437.104  -9.327 341.583  53.661  22.401  22.187  1791759 ,63562987834664
7ef  23.047 101438.312  -9.427 120.849  55.988  23.302  23.000  1797239 ,63562987840143
8d4  23.527 101283.808   3.429 107.070  54.470  23.967  23.625  1802719 ,63562987845623
7cd  22.050 101435.776  -9.216 341.583  54.180  22.294  22.062  1808199 ,63562987851103
7ef  23.078 101453.264 -10.674 135.025  57.240  23.324  23.031  1813679 ,63562987856584
idx: 1 backoff: 3 ,63562987868599
7cd  21.936 101431.784  -8.883 341.476  54.646  22.123  21.906  1831178 ,63562987874084
7ef  23.115 101439.632  -9.538 133.499  56.011  23.335  23.062  1836658 ,63562987879565
8d4  23.707 101288.608   3.030 117.416  53.333  24.117  23.812  1842138 ,63562987885043
7cd  21.783 101439.072  -9.491 341.445  55.050  21.983  21.781  1847618 ,63562987890524
7ef  23.153 101450.280 -10.426 132.644  55.958  23.335  23.062  1853098 ,63562987896004
8d4  23.788 101282.432   3.545 115.585  52.952  24.150  23.875  1858578 ,63562987901484
7cd  21.617 101433.152  -8.999 341.461  55.286  21.876  21.656  1864058 ,63562987906964
7ef  23.278 101446.280 -10.093 132.263  55.958  23.420  23.156  1869538 ,63562987912445
8d4  23.932 101294.016   2.578 116.470  63.511  24.353  24.031  1875018 ,63562987917924
7cd  21.432 101434.376  -9.099 341.445  55.546  21.833  21.531  1880498 ,63562987923404
7ef  23.365 101437.728  -9.380 133.651  57.446  23.549  23.250  1885978 ,63562987928884
8d4  24.013 101284.832   3.345 117.126  55.088  24.396  24.093  1891458 ,63562987934364
7cd  21.388 101428.000  -8.571 341.384  56.065  21.619  21.406  1896938 ,63562987939845
7ef  23.372 101451.608 -10.537 134.002  55.317  23.570  23.312  1902418 ,63562987945324
8d4  24.062 101284.368   3.384 115.493  52.891  24.471  24.187  1907897 ,63562987950804
7cd  21.177 101443.944  -9.897 341.415  56.332  21.576  21.312  1913377 ,63562987956284
7ef  23.403 101442.272  -9.760 131.988  56.072  23.592  23.343  1918857 ,63562987961764
8d4  24.131 101280.432   3.712 115.280  52.570  24.461  24.218  1924337 ,63562987967245
7cd  21.043 101424.736  -8.302 341.384  56.675  21.404  21.125  1929817 ,63562987972725
7ef  23.347 101441.504  -9.697 109.069  54.501  23.592  23.312  1935297 ,63562987978204
8d4  24.143 101278.096   3.905 108.093  52.479  24.536  24.281  1940777 ,63562987983684
7cd  21.043 101443.680  -9.876 341.461  56.965  21.329  21.062  1946257 ,63562987989164
7ef  23.253 101442.232  -9.755 134.628  56.011  23.485  23.250  1951737 ,63562987994644
8d4  24.162 101286.376   3.215 116.622  54.676  24.471  24.218  1957217 ,63562988000125
7cd  20.966 101434.472  -9.110 322.753  57.430  21.211  20.968  1962697 ,63562988005605
7ef  23.115 101433.568  -9.036 135.711  56.248  23.420  23.156  1968177 ,63562988011085
8d4  24.124 101287.464   3.125 117.843  53.066  24.504  24.250  1973657 ,63562988016565
7cd  20.806 101426.832  -8.476 340.484  58.002  21.007  20.812  1979137 ,63562988022045
7ef  23.134 101432.832  -8.973 135.971  55.431  23.399  23.125  1984617 ,63562988027525
idx: 1 backoff: 4 ,63562988039560
7cd  20.806 101426.832  -8.476 341.552  58.666  20.846  20.687  2002136 ,63562988045045
7ef  23.190 101439.680  -9.543 137.985  58.002  23.453  23.187  2007616 ,63562988050525
8d4  24.205 101284.120   3.403 118.362  53.829  24.664  24.343  2013096 ,63562988056005
7cd  20.799 101437.632  -9.374 341.522  58.727  20.836  20.656  2018576 ,63562988061485
7ef  23.184 101440.944  -9.649 137.451  56.538  23.442  23.156  2024056 ,63562988066965
8d4  24.255 101280.688   3.688 117.248  52.364  24.643  24.375  2029536 ,63562988072445
7cd  20.703 101422.928  -8.148 341.537  58.697  20.857  20.656  2035016 ,63562988077925
7ef  23.109 101453.024 -10.653 135.787  55.866  23.356  23.125  2040496 ,63562988083405
8d4  24.230 101285.344   3.302 116.546  52.006  24.654  24.375  2045976 ,63562988088885
7cd  20.581 101438.736  -9.464 341.506  58.727  20.857  20.593  2051456 ,63562988094365
7ef  22.984 101444.816  -9.971 140.167  55.721  23.302  23.031  2056936 ,63562988099845
8d4  24.156 101275.776   4.098 118.453  51.693  24.707  24.406  2062416 ,63562988105325
7cd  20.530 101424.120  -8.249 341.491  58.781  20.836  20.531  2067896 ,63562988110806
7ef  22.915 101434.400  -9.105 139.801  57.682  23.259  22.968  2073376 ,63562988116285
8d4  24.174 101269.368   4.631 118.331  55.111  24.750  24.437  2078855 ,63562988121765
7cd  20.466 101424.776  -8.302 341.506  59.048  20.771  20.500  2084335 ,63562988127245
7ef  22.903 101427.800  -8.555 138.641  56.339  23.270  22.968  2089815 ,63562988132725
8d4  24.236 101275.344   4.135 117.889  52.593  24.718  24.437  2095295 ,63562988138205
7cd  20.344 101427.880  -8.560 341.537  59.246  20.728  20.437  2100775 ,63562988143686
7ef  23.072 101442.384  -9.765 138.168  57.682  23.335  23.062  2106255 ,63562988149166
8d4  24.311 101273.144   4.317 118.041  52.685  24.697  24.468  2111735 ,63562988154646
7cd  20.267 101424.832  -8.307 340.072  59.391  20.621  20.343  2117215 ,63562988160126
7ef  23.140 101440.664  -9.623 138.229  56.660  23.356  23.093  2122695 ,63562988165605
