8d4  24.540 101379.928  -4.571 309.097  45.361  24.697  24.406  141498 ,63562984767919
7ef  25.376 101547.664 -18.522 351.913  45.628  25.179  24.968  141898 ,63562984768319
8d4  24.578 101384.688  -4.967 300.521  45.551  24.729  24.437  147378 ,63562984773799
7ef  25.357 101536.352 -17.581 333.923  45.727  25.147  24.968  152858 ,63562984779279
7cd  26.381 101518.832 -16.123 999.984  70.614  26.992  26.375  158338 ,63562984784758
8d4  24.646 101380.640  -4.629 307.800  45.948  24.815  24.531  163818 ,63562984790239
7ef  25.437 101537.680 -17.692 360.488  45.925  25.222  25.062  169318 ,63562984795739
7cd  26.931 101532.976 -17.301 999.984  69.408  27.399  26.843  174798 ,63562984801221
8d4  24.702 101375.968  -4.243 310.928  45.284  24.890  24.625  180278 ,63562984806699
7ef  25.480 101543.776 -18.199 360.610  45.620  25.297  25.125  185758 ,63562984812181
7cd  27.442 101510.352 -15.420 999.984  64.877  27.839  27.312  191238 ,63562984817659
8d4  24.794 101396.632  -5.960 311.126  45.010  24.900  24.687  196718 ,63562984823145
7ef  25.548 101547.680 -18.522 360.534  45.292  25.297  25.156  202198 ,63562984828619
idx: 1 backoff: 1 ,63562984840655
8d4  24.881 101371.368  -3.857 310.577  45.277  24.954  24.718  219718 ,63562984846139
7ef  25.610 101537.664 -17.687 360.107  45.353  25.319  25.187  225197 ,63562984851619
7cd  28.490 101522.704 -16.445 999.984  67.150  28.772  28.312  230677 ,63562984857099
8d4  24.974 101389.048  -5.332 310.241  45.277  24.975  24.781  236157 ,63562984862581
7ef  25.659 101539.384 -17.835 359.054  45.391  25.340  25.250  241637 ,63562984868059
7cd  28.881 101526.384 -16.752 999.984  65.563  29.137  28.687  247117 ,63562984873539
8d4  25.005 101383.160  -4.840 309.951  45.147  25.018  24.843  252597 ,63562984879021
7ef  25.659 101551.576 -18.844 360.244  45.208  25.383  25.281  258077 ,63562984884500
7cd  29.198 101525.264 -16.662 999.984  65.716  29.469  29.062  263557 ,63562984889985
8d4  25.011 101376.104  -4.254 309.753  45.208  25.051  24.875  269037 ,63562984895459
7ef  25.659 101539.384 -17.835 359.436  45.292  25.351  25.281  274517 ,63562984900939
7cd  29.429 101522.544 -16.434 999.984  64.213  29.727  29.312  279997 ,63562984906419
8d4  25.011 101379.040  -4.497 309.066  45.132  25.083  24.906  285477 ,63562984911899
7ef  25.684 101537.192 -17.650 356.903  45.460  25.372  25.312  290957 ,63562984917379
7cd  29.666 101540.680 -17.941 999.984  63.587  29.952  29.562  296437 ,63562984922864
8d4  25.054 101370.792  -3.810 310.501  45.101  25.147  24.968  301917 ,63562984928340
7ef  25.678 101529.360 -17.000 360.366  45.177  25.415  25.343  307396 ,63562984933820
7cd  29.873 101524.464 -16.593 999.984  59.719  30.177  29.781  312876 ,63562984939301
8d4  25.116 101376.656  -4.301 310.546  44.666  25.179  25.000  318356 ,63562984944780
7ef  25.721 101550.680 -18.770 360.198  45.040  25.469  25.375  323836 ,63562984950261
7cd  30.073 101522.504 -16.429 999.984  60.909  30.381  30.000  329316 ,63562984955753
8d4  25.153 101381.360  -4.692 290.908  44.590  25.233  25.062  334796 ,63562984961226
idx: 0 backoff: 1 ,63562984973237
idx: 1 backoff: 2 ,63562984985255
8d4  25.215 101387.208  -5.178 310.516  44.559  25.319  25.125  364316 ,63562984990740
7ef  25.702 101542.416 -18.083 360.122  44.880  25.544  25.437  369796 ,63562984996227
7cd  30.642 101526.920 -16.799 999.984  59.338  30.960  30.531  375276 ,63562985001700
8d4  25.246 101393.088  -5.665 310.394  44.590  25.308  25.125  380756 ,63562985007183
7ef  25.721 101541.536 -18.009 360.244  44.903  25.587  25.468  386236 ,63562985012662
7cd  30.884 101529.928 -17.047 999.984  60.261  31.110  30.750  391715 ,63562985018147
8d4  25.233 101383.664  -4.882 310.501  44.659  25.340  25.156  397195 ,63562985023646
7ef  25.727 101546.320 -18.411 360.244  44.903  25.608  25.468  402675 ,63562985029103
7cd  31.065 101528.848 -16.958 999.984  58.498  31.196  30.906  408155 ,63562985034584
8d4  25.203 101368.952  -3.656 304.565  44.361  25.415  25.187  413635 ,63562985040081
7ef  25.684 101546.344 -18.411 359.008  44.666  25.608  25.468  419115 ,63562985045563
7cd  31.215 101506.400 -15.092 999.984  58.949  31.357  31.062  424595 ,63562985051024
8d4  25.215 101369.544  -3.709 311.737  44.125  25.351  25.156  430075 ,63562985056564
7ef  25.684 101534.152 -17.396 365.982  44.598  25.565  25.437  435555 ,63562985061988
7cd  31.372 101511.360 -15.504 999.984  58.468  31.475  31.187  441035 ,63562985067460
8d4  25.246 101381.304  -4.687 310.485  44.292  25.340  25.156  446515 ,63562985072940
7ef  25.690 101541.976 -18.046 357.376  44.666  25.565  25.437  451995 ,63562985078425
7cd  31.396 101521.304 -16.329 999.984  54.310  31.604  31.250  457475 ,63562985083900
8d4  25.308 101372.408  -3.947 307.662  44.163  25.404  25.218  462955 ,63562985089383
7ef  25.708 101535.000 -17.470 360.488  44.735  25.608  25.468  468435 ,63562985094863
7cd  31.408 101508.520 -15.267 999.984  54.966  31.711  31.375  473915 ,63562985100341
8d4  25.326 101368.856  -3.651 310.882  44.331  25.415  25.218  479394 ,63562985105820
7ef  25.702 101539.360 -17.830 360.717  44.735  25.598  25.468  484874 ,63562985111322
7cd  31.535 101521.168 -16.318 999.984  56.080  31.850  31.500  490354 ,63562985116780
8d4  25.326 101374.752  -4.143 310.791  44.331  25.415  25.250  495834 ,63562985122260
7ef  25.727 101543.264 -18.157 360.473  44.735  25.619  25.500  501314 ,63562985127740
idx: 1 backoff: 3 ,63562985139756
8d4  25.326 101380.640  -4.629 310.852  44.094  25.426  25.281  518814 ,63562985145241
7ef  25.715 101533.688 -17.359 360.275  44.567  25.640  25.500  524294 ,63562985150723
7cd  31.577 101513.528 -15.684 999.984  54.012  31.958  31.562  529774 ,63562985156204
8d4  25.320 101370.048  -3.746 305.465  44.148  25.426  25.281  535254 ,63562985161681
7ef  25.727 101537.176 -17.650 365.112  44.666  25.630  25.500  540734 ,63562985167161
7cd  31.685 101514.648 -15.779 999.984  55.660  32.118  31.718  546214 ,63562985172643
8d4  25.295 101363.000  -3.165 311.035  44.048  25.426  25.281  551694 ,63562985178120
7ef  25.659 101533.288 -17.328 360.794  44.636  25.630  25.468  557174 ,63562985183600
7cd  31.835 101517.752 -16.033 999.984  56.881  32.118  31.781  562653 ,63562985189085
8d4  25.351 101361.168  -3.012 311.492  43.850  25.544  25.343  568133 ,63562985194561
7ef  25.745 101539.336 -17.830 361.129  44.567  25.716  25.531  573613 ,63562985200042
32.161  31.875  579093 ,63562985205537
8d4  25.412 101372.880  -3.984 311.660  43.819  25.469  25.343  584573 ,63562985211000
7ef  25.764 101526.256 -16.741 361.465  44.506  25.716  25.531  590053 ,63562985216481
7cd  32.045 101514.888 -15.795 999.984  56.309  32.311  31.968  595533 ,63562985221961
8d4  25.449 101365.768  -3.392 311.218  43.850  25.512  25.375  601013 ,63562985227447
7ef  25.794 101544.080 -18.221 362.640  44.537  25.726  25.562  606493 ,63562985232920
idx: 1 backoff: 4 ,63562985244940
8d4  25.474 101372.808  -3.979 312.866  43.949  25.576  25.406  623993 ,63562985250428
7ef  25.782 101531.464 -17.174 362.869  44.437  25.726  25.562  629473 ,63562985255918
idx: 1 backoff: 5 ,63562985267916
8d4  25.517 101367.440  -3.530 310.775  43.919  25.576  25.437  646972 ,63562985273419
