8d4  25.942 101279.192   3.812 222.824  45.841  24.997  25.375  1135387 ,63562987178282
7cd  26.393 101432.896  -8.978 136.413  51.319  25.319  25.625  1140867 ,63562987183760
7ef  26.200 101454.152 -10.748 379.623  48.336  25.008  25.437  1146347 ,63562987189240
8d4  25.684 101276.328   4.053 238.159  45.574  25.083  25.312  1151826 ,63562987194720
7cd  26.263 101434.656  -9.126 138.626  50.762  25.051  25.437  1157306 ,63562987200201
7ef  25.967 101449.360 -10.347 394.058  46.894  25.083  25.312  1162786 ,63562987205681
8d4  25.289 101284.648   3.360 303.985  45.567  25.093  25.156  1168266 ,63562987211160
7cd  26.139 101431.704  -8.878 137.649  52.471  24.965  25.312  1173746 ,63562987216641
7ef  25.530 101447.992 -10.236 402.633  46.696  25.061  25.125  1179226 ,63562987222121
8d4  24.856 101284.840   3.342 296.875  45.811  24.922  24.843  1184706 ,63562987227600
7cd  26.139 101444.464  -9.940 134.933  51.144  25.136  25.437  1190186 ,63562987233080
7ef  25.160 101447.056 -10.156 404.388  46.940  24.933  24.875  1195666 ,63562987238560
8d4  24.503 101286.944   3.168 303.543  46.459  24.654  24.531  1201146 ,63562987244041
7cd  25.867 101431.464  -8.862 119.537  51.678  24.675  25.031  1206626 ,63562987249521
7ef  24.937 101451.160 -10.495 402.786  47.512  24.697  24.593  1212106 ,63562987255001
8d4  24.230 101282.408   3.545 303.207  47.337  24.289  24.156  1217586 ,63562987260481
7cd  25.823 101431.976  -8.904 129.745  58.620  24.729  25.031  1223066 ,63562987265961
7ef  24.696 101455.952 -10.896 391.387  47.993  24.514  24.343  1228546 ,63562987271441
8d4  23.957 101277.640   3.944 304.397  47.977  24.107  23.906  1234025 ,63562987276921
idx: 2 backoff: 2 ,63562987288936
7ef  24.293 101439.272  -9.512 407.577  48.664  24.278  24.031  1251525 ,63562987294421
8d4  23.539 101287.400   3.131 305.191  48.718  23.860  23.531  1257005 ,63562987299901
7cd  25.450 101435.312  -9.179 124.969  52.677  24.504  24.781  1262485 ,63562987305381
7ef  24.088 101439.008  -9.485 407.821  49.206  24.042  23.781  1267965 ,63562987310861
8d4  23.289 101277.504   3.955 305.130  49.229  23.624  23.312  1273445 ,63562987316341
7cd  25.282 101432.552  -8.952 126.693  53.089  24.117  24.468  1278925 ,63562987321822
7ef  23.852 101448.008 -10.236 406.097  49.778  23.849  23.593  1284405 ,63562987327302
8d4  23.052 101276.896   4.005 304.153  49.732  23.453  23.093  1289885 ,63562987332781
7cd  25.170 101426.408  -8.439 129.180  60.841  24.311  24.531  1295365 ,63562987338261
7ef  23.634 101446.968 -10.151 402.679  50.320  23.560  23.312  1300845 ,63562987343741
8d4  22.876 101273.552   4.283 293.319  50.243  23.292  22.906  1306325 ,63562987349221
7cd  25.170 101429.600  -8.703 123.291  54.554  24.193  24.437  1311805 ,63562987354702
7ef  23.503 101443.248  -9.839 391.021  50.915  23.453  23.187  1317284 ,63562987360181
8d4  22.676 101283.448   3.461 298.736  50.861  23.056  22.718  1322764 ,63562987365661
7cd  25.133 101434.976  -9.152 124.969  56.484  24.268  24.468  1328244 ,63562987371142
7ef  23.303 101444.272  -9.924 392.868  51.319  23.270  23.031  1333724 ,63562987376621
7cd  25.233 101428.056  -8.576 125.625  63.450  24.504  24.625  1344684 ,63562987387582
7ef  23.128 101452.280 -10.590 393.402  51.670  23.163  22.875  1350164 ,63562987393062
8d4  22.305 101285.520   3.286 301.300  52.326  22.530  22.250  1355644 ,63562987398542
7cd  25.314 101431.776  -8.883 127.868  57.568  24.643  24.750  1361124 ,63562987404022
7ef  22.990 101452.640 -10.621 399.414  51.991  23.002  22.718  1366604 ,63562987409501
8d4  22.135 101283.600   3.448 302.612  52.700  22.423  22.125  1372084 ,63562987414981
7cd  25.370 101447.568 -10.199 128.097  59.086  24.740  24.812  1377564 ,63562987420462
7ef  22.865 101435.328  -9.179 399.948  52.609  22.691  22.500  1383044 ,63562987425942
8d4  22.047 101270.000   4.579 302.810  53.135  22.219  21.968  1388524 ,63562987431421
7cd  25.382 101435.160  -9.168 129.165  65.914  24.954  24.937  1394004 ,63562987436901
7ef  22.727 101456.792 -10.965 395.477  53.135  22.584  22.375  1399484 ,63562987442381
8d4  21.877 101273.800   4.264 300.949  53.486  22.123  21.843  1404963 ,63562987447862
7cd  25.314 101434.952  -9.147 133.071  53.402  24.686  24.781  1410443 ,63562987453342
7ef  22.602 101448.464 -10.273 398.223  53.371  22.519  22.281  1415923 ,63562987458822
8d4  21.707 101277.520   3.952 302.856  53.753  22.005  21.687  1421403 ,63562987464302
idx: 2 backoff: 3 ,63562987476317
7ef  22.389 101442.368  -9.765 394.027  53.600  22.412  22.125  1438903 ,63562987481838
8d4  21.460 101271.024   4.494 300.949  54.157  21.897  21.531  1444383 ,63562987487282
7cd  25.345 101421.432  -8.027 135.009  53.555  24.536  24.750  1449883 ,63562987492782
7ef  22.257 101441.208  -9.670 399.978  53.837  22.326  22.000  1455363 ,63562987498262
8d4  21.378 101276.632   4.026 302.383  54.623  21.704  21.375  1460843 ,63562987503742
7cd  25.345 101430.992  -8.819 134.765  55.897  24.622  24.781  1466323 ,63562987509222
99.627  54.188  22.198  21.875  1471803 ,63562987514703
8d4  21.290 101286.224   3.228 301.010  55.058  21.597  21.281  1477283 ,63562987520182
7cd  25.444 101430.376  -8.767 133.895  55.225  24.729  24.875  1482763 ,63562987525662
7ef  22.087 101453.480 -10.690 398.773  54.562  22.080  21.781  1488242 ,63562987531142
8d4  21.157 101271.352   4.468 302.749  55.431  21.490  21.187  1493722 ,63562987536622
7cd  25.426 101431.488  -8.862 130.569  53.936  24.600  24.781  1499202 ,63562987542102
7ef  21.967 101446.704 -10.125 400.009  54.798  22.015  21.687  1504682 ,63562987547582
8d4  21.024 101273.944   4.251 301.345  55.607  21.425  21.093  1510162 ,63562987553062
7cd  25.450 101441.688  -9.707 127.334  54.722  24.815  24.937  1515642 ,63562987558542
7ef  21.847 101442.920  -9.813 394.760  55.141  21.919  21.593  1521122 ,63562987564022
8d4  20.935 101271.760   4.433 301.116  55.958  21.307  20.968  1526602 ,63562987569502
7cd  25.450 101435.312  -9.179 126.220  54.836  24.793  24.937  1532082 ,63562987574982
7ef  21.734 101443.888  -9.892 396.636  55.378  21.812  21.500  1537562 ,63562987580462
8d4  20.833 101277.576   3.947 302.886  56.248  21.265  20.906  1543042 ,63562987585942
7cd  25.382 101435.160  -9.168 130.249  54.401  24.643  24.750  1548522 ,63562987591422
7ef  21.677 101442.848  -9.808 401.336  55.721  21.715  21.406  1554002 ,63562987596903
8d4  20.808 101276.096   4.071 303.924  56.507  21.157  20.843  1559482 ,63562987602383
