8d4  27.101 101212.960   9.332 999.984  70.446  27.710  27.062  3874054 ,63562989916994
7cd  32.123 101313.584   0.951 125.854  37.907  32.504  32.375  3879534 ,63562989922474
7ef  27.764 101344.176  -1.595 999.984  69.424  28.290  27.625  3885014 ,63562989927953
8d4  27.583 101207.784   9.763 999.984  68.455  28.311  27.593  3890494 ,63562989933433
7cd  31.787 101323.472   0.126 125.823  36.900  32.140  32.000  3895974 ,63562989938914
7ef  28.402 101339.376  -1.194 999.984  67.799  28.794  28.125  3901454 ,63562989944394
8d4  28.015 101205.944   9.916 999.984  67.043  28.729  28.031  3906934 ,63562989949876
7cd  31.535 101317.776   0.602 125.900  37.296  31.786  31.625  3912414 ,63562989955354
7ef  29.026 101357.688  -2.721 999.984  66.601  29.148  28.562  3917894 ,63562989960834
8d4  28.409 101211.080   9.488 999.984  66.074  29.008  28.375  3923374 ,63562989966313
7cd  31.300 101320.168   0.401 125.762  37.830  31.443  31.250  3928853 ,63562989971794
7ef  29.587 101336.672   0.972 999.984  65.716  29.437  28.937  3934333 ,63562989977274
8d4  28.761 101209.768   9.599 999.984  65.426  29.212  28.687  3939813 ,63562989982754
7cd  31.065 101312.776   1.017 125.961  38.456  31.110  30.968  3945293 ,63562989988234
7ef  30.176 101344.736  -1.643 999.984  64.899  29.759  29.343  3950773 ,63562989993714
8d4  29.215 101225.272   8.307 999.984  64.693  29.491  29.000  3956253 ,63562989999194
7cd  30.799 101309.720   1.270 125.823  39.227  30.885  30.625  3961733 ,63562990004674
7ef  30.770 101341.248  -1.352 999.984  63.503  30.156  29.781  3967213 ,63562990010154
99.984  63.717  29.748  29.343  3972693 ,63562990015634
7cd  30.449 101321.504   0.290 124.893  40.928  30.220  30.156  3978173 ,63562990021114
7ef  31.285 101346.056  -1.754 999.984  62.550  30.392  30.125  3983653 ,63562990026594
8d4  29.950 101216.112   9.070 999.984  62.977  29.973  29.625  3989133 ,63562990032074
7cd  30.097 101307.208   1.479 125.427  42.873  29.727  29.781  3994613 ,63562990037554
7ef  31.714 101348.560  -1.960 999.984  61.962  30.638  30.468  4000093 ,63562990043034
8d4  30.209 101220.656   8.690 999.984  62.443  30.124  29.812  4005573 ,63562990048514
7cd  29.891 101310.776   1.183 125.778  42.629  29.426  29.500  4011052 ,63562990053994
7ef  32.078 101357.128  -2.673 999.984  61.420  30.821  30.687  4016532 ,63562990059474
8d4  30.527 101221.096   8.653 999.984  62.054  30.317  30.062  4022012 ,63562990064954
7cd  29.703 101309.688   1.273 125.793  42.774  29.266  29.312  4027492 ,63562990070435
7ef  32.333 101341.776  -1.395 999.984  60.413  31.067  31.000  4032972 ,63562990075914
8d4  30.653 101226.824   8.177 999.984  61.344  30.413  30.218  4038452 ,63562990081394
7cd  29.496 101316.248   0.729 125.869  43.118  29.180  29.125  4043932 ,63562990086875
7ef  32.607 101346.664  -1.802 999.984  60.085  31.185  31.187  4049412 ,63562990092355
8d4  30.791 101220.992   8.661 999.984  61.131  30.467  30.312  4054892 ,63562990097834
7cd  29.229 101318.536   0.539 125.930  43.659  29.072  28.937  4060372 ,63562990103315
7ef  32.702 101342.136  -1.426 999.984  60.024  31.207  31.250  4065852 ,63562990108795
8d4  30.856 101218.696   8.854 999.984  61.161  30.477  30.343  4071332 ,63562990114275
7cd  28.991 101322.736   0.187 125.793  43.835  28.890  28.718  4076812 ,63562990119755
7ef  32.719 101337.800  -1.067 999.984  60.207  31.142  31.187  4082292 ,63562990125235
8d4  30.796 101219.696   8.769 999.984  61.375  30.445  30.312  4087772 ,63562990130715
7cd  28.716 101326.160   0.095 125.823  44.117  28.740  28.500  4093252 ,63562990136195
7ef  32.725 101339.448  -1.204 999.984  60.352  31.142  31.218  4098731 ,63562990141674
8d4  30.808 101217.128   8.986 999.984  61.283  30.456  30.312  4104211 ,63562990147155
7cd  28.472 101315.496   0.792 125.854  44.598  28.568  28.312  4109691 ,63562990152634
7ef  32.903 101345.584  -1.712 999.984  60.177  31.250  31.312  4115171 ,63562990158114
8d4  30.940 101218.480   8.872 999.984  61.253  30.520  30.406  4120651 ,63562990163595
7cd  28.288 101318.608   0.531 125.900  44.773  28.397  28.125  4126131 ,63562990169074
7ef  33.028 101346.128  -1.759 999.984  59.818  31.293  31.468  4131611 ,63562990174555
8d4  31.012 101217.840   8.925 999.984  61.169  30.553  30.468  4137091 ,63562990180035
7cd  28.154 101316.136   0.737 125.854  45.055  28.214  27.937  4142571 ,63562990185515
7ef  32.915 101348.872  -1.986 999.984  59.879  31.207  31.343  4148051 ,63562990190995
8d4  30.982 101224.328   8.383 999.984  60.955  30.467  30.437  4153531 ,63562990196474
7cd  28.013 101305.496   1.624 125.701  45.467  28.075  27.812  4159011 ,63562990201955
7ef  33.164 101343.720  -1.558 999.984  59.727  31.314  31.531  4164491 ,63562990207435
8d4  31.197 101225.352   8.299 999.984  60.658  30.617  30.531  4169971 ,63562990212915
7cd  27.859 101320.176   0.401 125.762  45.475  27.936  27.656  4175451 ,63562990218395
7ef  33.548 101345.144  -1.675 999.984  58.262  31.904  31.968  4180930 ,63562990223874
8d4  31.329 101220.608   8.695 999.984  59.620  30.917  30.812  4186410 ,63562990229355
7cd  27.761 101311.872   1.093 125.839  45.780  27.818  27.531  4191890 ,63562990234835
7ef  33.542 101352.808  -2.314 999.984  57.423  31.915  32.031  4197370 ,63562990240315
8d4  31.257 101230.248   7.892 999.984  59.467  30.778  30.718  4202850 ,63562990245795
7cd  27.645 101323.984   0.084 125.915  45.986  27.689  27.406  4208330 ,63562990251276
7ef  33.613 101338.384  -1.115 999.984  58.056  31.786  31.968  4213810 ,63562990256755
8d4  31.371 101226.416   8.212 999.984  59.376  30.906  30.843  4219290 ,63562990262236
7cd  27.565 101317.600   0.615 126.159  46.536  27.582  27.312  4224770 ,63562990267715
7ef  33.182 101342.456  -1.453 999.984  57.667  31.593  31.781  4230250 ,63562990273196
8d4  31.209 101216.792   9.012 999.984  59.261  30.788  30.718  4235730 ,63562990278675
7cd  27.491 101309.704   1.273 125.564  46.772  27.474  27.218  4241210 ,63562990284155
8d4  31.054 101208.760   9.681 999.984  58.422  31.014  30.875  4252170 ,63562990295116
7cd  27.429 101321.264   0.311 123.107  47.787  27.335  27.125  4257650 ,63562990300595
7ef  33.152 101355.912  -2.573 999.984  56.164  32.279  32.156  4263130 ,63562990306076
8d4  31.203 101212.128   9.401 999.984  57.644  31.228  31.000  4268609 ,63562990311556
7cd  27.356 101319.752   0.435 126.525  47.924  27.174  27.031  4274089 ,63562990317035
7ef  33.093 101354.936  -2.489 999.984  56.019  32.033  31.968  4279569 ,63562990322515
8d4  31.126 101223.024   8.492 999.984  57.972  30.982  30.781  4285049 ,63562990327996
7cd  27.233 101310.800   1.183 126.800  48.473  26.938  26.843  4290529 ,63562990333475
7ef  33.247 101345.064  -1.669 999.984  56.797  31.797  31.875  4296009 ,63562990338956
8d4  31.245 101223.904   8.420 999.984  58.605  30.853  30.718  4301489 ,63562990344435
7cd  27.153 101317.120   0.655 126.815  48.344  26.885  26.781  4306969 ,63562990349915
7ef  33.395 101352.048  -2.251 999.984  57.186  31.786  31.906  4312449 ,63562990355395
8d4  31.251 101216.640   9.026 999.984  58.933  30.810  30.718  4317929 ,63562990360876
7cd  27.060 101316.760   0.686 126.861  47.909  26.831  26.718  4323409 ,63562990366355
7ef  33.578 101347.144  -1.844 999.984  57.392  31.764  31.937  4328889 ,63562990371836
8d4  31.514 101213.040   9.324 999.984  58.811  30.992  30.875  4334369 ,63562990377317
7cd  27.054 101324.616   0.031 126.678  48.458  26.659  26.625  4339849 ,63562990382796
7ef  33.844 101352.680  -2.304 999.984  57.064  31.904  32.062  4345329 ,63562990388276
8d4  31.610 101222.000   8.579 999.984  58.514  31.014  30.968  4350808 ,63562990393755
7cd  26.998 101321.832   0.264 126.770  48.687  26.595  26.562  4356288 ,63562990399236
7ef  33.832 101346.304  -1.775 999.984  56.858  31.925  32.156  4361768 ,63562990404716
8d4  31.514 101219.008   8.827 999.984  58.636  30.949  30.906  4367248 ,63562990410195
7.968   0.586 126.770  48.756  26.649  26.531  4372728 ,63562990415675
7ef  33.649 101338.920  -1.157 999.984  57.270  31.711  31.968  4378208 ,63562990421156
8d4  31.442 101216.760   9.015 999.984  58.750  30.853  30.843  4383688 ,63562990426636
7cd  26.807 101322.480   0.211 126.647  48.656  26.649  26.500  4389168 ,63562990432116
7ef  33.430 101349.512  -2.039 999.984  57.453  31.539  31.781  4394648 ,63562990437597
8d4  31.305 101216.848   9.007 999.984  58.781  30.724  30.718  4400128 ,63562990443075
7cd  26.733 101314.448   0.879 126.647  48.489  26.627  26.437  4405608 ,63562990448555
7ef  33.312 101335.240   0.850 999.984  57.575  31.432  31.687  4411088 ,63562990454036
