26.201 101142.688 15.190 999.984 71.774 27.399 27.093 
27.072 101147.528 14.786 999.984 68.096 28.568 28.031 
27.872 101147.440 14.794 999.984 64.831 29.555 28.937 
28.600 101146.088 14.905 999.984 62.077 30.359 29.687 
29.131 101146.752 14.849 999.984 60.139 31.024 30.312 
29.982 101159.216 13.811 999.984 57.514 31.893 31.250 
30.509 101145.088 14.989 999.984 56.194 32.376 31.750 
30.630 101146.552 14.868 999.984 55.378 32.590 32.031 
30.811 101148.680 14.691 999.984 54.928 32.869 32.250 
30.998 101136.288 15.721 999.984 54.050 33.202 32.531 
31.185 101149.584 14.614 999.984 53.303 33.459 32.750 
31.342 101141.520 15.285 999.984 52.753 33.641 32.968 
31.474 101149.312 14.638 999.984 52.181 33.824 33.187 
31.480 101150.984 14.498 999.984 52.212 33.781 33.187 
31.631 101150.824 14.511 999.984 52.006 33.909 33.281 
31.829 101147.816 14.762 999.984 51.907 34.017 33.343 
32.063 101151.464 14.458 999.984 50.930 34.424 33.656 
32.069 101149.896 14.587 999.984 50.617 34.446 33.750 
32.075 101145.096 14.989 999.984 50.579 34.478 33.812 
32.219 101152.744 14.350 999.984 50.404 34.660 33.937 
32.177 101157.256 13.974 999.984 50.266 34.650 34.000 
32.171 101149.120 14.654 999.984 50.297 34.639 33.968 
