30.110 101335.488 0.871 122.543 42.149 29.598 29.812 
29.743 101334.376 0.782 142.074 42.301 29.373 29.500 
29.394 101334.912 0.824 142.105 42.721 29.190 29.187 
29.128 101346.552 -1.791 142.120 43.301 28.869 28.843 
28.929 101333.680 0.723 142.211 43.415 28.719 28.656 
28.723 101337.400 -1.030 142.196 43.774 28.418 28.375 
28.578 101333.464 0.702 142.196 44.857 28.172 28.156 
28.384 101337.328 -1.025 142.242 45.101 28.086 28.031 
28.311 101338.368 -1.115 142.059 45.139 27.968 27.906 
28.232 101340.752 -1.310 142.150 45.376 27.850 27.781 
28.178 101337.688 -1.056 142.135 45.925 27.721 27.687 
28.068 101334.584 0.797 142.059 46.101 27.646 27.625 
27.959 101331.464 0.539 142.089 45.856 27.700 27.593 
27.837 101337.136 -1.009 142.044 45.864 27.614 27.500 
27.795 101340.480 -1.289 142.166 46.062 27.582 27.437 
27.752 101340.760 -1.310 142.074 46.177 27.356 27.343 
27.716 101342.768 -1.479 142.135 46.047 27.356 27.281 
27.606 101336.464 0.956 142.211 46.246 27.356 27.218 
27.533 101328.168 0.264 142.028 46.421 27.292 27.156 
27.375 101332.592 0.634 139.724 46.757 27.142 27.000 
27.240 101343.824 -1.564 142.089 47.436 27.035 26.906 
27.210 101335.240 0.850 142.181 47.504 27.013 26.843 
27.143 101340.816 -1.315 142.379 47.398 26.981 26.781 
