29.196 101184.504 11.702 102.279 43.362 28.719 28.906 
28.985 101184.072 11.739 102.203 43.766 28.579 28.687 
28.743 101180.888 12.003 102.279 43.476 28.493 28.500 
28.555 101178.160 12.233 102.249 43.720 28.332 28.343 
28.373 101177.064 12.323 102.127 44.445 28.032 28.062 
28.233 101179.024 12.159 102.096 44.109 27.936 27.937 
28.045 101181.960 11.916 102.111 44.697 27.646 27.687 
27.960 101178.584 12.196 102.432 45.437 27.539 27.562 
27.887 101157.912 13.919 102.386 45.445 27.507 27.500 
27.844 101175.456 12.458 101.593 45.612 27.378 27.406 
27.778 101168.320 13.052 102.142 45.795 27.281 27.312 
27.723 101173.496 12.622 102.142 46.131 27.249 27.250 
27.570 101174.720 12.519 101.959 46.307 27.067 27.093 
27.491 101172.968 12.664 102.264 46.169 27.121 27.062 
27.418 101169.944 12.918 102.035 46.093 27.196 27.062 
27.381 101180.280 12.054 102.233 46.169 27.056 27.000 
27.320 101174.800 12.511 102.233 46.169 27.013 26.937 
27.278 101174.496 12.537 102.249 45.933 27.056 26.937 
27.143 101165.952 13.251 102.233 46.001 27.110 26.937 
27.107 101179.200 12.146 101.913 46.139 27.024 26.875 
26.954 101183.112 11.818 102.340 46.650 26.852 26.718 
26.887 101178.784 12.180 102.310 47.123 26.799 26.656 
26.844 101181.392 11.964 102.096 47.489 26.659 26.562 
26.795 101182.264 11.890 102.401 47.321 26.649 26.500 
