26.381 101518.832 -16.123 999.984 70.614 26.992 26.375 
26.931 101532.976 -17.301 999.984 69.408 27.399 26.843 
27.442 101510.352 -15.420 999.984 64.877 27.839 27.312 
28.490 101522.704 -16.445 999.984 67.150 28.772 28.312 
28.881 101526.384 -16.752 999.984 65.563 29.137 28.687 
29.198 101525.264 -16.662 999.984 65.716 29.469 29.062 
29.429 101522.544 -16.434 999.984 64.213 29.727 29.312 
29.666 101540.680 -17.941 999.984 63.587 29.952 29.562 
29.873 101524.464 -16.593 999.984 59.719 30.177 29.781 
30.073 101522.504 -16.429 999.984 60.909 30.381 30.000 
30.642 101526.920 -16.799 999.984 59.338 30.960 30.531 
30.884 101529.928 -17.047 999.984 60.261 31.110 30.750 
31.065 101528.848 -16.958 999.984 58.498 31.196 30.906 
31.215 101506.400 -15.092 999.984 58.949 31.357 31.062 
31.372 101511.360 -15.504 999.984 58.468 31.475 31.187 
31.396 101521.304 -16.329 999.984 54.310 31.604 31.250 
31.408 101508.520 -15.267 999.984 54.966 31.711 31.375 
31.535 101521.168 -16.318 999.984 56.080 31.850 31.500 
31.577 101513.528 -15.684 999.984 54.012 31.958 31.562 
31.685 101514.648 -15.779 999.984 55.660 32.118 31.718 
31.835 101517.752 -16.033 999.984 56.881 32.118 31.781 
32.045 101514.888 -15.795 999.984 56.309 32.311 31.968 
