25.376 101547.664 -18.522 351.913 45.628 25.179 24.968 
25.357 101536.352 -17.581 333.923 45.727 25.147 24.968 
25.437 101537.680 -17.692 360.488 45.925 25.222 25.062 
25.480 101543.776 -18.199 360.610 45.620 25.297 25.125 
25.548 101547.680 -18.522 360.534 45.292 25.297 25.156 
25.610 101537.664 -17.687 360.107 45.353 25.319 25.187 
25.659 101539.384 -17.835 359.054 45.391 25.340 25.250 
25.659 101551.576 -18.844 360.244 45.208 25.383 25.281 
25.659 101539.384 -17.835 359.436 45.292 25.351 25.281 
25.684 101537.192 -17.650 356.903 45.460 25.372 25.312 
25.678 101529.360 -17.000 360.366 45.177 25.415 25.343 
25.721 101550.680 -18.770 360.198 45.040 25.469 25.375 
25.702 101542.416 -18.083 360.122 44.880 25.544 25.437 
25.721 101541.536 -18.009 360.244 44.903 25.587 25.468 
25.727 101546.320 -18.411 360.244 44.903 25.608 25.468 
25.684 101546.344 -18.411 359.008 44.666 25.608 25.468 
25.684 101534.152 -17.396 365.982 44.598 25.565 25.437 
25.690 101541.976 -18.046 357.376 44.666 25.565 25.437 
25.708 101535.000 -17.470 360.488 44.735 25.608 25.468 
25.702 101539.360 -17.830 360.717 44.735 25.598 25.468 
25.727 101543.264 -18.157 360.473 44.735 25.619 25.500 
25.715 101533.688 -17.359 360.275 44.567 25.640 25.500 
25.727 101537.176 -17.650 365.112 44.666 25.630 25.500 
25.659 101533.288 -17.328 360.794 44.636 25.630 25.468 
25.745 101539.336 -17.830 361.129 44.567 25.716 25.531 
25.764 101526.256 -16.741 361.465 44.506 25.716 25.531 
25.794 101544.080 -18.221 362.640 44.537 25.726 25.562 
25.782 101531.464 -17.174 362.869 44.437 25.726 25.562 
