24.540 101379.928 -4.571 309.097 45.361 24.697 24.406 
24.578 101384.688 -4.967 300.521 45.551 24.729 24.437 
24.646 101380.640 -4.629 307.800 45.948 24.815 24.531 
24.702 101375.968 -4.243 310.928 45.284 24.890 24.625 
24.794 101396.632 -5.960 311.126 45.010 24.900 24.687 
24.881 101371.368 -3.857 310.577 45.277 24.954 24.718 
24.974 101389.048 -5.332 310.241 45.277 24.975 24.781 
25.005 101383.160 -4.840 309.951 45.147 25.018 24.843 
25.011 101376.104 -4.254 309.753 45.208 25.051 24.875 
25.011 101379.040 -4.497 309.066 45.132 25.083 24.906 
25.054 101370.792 -3.810 310.501 45.101 25.147 24.968 
25.116 101376.656 -4.301 310.546 44.666 25.179 25.000 
25.153 101381.360 -4.692 290.908 44.590 25.233 25.062 
25.215 101387.208 -5.178 310.516 44.559 25.319 25.125 
25.246 101393.088 -5.665 310.394 44.590 25.308 25.125 
25.233 101383.664 -4.882 310.501 44.659 25.340 25.156 
25.203 101368.952 -3.656 304.565 44.361 25.415 25.187 
25.215 101369.544 -3.709 311.737 44.125 25.351 25.156 
25.246 101381.304 -4.687 310.485 44.292 25.340 25.156 
25.308 101372.408 -3.947 307.662 44.163 25.404 25.218 
25.326 101368.856 -3.651 310.882 44.331 25.415 25.218 
25.326 101374.752 -4.143 310.791 44.331 25.415 25.250 
25.326 101380.640 -4.629 310.852 44.094 25.426 25.281 
25.320 101370.048 -3.746 305.465 44.148 25.426 25.281 
25.295 101363.000 -3.165 311.035 44.048 25.426 25.281 
25.351 101361.168 -3.012 311.492 43.850 25.544 25.343 
25.412 101372.880 -3.984 311.660 43.819 25.469 25.343 
25.449 101365.768 -3.392 311.218 43.850 25.512 25.375 
25.474 101372.808 -3.979 312.866 43.949 25.576 25.406 
25.517 101367.440 -3.530 310.775 43.919 25.576 25.437 
