0.5061 9.6858 -0.8244 0.0861 0.1278 0.1774 6570.8 104.4 65511 
1.59047 5.6846 -0.664 0.0992 0.0974667 0.1196 21848.6 62.7333 43676.5 
0.1123 4.30865 -0.58395 0.0923 0.11085 0.1208 13112.5 44 32760.9 
-0.69568 3.42964 -0.39612 0.05232 0.09428 0.08196 7 37.88 26209.4 
-0.264633 3.2996 -0.185667 0.1009 0.0709 0.0639667 4.6 32.1333 21841.3 
0.125371 2.56743 -0.0899429 0.119857 0.0542286 0.0648 6.48571 26.7143 18719.3 
0.35335 2.13155 -0.213075 0.068425 0.03015 0.0503 5.175 25.075 16379.5 
-0.0956444 2.02773 -0.180311 0.0823111 0.0651111 0.0494444 4.35556 22.8444 14560.4 
-0.55454 1.95016 -0.05314 0.08094 0.07598 0.03796 5.1 20.14 13102.3 
-0.202855 1.87687 0.0638909 0.0849091 0.0430182 0.0352545 2.41818 19.1091 11912.4 
0.1867 1.66712 0.0848 0.0731167 0.03335 0.0274833 0.783333 18.3833 10920.6 
0.162169 1.65506 -0.0611077 0.0374923 0.0357077 0.0285385 1.2 16 10080.2 
-0.141429 1.36116 -0.178229 0.0492 0.0474714 0.0323143 2.45714 14.0571 9360.37 
-0.348947 0.996747 -0.340227 0.04272 0.0455467 0.02528 2.73333 13.2667 8736.09 
-0.1589 1.07619 -0.147763 0.045575 0.0343625 0.02235 4.4 11.975 8189.83 
0.153224 1.06598 -0.0108 0.0465529 0.0320353 0.0190824 5.43529 10.9882 7708.07 
0.0539444 1.16369 -0.0565444 0.0552222 0.0328889 0.0275111 3.37778 11.0222 7280.18 
-0.227537 1.06362 -0.161232 0.0497053 0.0267158 0.0227263 2.82105 10.4421 6896.15 
-0.24082 0.92394 -0.24565 0.03 0.01696 0.01753 3.34 9.02 6550.3 
-0.011981 0.86439 -0.101371 0.0178952 0.0121143 0.0198952 2.30476 8.15238 6238.74 
0.166991 0.726327 -0.0889636 0.0150273 0.0114182 0.0190636 0.9 8.11818 5956.14 
-0.0571391 0.838939 -0.0900087 0.0363826 0.0211391 0.0196174 1.07826 8.90435 5697.34 
-0.34435 0.837308 -0.116167 0.026225 0.0240583 0.0140167 2.19167 9.25833 5459.41 
-0.135376 0.774544 -0.066936 0.030096 0.014744 0.014832 3.128 8.328 5240.81 
0.138208 0.732308 0.00285385 0.0348769 0.0137077 0.0136385 3.57692 7.25385 5038.9 
0.0753259 0.701067 -0.0905111 0.0345259 0.0196889 0.0174222 2.60741 7.43704 4852.92 
-0.0505357 0.647271 -0.105093 0.0364143 0.0184071 0.0150571 0.928571 7.45714 4680.73 
-0.0970345 0.708083 -0.0719172 0.0195448 0.0106621 0.0121655 1.93793 6.90345 4518.64 
0.00435333 0.64526 -0.0324467 0.01342 0.00586 0.0154733 2.54667 6.46667 4367.24 
0.138813 0.579342 -0.00996774 0.0096129 0.00814839 0.00987097 1.54194 6.30323 4226.77 
0.02525 0.564256 -0.072925 0.0209938 0.0154375 0.0164125 1.45 5.875 4094.96 
-0.155164 0.544206 -0.0792182 0.0220848 0.0136182 0.0143091 2.09697 5.09091 3970.19 
-0.0766235 0.596888 -0.0563118 -0.000211765 0.00721765 0.00865294 3.55882 5.02941 3853.15 
0.0412914 0.506663 -0.0538971 0.00348 0.0111143 0.0100971 3.68571 5.4 3743.4 
0.0849611 0.451589 -0.076 0.0265333 0.0154889 0.0144111 2.36111 5.52778 3639.86 
-0.0214162 0.431189 -0.0622811 0.0284162 0.0144216 0.0148703 1.83784 5.35135 3541.73 
-0.119574 0.470821 -0.0617737 0.0133316 0.0100316 0.00936842 1.89474 4.63158 3448.11 
-0.00435385 0.499851 -0.0733231 0.00884615 0.00777436 0.0108051 2.62564 4.2359 3359.26 
0.056835 0.531605 -0.00702 0.008795 0.00715 0.0096 3.005 4.155 3275.26 
-0.00733659 0.591176 0.0343659 0.0080439 0.0110585 0.0134976 2.62927 3.8 3195.53 
-0.0985048 0.501405 0.00338095 0.0107714 0.0176476 0.0132429 2.45238 3.92857 3119.67 
-0.114409 0.386535 -0.0471302 0.0194512 0.0180884 0.0110326 2.4186 4.4186 3047.4 
0.0127318 0.446232 -0.0229091 0.0190682 0.0186045 0.01035 2.48182 4.13636 2978.03 
0.0763689 0.473351 -0.0339111 0.00936 0.0129644 0.00787556 2.63111 3.52889 2911.67 
-0.0460304 0.376683 -0.0506739 -0.00304348 0.0142696 0.00968261 2.96087 3.83913 2848.33 
-0.10757 0.343115 -0.0481064 -0.00155319 0.0180979 0.00833191 2.68511 4.05532 2788 
-0.100067 0.373717 -0.0462167 0.0178292 0.0145542 0.0100625 2.42917 3.47917 2730.16 
0.0139102 0.34711 -0.0352694 0.0158776 0.0138531 0.00874694 2.27755 3.02857 2674.41 
0.07462 0.35272 -0.069072 0.012544 0.013168 0.008224 1.72 3.08 2620.99 
-0.0342784 0.37109 -0.0754039 0.0172667 0.011051 0.00861176 1.65882 2.95294 2569.6 
-0.112319 0.324846 -0.0839462 0.0114615 0.00808462 0.00623462 2.05 2.86538 2520.02 
-0.0298415 0.324381 -0.0247245 0.00538491 0.00602642 0.00863774 1.77736 3.22642 1978.08 
0.0788667 0.336685 0.0066963 0.00636296 0.00524074 0.00728519 1.17037 3.45926 1213.65 
0.0756109 0.352498 -0.0329055 0.01096 0.00726182 0.00769455 0.989091 3.29455 1191.65 
-0.00476071 0.348629 -0.00801071 0.00619643 0.0072 0.00723571 1.18929 3.025 1170.31 
-0.0802947 0.288077 -0.029186 0.00344912 0.00637895 0.00560351 1.48421 2.97193 1609.54 
-0.00967241 0.275321 -0.0191345 0.0111103 0.00881724 0.00614138 1.8931 2.79655 2259.61 
0.067322 0.303342 0.0037322 0.0138814 0.00950508 0.00559661 1.98644 2.58305 1777.09 
-0.00077 0.332683 -0.0212267 0.01821 0.00866667 0.00892 1.44667 2.86667 655.48 
-0.0777279 0.323836 -0.0361311 0.0129672 0.00668525 0.00709508 0.993443 2.88852 0.390164 
-0.0542903 0.33811 -0.0478 0.00788065 0.00438387 0.00624516 0.974194 2.50968 0.419355 
0.0270857 0.293698 -0.0467302 0.00668571 0.00564444 0.00809841 0.803175 2.28889 0.415873 
0.0674563 0.252944 -0.0420406 0.00370937 0.00567187 0.00564062 409.966 2.29688 0.515625 
0.0151108 0.309142 -0.0176769 0.00607692 0.00730462 0.00713231 1008.38 2.66462 0.504615 
-0.0517879 0.330779 -0.0115394 0.00511515 0.00715455 0.00605455 596.17 2.85455 0.327273 
-0.0121403 0.324054 -0.00395522 0.0032 0.00447164 0.00478507 0.776119 2.71045 0.125373 
0.0501529 0.283797 0.00638235 0.00511176 0.00657647 0.00679706 0.767647 2.57353 0.15 
0.0309188 0.249032 -0.0319855 0.0145217 0.00695942 0.0074029 380.206 2.58261 0.466667 
-0.04254 0.215166 -0.06158 0.0164114 0.00825714 0.00675429 1310.47 2.52857 0.785714 
-0.0856986 0.248065 -0.0593127 0.00866761 0.0082507 0.00442817 1476.52 2.39437 0.805634 
-0.0301778 0.269361 -0.0470611 0.00603611 0.00480278 0.00471111 910.069 2.36389 0.547222 
0.0305452 0.254816 -0.0192904 0.00700822 0.00371781 0.00427945 1256.81 2.2411 0.383562 
0.0145595 0.293651 -0.000408108 0.00754595 0.00301081 0.00661622 1417.05 2.2 354.492 
-0.0354267 0.251957 -0.00273867 0.00383467 0.006664 0.00782667 524.643 2.25333 1223.29 
-0.0611026 0.2133 -0.0290342 0.00764474 0.0099 0.00604211 345.247 2.38947 1379.58 
-0.0466234 0.227525 -0.0210987 0.0126701 0.00960779 0.00665714 851.096 2.57662 851.06 
0.0141205 0.240613 -0.00541538 0.00602051 0.00822821 0.00389487 504.159 2.49744 1176.14 
0.014319 0.267175 -0.00710127 0.00106329 0.0054557 0.00488861 332.091 2.37468 1658.94 
-0.02911 0.248697 -0.0099525 0.0037425 0.00821 0.0055375 819.457 2.4125 1638.15 
-0.0518889 0.209099 -0.0457802 0.00908395 0.0102272 0.0047358 485.904 2.36296 1617.84 
-0.00724878 0.229995 -0.0272659 0.00986585 0.00711707 0.0049439 0.758537 2.30976 1598.14 
0.0402482 0.23432 -0.00913735 0.00543133 0.00507711 0.00328193 316.463 2.17831 1263.2 
0.00262857 0.226017 -0.0081619 0.00264524 0.00681667 0.00502857 780.36 2.02143 780.174 
-0.0366776 0.221725 -0.0170282 0.00563529 0.00799294 0.00472235 462.772 2.17882 1079.3 
-0.0326349 0.237453 -0.0201302 0.0111093 0.00702326 0.00452093 0.502326 2.30698 1523.8 
0.0214667 0.247092 0.00416092 0.0101011 0.00682989 0.00436322 301.69 2.12644 1204.98 
0.0394386 0.197807 -0.0214091 0.00452727 0.00424773 0.00363636 1042.53 2.00227 446.77 
-0.0178539 0.204701 -0.0195551 0.00237978 0.00629663 0.00442921 1177.96 2.09213 294.645 
-0.0510156 0.211433 -0.0180222 0.00186667 0.00809556 0.00334667 436.938 2.17778 728.213 
-0.0328549 0.220371 -0.0207495 0.00770989 0.00492747 0.00408571 0.265934 2.12088 720.16 
-0.00336304 0.22077 0.00530217 0.00861739 0.00438696 0.0040413 0.356522 1.93913 712.309 
0.0242495 0.189118 -0.0182473 0.00617634 0.00568387 0.00437204 282.159 1.86667 422.89 
-0.0170574 0.194187 -0.0284574 0.0031766 0.00593617 0.00423191 976.134 1.87021 0.287234 
-0.0500232 0.214701 -0.0166674 -3.57895e-05 0.00470526 0.00287158 1103.77 1.81684 0.2 
-0.00664583 0.2069 0.00096875 0.00231667 0.00328333 0.00425 682.802 1.93125 0.0979167 
0.0290454 0.198105 0.00471959 0.00347216 0.00377113 0.00383093 945.891 2.08041 0.191753 
0.013851 0.214022 -0.0219796 0.00652449 0.00537959 0.00485102 1069.84 1.96531 0.308163 
-0.0369616 0.185303 -0.0290424 0.00773333 0.00482222 0.00466061 397.21 1.7596 265.028 
-0.05878 0.177428 -0.027042 0.006482 0.003728 0.00341 0.196 1.8 917.488 
0.00360792 0.177519 -0.0243505 0.00751683 0.00318812 0.00373069 0.338614 1.87129 1297.59 
0.0395745 0.176216 -0.00761373 0.00639608 0.00352353 0.00293922 257.361 1.73725 1027.87 
-0.00490874 0.188643 -0.0223515 0.00888738 0.00488155 0.00480583 890.821 1.69903 381.757 
-0.0288308 0.175725 -0.0388962 0.00828654 0.00398462 0.00413269 1008.13 1.57308 252.092 
-0.0198267 0.182848 -0.0270419 0.00473143 0.00218667 0.00321714 624.11 1.26857 873.665 
0.0110057 0.1652 -0.0140283 0.00574528 0.00216604 0.00393396 865.315 1.11509 865.44 
0.0370673 0.152211 -0.0135084 0.00673271 0.00283178 0.00386916 1224.42 1.25047 245.056 
-0.00669815 0.167954 -0.0243704 0.00452593 0.00468519 0.00380556 1213.07 1.48148 364.137 
-0.0517284 0.178719 -0.0342092 0.0010055 0.00478899 0.00245688 1202.11 1.53761 961.886 
-0.0109091 0.182542 -0.0272236 0.00245636 0.00283818 0.00355455 1191.34 1.41636 1191.31 
0.0267838 0.177739 -0.00167748 0.0038 0.0014955 0.00397838 1180.51 1.27748 1180.56 
0.0285946 0.18408 -0.0051875 0.00395179 0.00281071 0.00389286 1169.61 1.23929 819.125 
-0.00347434 0.166609 -0.0179115 0.00166018 0.00465487 0.00350088 1159.09 1.20354 232.099 
-0.0363228 0.143123 -0.0262754 0.00293509 0.00397018 0.00258246 1149.16 1.18246 459.996 
-0.00230435 0.149746 -0.00686783 0.00704 0.00363478 0.0028 1139.32 1.13217 569.915 
0.0270655 0.152291 -0.0023931 0.00561897 0.00387931 0.00255172 1129.38 1.11897 564.957 
-0.00542906 0.166585 -0.0106581 0.00772821 0.00425812 0.00384444 1119.81 1.07692 1008.18 
-0.0274627 0.173719 0.00207119 0.00732542 0.00322373 0.00327288 1110.54 1.0661 1110.6 
-0.0287345 0.16539 -0.0176336 0.00482857 0.00246387 0.00286218 1101.2 1.26723 1101.25 
-0.00528833 0.14536 -0.0215633 0.00730333 0.00263167 0.00367167 1092 1.40833 1092.15 
0.024843 0.113007 -0.0176496 0.00540992 0.00241818 0.00315537 1082.82 1.32893 649.911 
0.00236393 0.138951 -0.000680328 0.00509836 0.00386557 0.00365738 1073.86 1.19672 537.157 
-0.033761 0.160538 0.00547805 0.00521301 0.00387642 0.00300976 1065.27 0.96748 958.883 
-0.0317645 0.164124 -0.00531613 0.00680484 0.00297903 0.00293387 1056.77 0.833871 1056.81 
-0.0031792 0.161466 -0.0033008 0.0064704 0.0025088 0.0034336 1048.16 0.7824 1048.4 
0.0230762 0.148837 -0.0208952 0.00477778 0.00339841 0.00335873 1039.71 0.877778 1040.08 
-0.0129685 0.142928 -0.0223433 0.00687244 0.00462992 0.0027811 1031.69 0.979528 1031.82 
-0.0435531 0.1438 -0.0138359 0.00465156 0.00280312 0.00228437 1023.65 0.742188 1023.67 
0.00297054 0.137722 -0.0069907 0.0022124 0.0022124 0.00332093 1015.61 0.748837 1015.73 
0.0358508 0.137802 0.000130769 0.00357692 0.00433692 0.00308 1007.73 0.909231 1007.94 
0.0226092 0.146754 -0.013513 0.00747939 0.00596489 0.00370534 1000.22 0.987786 1000.24 
-0.0202848 0.136524 -0.0180848 0.00770606 0.00643788 0.00345152 992.811 1.02879 992.683 
-0.010815 0.167713 -0.00613233 0.00480301 0.00515038 0.00268571 985.114 0.774436 985.211 
0.0222627 0.148657 -0.012894 0.00315373 0.00368507 0.0028806 977.552 0.656716 977.97 
0.019083 0.123877 -0.0208859 0.00362815 0.00303852 0.00199111 970.281 0.903704 970.756 
-0.005525 0.128959 -0.0191824 0.00659853 0.00423088 0.00313971 963.125 1.08088 963.596 
-0.0339839 0.125526 -0.0134438 0.00512701 0.00599854 0.00270949 955.927 0.875912 956.642 
-0.015687 0.140841 -0.000963768 -0.00122174 0.00486377 0.00211449 949.261 0.710145 949.507 
0.0124288 0.132642 0.00214388 4.7482e-05 0.00411511 0.00291942 942.791 0.848921 942.576 
0.0299571 0.133911 -0.00717857 0.00751429 0.00347286 0.00315143 935.836 1.03571 935.936 
0.00551064 0.136309 -0.0243816 0.00888794 0.00418014 0.00342695 929.045 0.934752 929.204 
-0.0248141 0.131623 -0.0140479 0.00793521 0.00460423 0.00384366 922.511 0.516901 922.103 
-0.0231972 0.133982 0.00143077 0.00493147 0.0041007 0.00288811 916.025 0.246154 915.208 
-0.022125 0.142901 -0.00941806 0.00360139 0.00386667 0.00244583 909.642 0.0972222 908.839 
0.00624 0.127324 -0.0120055 0.00556 0.0027669 0.00268552 903.361 0.0206897 902.534 
0.0339096 0.110729 -0.0152301 0.00496575 0.00206164 0.00232192 897.226 0.105479 896.316 
0.00540544 0.135343 -0.00746122 0.00258776 0.00226939 0.00320408 891.336 0.223129 890.128 
-0.0349014 0.119893 -0.0171716 0.000898649 0.00258378 0.00241892 885.455 0.212162 884.023 
-0.0161101 0.119352 -0.0215302 0.00451409 0.00274899 0.00216913 879.46 0.185235 878.129 
0.02154 0.125304 -0.0102133 0.00513733 0.002336 0.00216 873.487 0.206667 872.364 
0.00594834 0.126121 -0.0152093 0.00308742 0.00157616 0.00174967 867.623 0.313907 866.584 
-0.0210882 0.124083 -0.0130026 0.00230658 0.00409474 0.00204474 861.821 0.394737 860.897 
-0.0344693 0.100804 -0.0207765 0.00317908 0.00470065 0.00260261 856.23 0.326797 855.278 
-0.0134714 0.125723 -0.00477143 0.00585455 0.00299351 0.00269221 850.809 0.190909 849.664 
0.0220168 0.140237 0.00253677 0.00469935 0.00212 0.00181548 845.39 0.112258 844.187 
0.0118205 0.136409 -0.0121744 0.00456538 0.00271154 0.00261667 840 0.184615 838.79 
-0.0190981 0.114161 -0.0117924 0.00570191 0.00389172 0.00252102 834.555 0.242038 833.439 
-0.0264481 0.0865253 -0.0227468 0.00385823 0.00329241 0.00196582 580.461 0.179747 828.104 
0.0111849 0.0924176 -0.0181774 0.00425409 0.0032717 0.00226918 412.131 0.176101 822.84 
0.0289125 0.10323 -0.00756375 0.00501375 0.0041625 0.001995 409.606 0.18125 817.736 
0.0100484 0.130307 -0.00231677 0.00331056 0.00529193 0.00344969 407.046 0.126708 812.663 
-0.0130988 0.127916 -0.0042358 0.00295556 0.00589012 0.00294074 647.16 242.736 807.644 
-0.0131926 0.114913 -0.00832761 0.00311779 0.00489939 0.00164663 803.929 643.175 802.751 
0.00212805 0.102424 -0.0039122 0.00354024 0.00503171 0.00194878 559.32 799.071 797.89 
0.02648 0.10079 -0.00268485 0.00598788 0.00566182 0.00238182 158.881 794.239 793.051 
0.0216108 0.138102 0.00963614 0.00810964 0.00473735 0.00376747 236.857 552.64 788.322 
-0.0167641 0.143764 0.00768982 0.00489222 0.00457605 0.0026515 392.35 392.398 783.595 
-0.0153917 0.132577 0.00108929 0.00241905 0.003925 0.002275 390.04 624.067 778.883 
0.00424142 0.115091 -0.00125799 0.00374793 0.00355385 0.00300828 620.36 775.399 774.317 
0.0214447 0.111629 -0.00374706 0.00562941 0.00385882 0.00298824 539.708 770.828 769.786 
-0.00727719 0.108699 -0.00939415 0.00596725 0.00493801 0.00296491 153.469 766.344 765.249 
-0.0278116 0.103667 -0.0166314 0.0031314 0.00427558 0.00172674 304.88 761.841 760.831 
-0.00111908 0.117145 0.000353757 0.00387052 0.00215145 0.00192717 378.778 757.495 756.487 
0.00502989 0.124172 0.012631 0.00461034 0.00253448 0.00218966 75.3724 753.207 752.177 
-0.00444343 0.114089 -0.00383543 0.00440229 0.00294514 0.00278629 0.100571 449.362 747.881 
-0.016133 0.101676 -0.00783409 0.00417841 0.00284659 0.00274773 297.94 74.533 743.662 
-0.0247367 0.102003 -0.00398079 0.00411864 0.00240226 0.00215932 370.334 296.192 739.501 
0.00296067 0.0994303 -0.0075573 0.00455506 0.00155056 0.00211348 368.251 662.545 735.421 
0.0282011 0.103438 -0.00433631 0.0025933 0.00136089 0.00149609 366.154 732.069 731.356 
-0.00507444 0.106276 -0.00729889 0.00234333 0.00298222 0.0027 364.124 728.06 727.304 
-0.0280541 0.104439 -0.0123006 0.00265193 0.00249834 0.00249503 651.707 723.917 723.385 
-0.0144835 0.117248 -0.00904945 0.00254396 0.000781319 0.00153187 432.201 719.885 719.298 
0.00781093 0.105296 -0.00347213 0.00155082 0.00119891 0.00207541 71.8776 716.077 715.281 
0.0167413 0.094838 -0.00993587 0.00223261 0.00181522 0.00187174 0.252174 712.248 711.463 
0.00151892 0.104272 -0.00471135 0.00526811 0.00268865 0.00267784 0.161081 708.332 707.694 
-0.0254624 0.102386 -0.00208495 0.00370753 0.00341828 0.00224516 0.152688 704.449 703.882 
-0.0187626 0.105156 -0.0113925 0.00335508 0.00282781 0.00182888 0.197861 700.609 700.061 
0.00975532 0.106355 -0.00600957 0.00419362 0.0020766 0.00270851 0.109574 696.795 696.38 
0.0266423 0.0959958 -0.0133746 0.00388995 0.00235979 0.00237884 0.173545 693.128 692.637 
0.000741053 0.0990779 -0.01602 0.00291263 0.00471053 0.00241789 276.081 689.595 689.028 
-0.0298503 0.105939 -0.0125215 0.000937173 0.00458743 0.0017267 343.133 685.998 685.497 
-0.00874375 0.105495 -0.00433854 0.00121146 0.00179271 0.0016 68.3677 682.472 681.884 
0.0159026 0.102895 0.00168705 0.00227254 0.00183627 0.00175544 0.21658 678.936 678.349 
0.0215938 0.0934464 -0.00552371 0.00497938 0.00304021 0.00194227 0.265979 675.338 674.736 
-0.0106872 0.0975395 -0.00524205 0.00548615 0.00390359 0.00217846 0.255385 671.933 671.213 
-0.0246908 0.0998194 -0.0160694 0.00286224 0.00371633 0.00150816 0.25 668.46 667.821 
0.00153706 0.0992761 -0.00714822 0.00177766 0.00255736 0.00150254 0.171574 664.99 664.511 
0.0196535 0.0891303 -0.000961616 0.00259091 0.00249697 0.00150505 0.123232 661.685 661.176 
0.00620101 0.10497 -0.00789749 0.00472362 0.00311357 0.0024402 0.151759 658.477 657.77 
-0.014185 0.110075 -0.006171 0.003945 0.003312 0.002647 262.22 655.158 654.6 
-0.015607 0.0932965 -0.0125403 0.00200896 0.0028597 0.0019194 326.112 651.854 651.402 
0.000616832 0.100117 -0.00485743 0.0015703 0.0019396 0.00152574 324.48 648.726 648.171 
0.0179123 0.0951074 -0.000277833 0.000859113 0.0011734 0.00118424 322.833 645.505 644.995 
-0.00782745 0.0837931 -0.00808627 0.00108627 0.00178725 0.00200098 64.3696 642.297 641.775 
-0.0336254 0.0808556 -0.00917951 0.0023922 0.00281756 0.00184585 0.205854 639.125 638.653 
-0.0221922 0.0927583 -0.0116282 0.0050466 0.0027932 0.00175437 0.257282 636.046 635.519 
0.00864928 0.0915275 -0.0159787 0.00397391 0.00219324 0.00157198 0.400966 632.954 632.428 
0.015424 0.0893106 -0.0170846 0.00182115 0.00188365 0.00170096 0.459615 629.915 629.381 
-0.0143311 0.0884651 -0.020045 0.00315789 0.00296268 0.00168517 0.326316 626.92 626.414 
-0.0325771 0.082281 -0.0211257 0.00307905 0.0028219 0.00119619 0.257143 623.85 623.457 
-0.0115403 0.0771261 -0.0136095 0.00351185 0.00203223 0.00208626 0.274882 620.9 620.436 
0.0121943 0.0886745 -0.00599717 0.00302264 0.00162075 0.00162453 0.198113 617.953 617.547 
-0.00663662 0.105628 -0.00804977 0.00274648 0.00181596 0.00165258 0.347418 615.155 614.601 
-0.0219019 0.0881701 -0.00827944 0.00362617 0.00261589 0.00188692 0.626168 612.318 611.598 
-0.016294 0.083946 0.00121953 0.00350419 0.00216837 0.00142419 0.646512 609.409 608.721 
0.0129898 0.0959685 0.000264815 0.004025 0.0017537 0.00142315 0.541667 606.634 605.977 
0.025624 0.0992931 -0.0021871 0.00213825 0.0018212 0.00121106 0.437788 603.848 603.221 
-0.00311101 0.10127 0.00585138 0.000777982 0.00264954 0.00182569 0.353211 601.133 600.491 
-0.00989863 0.0938429 0.00347215 0.0019242 0.00326393 0.00181553 0.228311 598.42 597.845 
-0.0123391 0.0875173 -0.0121182 0.00396545 0.00281364 0.00170182 0.240909 595.723 595.132 
0.00039819 0.0841285 -0.0116054 0.00365792 0.0020724 0.00146335 0.294118 592.964 592.448 
0.0163514 0.076745 -0.0113027 0.00168468 0.00213604 0.00142793 0.346847 590.23 589.761 
-0.00122063 0.084574 -0.00511031 0.00150135 0.00205202 0.00201345 0.394619 587.623 587.139 
-0.0180473 0.0858536 -0.00139464 0.00223929 0.00173482 0.00151786 0.389286 526.429 584.521 
-0.018 0.0846338 -0.00475822 0.00360533 0.00194044 0.00156 0.440889 349.387 581.867 
0.000226549 0.0938903 -0.000735398 0.00255841 0.00155929 0.0014531 0.458407 289.956 579.297 
0.00303877 0.0906678 -0.00531718 0.000722467 0.00211101 0.00199648 0.435242 288.65 576.765 
-0.0108526 0.0858544 -0.00703158 0.0015 0.00328246 0.00199825 0.396491 402.293 574.272 
-0.0210638 0.0849633 -0.0115127 0.00375371 0.00284803 0.00137729 0.475109 457.783 571.741 
-0.0124052 0.0930904 -0.00733043 0.00386783 0.00180696 0.00145043 0.585217 284.877 569.23 
0.0132926 0.0925411 -0.00587186 0.00168745 0.00159913 0.00152814 0.533333 397.065 566.814 
0.00137845 0.0798474 -0.00958707 -0.00131207 0.002875 0.00212759 0.396552 564.834 564.4 
-0.0189073 0.0709948 -0.00896137 -0.000155365 0.00338369 0.00170472 0.393991 449.982 561.927 
-0.0123769 0.0769778 -0.00897692 0.0044188 0.00293333 0.00206068 0.44188 280.044 559.534 
0.00906553 0.0861174 -0.00683574 0.00368085 0.00253957 0.00187915 0.417872 390.312 557.209 
0.0142508 0.0895102 -0.00901695 0.00143051 0.00214746 0.00168729 0.347458 555.186 554.869 
-0.00935527 0.0796928 -0.00528101 -0.000419409 0.00290127 0.00210127 0.221097 552.879 552.547 
-0.0228218 0.0777765 -0.000631092 0.000177311 0.00324454 0.00133782 0.163866 550.629 550.223 
-0.0114636 0.0873054 -0.00923598 0.00371297 0.00303264 0.00212887 0.246862 548.357 547.889 
0.00615833 0.0807283 -0.00925417 0.0033675 0.00267917 0.0018925 0.303333 546.058 545.545 
0.0104166 0.0872813 -0.00209461 0.00152199 0.00168963 0.00147967 0.217427 543.738 543.285 
-0.00796116 0.0774322 -0.00702893 0.000905785 0.00162397 0.00160909 0.170248 541.453 541.081 
-0.0206535 0.0723078 -0.0107679 0.00162716 0.00241152 0.00118848 0.187654 539.266 538.899 
-0.0119074 0.0868459 -0.00709754 0.00374918 0.00324672 0.00185574 0.161475 537.106 536.752 
0.00380245 0.0795682 -0.00368816 0.00282857 0.00287347 0.00136653 0.134694 534.904 534.535 
0.00241545 0.0834138 -0.00577561 0.000239837 0.00160488 0.00147317 0.190244 532.696 532.286 
-0.0128332 0.0718478 -0.0101887 -0.000309312 0.00216032 0.00166559 0.240486 530.537 530.095 
-0.0180161 0.0616323 -0.012121 0.00142581 0.00236129 0.00120887 0.235484 422.763 527.963 
0.000831325 0.0681606 -0.00410281 0.00316867 0.00189076 0.0017012 0.301205 157.953 525.901 
0.020104 0.0764152 0.0019944 0.001832 0.0014672 0.0012104 0.3616 0.0608 523.794 
0.00672988 0.0789737 -0.00552829 0.000280478 0.00156414 0.00146932 0.290837 0.0629482 521.695 
-0.00644365 0.0666643 -0.00835159 0.00101508 0.00209762 0.00153651 0.155556 104.051 519.654 
-0.0115336 0.0604087 -0.0134577 0.00276759 0.0017004 0.00140949 0.143083 362.598 517.569 
0.000995276 0.0675079 -0.00989213 0.00332362 0.00106142 0.00136693 0.148819 515.916 515.561 
0.0175945 0.0735443 -0.00827922 0.00204549 0.000881569 0.00075451 0.141176 411.1 513.556 
0.00108672 0.0750867 -0.00839297 0.000992188 0.00171016 0.00169766 0.246875 255.956 511.478 
-0.0187751 0.0712918 -0.00616109 0.000845914 0.00171284 0.00167393 0.232685 356.955 509.448 
-0.0165349 0.0669054 -0.0118457 0.00213411 0.00133178 0.00117132 0.111628 406.36 507.504 
-0.00258378 0.0723382 -0.0049861 0.00321622 0.00122162 0.00111197 101.266 253.017 505.593 
0.00683077 0.0644377 -0.00681692 0.00242923 0.00125308 0.00112692 352.845 252.066 503.715 
-0.00385057 0.0632268 -0.00963755 0.00103372 0.00156092 0.00153487 502.084 301.311 501.858 
-0.0172099 0.0584626 -0.0114832 0.00134656 0.00140382 0.00141374 300.105 400.163 499.971 
-0.00520913 0.065276 -0.00780989 0.00328441 0.00148213 0.00111483 49.946 498.303 497.993 
0.00809545 0.0755273 -0.00135833 0.00296894 0.00168561 0.000984848 0.201515 496.45 496.003 
0.00238792 0.0682362 -0.000689811 0.00109208 0.00109962 0.00154264 0.218113 296.798 494.125 
-0.00329925 0.068097 -0.00124962 0.00148872 0.00167594 0.00145714 0.203008 49.3774 492.286 
-0.00178352 0.068767 -0.0106352 0.00437753 0.0026397 0.00149438 0.141573 196.392 490.461 
0.00859851 0.060541 -0.0126239 0.00426343 0.00221866 0.00127164 0.1 440.076 488.619 
0.011171 0.0688729 -0.00815762 0.00169368 0.00228327 0.00137026 0.0929368 487.129 486.77 
-0.0129637 0.0732237 -0.00496889 0.00132296 0.00173037 0.00214741 0.0866667 291.213 484.936 
-0.022628 0.066417 -0.00307897 0.00187749 0.00133358 0.00146199 193.472 241.831 483.146 
-0.00855221 0.0742912 -0.0104478 0.00362206 0.00180074 0.00177279 433.624 240.946 481.412 
0.0084359 0.0648447 -0.015096 0.00339121 0.00196557 0.00163297 480.045 48.0212 479.607 
0.0163263 0.0604526 -0.0114438 0.00155693 0.00160949 0.00147226 287.02 191.316 477.779 
-0.00519127 0.0615324 -0.00815418 0.000970909 0.00224 0.00170909 47.7127 238.293 475.988 
-0.0218862 0.0652275 -0.00653913 0.00182174 0.00272971 0.00120435 189.986 47.542 474.268 
-0.00796101 0.0713841 -0.0079639 0.00340794 0.0027213 0.00175307 425.819 0.131408 472.676 
0.0125583 0.0725683 -0.00928201 0.00230647 0.00233453 0.0014259 235.773 0.111511 470.96 
0.00836989 0.0680373 -0.0128502 -8.74552e-05 0.00165161 0.00131039 234.923 0.0329749 469.211 
-0.00708429 0.0611057 -0.0115214 0.000629286 0.00183857 0.00146929 468.019 0.0792857 467.529 
-0.0118883 0.0663053 -0.00651103 0.00238292 0.00140142 0.00128114 466.283 0.128114 465.906 
0.00142411 0.0662468 -0.00369929 0.00296312 0.00124539 0.00130355 464.616 0.0737589 464.278 
0.0147993 0.0667936 -0.00474912 0.00245795 0.000985866 0.000928622 462.982 0.0459364 462.599 
0.00271479 0.0733627 0.000452817 0.0025331 0.00129789 0.00148592 461.282 0.124648 461.022 
-0.0163642 0.0698982 0.000445614 0.00265754 0.00162105 0.00138105 459.63 0.152281 459.411 
-0.0108769 0.0740462 -0.0059958 0.00289441 0.00138601 0.00124056 458.066 45.9441 457.747 
0.0021331 0.0698251 -0.00420767 0.0029324 0.00130592 0.0012216 456.558 228.395 456.056 
0.00213819 0.0610326 -0.00877222 0.00154514 0.00102292 0.00115417 454.997 182.061 454.4 
-0.0108734 0.0636554 -0.0103834 0.000880277 0.00202076 0.00138201 408.058 0.0373702 452.844 
-0.01928 0.0617683 -0.00657655 0.00113793 0.00221862 0.000983448 225.918 0.037931 451.227 
-0.00391203 0.0614818 -0.007789 0.00292165 0.00134227 0.00117388 270.177 0.123024 449.687 
0.0110068 0.0596116 -0.0108151 0.00238425 0.00114726 0.00095137 448.777 0.189041 448.197 
0.011802 0.0729584 -0.00808396 0.00157201 0.0014628 0.00109078 447.292 0.184983 446.648 
-0.00185578 0.0762095 -0.00293333 0.00158639 0.0020966 0.00142653 401.178 0.153741 445.105 
-0.0146027 0.0634264 -0.00915593 0.00108271 0.00161831 0.00108 177.715 0.122034 443.512 
-0.000539865 0.0617595 -0.00699662 0.0027973 0.000901351 0.00137365 44.323 44.3595 442.027 
0.0143596 0.0627152 -0.00225387 0.00244242 0.000880135 0.00117037 220.633 220.688 440.591 
-0.000553691 0.0734503 -0.00522215 0.00209664 0.00147651 0.00134966 219.921 176.034 439.107 
-0.00993244 0.0683184 -0.00405284 0.00280602 0.00174916 0.00138261 263.011 0.127759 437.639 
-0.00696667 0.0600933 -0.00418267 0.002758 0.00124067 0.000966 436.825 0.0846667 436.187 
0.00540797 0.0688957 -0.00026113 0.00276877 0.000879734 0.00108173 391.815 0.13289 434.748 
0.0185384 0.0643265 -0.00432649 0.00129205 0.000839735 0.000875497 173.583 0.196689 433.277 
0.00431947 0.0601967 -0.00906733 0.000683828 0.00172013 0.00154587 0.134653 0.179538 431.818 
-0.012448 0.0619704 -0.00280395 0.00135855 0.00182368 0.00149342 0.148684 0.144737 430.393 
-0.0130354 0.0691961 0.000647213 0.00284262 0.00165574 0.0010682 43.0577 0.143607 428.991 
0.00121961 0.0652503 -0.00376536 0.00302288 0.00185098 0.00103203 214.136 0.137255 427.633 
0.0152423 0.0592267 -0.0101394 0.0016228 0.00117134 0.00088013 170.756 0.141368 426.184 
0.00172532 0.0555364 -0.00961948 -0.000321429 0.00193961 0.00139351 42.6396 0.222727 424.777 
-0.00815922 0.0563851 -0.00332686 -0.000455016 0.00198835 0.00113074 212.106 0.250485 423.504 
0.00214452 0.0587361 -0.00263032 0.00235742 0.00117032 0.00105097 169.154 0.176774 422.209 
0.00876849 0.0539428 -0.000173633 0.0027672 0.00155305 0.0011865 0.102251 0.171704 420.847 
0.00242885 0.0637981 0.00298269 0.00251667 0.00105577 0.00133654 42.0936 0.170513 419.495 
-0.00808179 0.0545955 -0.00363003 0.0016262 0.00135591 0.00151757 209.392 0.241534 418.219 
-3.3758e-05 0.0439936 -0.00764204 0.00124777 0.00201019 0.000974522 333.871 0.411465 417.12 
0.0124952 0.0560737 -0.00458667 0.00326794 0.00133968 0.00127492 374.429 0.548571 415.996 
-0.00203038 0.0628582 -0.00439241 0.00337848 0.0016557 0.00139367 248.86 0.59557 414.63 
-0.0146372 0.0549148 -0.0109994 0.00191735 0.00199685 0.00091041 206.701 0.607571 413.279 
-0.0116553 0.0603176 -0.00353459 0.00130503 0.00176164 0.00119937 370.848 0.609434 411.999 
0.000741066 0.0654608 0.00371348 0.00172414 0.00156176 0.0011279 410.671 0.570533 410.742 
0.0059025 0.0630175 -0.0023 0.00263062 0.0012825 0.0012725 409.313 0.591875 245.693 
-0.0128642 0.0592698 -0.00957695 0.00287477 0.00111589 0.00140312 408.06 0.623053 204.137 
-0.0172938 0.0523025 -0.0133677 0.00201863 0.00101863 0.00110435 406.834 0.639752 366.275 
-0.00141362 0.0554322 -0.00445944 0.00131517 0.00119195 0.00114613 405.666 0.591331 405.661 
0.00780988 0.0561827 0.00347963 0.00135864 0.00134506 0.00100679 404.462 0.559877 404.391 
0.00175015 0.0607415 -0.000404923 0.00270831 0.00147938 0.00141169 403.151 0.593231 403.184 
-0.00730613 0.0599356 -0.00318466 0.00258834 0.0016589 0.00129387 401.864 0.564417 241.194 
-0.00390703 0.0657609 0.00243731 0.00155229 0.00172171 0.0010526 400.705 0.573089 200.33 
0.0057439 0.0633213 0.00243598 0.00167988 0.0018372 0.00117683 399.542 0.629878 359.514 
0.0118511 0.0557672 -0.00378541 0.00329179 0.00165836 0.00106687 239.004 0.626748 398.272 
-0.000224848 0.0533539 -0.00929152 0.00431273 0.00218848 0.00133333 198.552 0.601818 397.084 
-0.0179353 0.0555233 -0.0120387 0.00255468 0.00262719 0.000977039 356.252 0.551662 395.922 
-0.00499759 0.0596825 -0.0135229 0.000774699 0.00152651 0.000919277 394.631 0.51506 394.675 
0.0114228 0.0535556 -0.00913814 0.0013958 0.000872072 0.0012985 393.449 0.507508 393.455 
0.0106377 0.055376 -0.00269641 0.00228623 0.000755689 0.00115329 392.289 0.546707 392.294 
0.00133672 0.0566072 -0.00442269 0.00278448 0.00145731 0.0012394 391.165 0.650746 391.095 
-0.011853 0.0597357 -0.00547857 0.00229107 0.00167619 0.00114762 390 0.670238 389.896 
-0.00818754 0.0652427 -0.00203976 0.00121306 0.00108487 0.00147478 233.329 0.665282 388.721 
0.00778994 0.0584118 -0.00198876 0.00140651 0.00125089 0.00145917 38.8438 0.674556 387.561 
0.0118732 0.0458407 -0.00713451 0.00232389 0.00120767 0.00124838 154.686 0.670796 386.491 
-0.00300647 0.0474953 -0.00753647 0.00279176 0.00179353 0.00127235 346.888 0.67 385.442 
-0.0106645 0.0503167 -0.010556 0.00188622 0.00197185 0.00114194 230.565 0.692082 384.263 
0.0016076 0.053848 -0.000757895 1.52047e-05 0.00116901 0.00120351 38.3333 0.681871 383.067 
0.0112385 0.0593213 0.00333411 0.000617493 0.00128921 0.000928863 0.0466472 0.625073 381.978 
0.0104285 0.064014 -0.00511512 0.00334186 0.0024157 0.00150698 152.441 0.622093 380.931 
-0.00396638 0.0586203 -0.0080487 0.00289565 0.00283188 0.00138029 189.995 0.627826 379.799 
-0.0147734 0.0515376 -0.0111029 0.00142659 0.00183584 0.000991329 189.418 0.624855 378.656 
0.00191873 0.0539885 -0.00770086 9.45245e-05 0.000926225 0.00111585 188.904 0.624784 377.549 
0.0133126 0.0511052 -0.00659598 7.18391e-05 0.0008 0.000733333 37.8121 0.644253 376.46 
-0.000794269 0.060761 -0.00364871 0.00209857 0.00141261 0.00120344 0.103152 0.716332 375.422 
-0.0130446 0.0566611 -0.00764343 0.00232457 0.001764 0.001232 149.821 0.724571 374.385 
-0.00667521 0.0524256 -0.00875613 0.00199601 0.00114473 0.00107066 186.719 0.641026 373.3 
0.00457841 0.0536114 -0.00333693 0.0011392 0.000669318 0.00128977 37.2784 0.573864 372.201 
0.0130946 0.0432232 -0.0093966 0.000993768 0.000683853 0.00110085 0.148442 0.576771 371.137 
0.00191073 0.0507819 -0.00578475 0.00281073 0.00122655 0.00131638 0.174576 0.626554 370.09 
-0.0132969 0.0604806 -0.00355211 0.00216394 0.00157746 0.00116732 0.102535 0.650141 369.052 
-0.00385281 0.0587084 -0.00261685 0.00116124 0.00103315 0.00101966 0.0842697 0.633708 368 
0.00692325 0.0546129 0.00370252 0.00147451 0.00111597 0.000994398 0.0560224 0.666667 366.997 
0.00806257 0.0572106 -0.000290503 0.00251006 0.00159888 0.00119665 0.100559 0.681564 365.983 
-0.00619721 0.0558468 -0.00516379 0.00291198 0.00175822 0.00134819 0.111421 0.623955 364.969 
-0.0145533 0.0493722 -0.00763389 0.00186944 0.00130167 0.00105667 0.0583333 0.569444 363.953 
0.00290637 0.0482305 -0.00675734 -5.20776e-05 0.000912465 0.00104654 0.130194 0.578947 362.878 
0.0117646 0.0561403 -0.00542983 -0.000289503 0.000823757 0.000814917 0.265193 0.624309 361.84 
-0.000322314 0.0608628 -0.00500606 0.00202369 0.00103912 0.00121267 0.322314 0.652893 360.862 
-0.0117159 0.0565758 -0.00477637 0.00248571 0.00120989 0.00108571 0.296703 0.653846 359.868 
-0.00856219 0.0625474 -0.00121151 0.00203836 0.0008 0.00100712 0.287671 0.621918 358.825 
0.00325082 0.0562306 -0.00080929 0.00123169 0.000573224 0.00129235 0.245902 0.655738 357.874 
0.00782289 0.0512207 -0.00576076 0.00128392 0.000655586 0.000841962 0.19891 0.662125 356.956 
-0.000270109 0.0513408 -0.0073413 0.00265163 0.00148696 0.00115707 0.225543 0.660326 355.97 
-0.0146916 0.0472569 -0.00942385 0.00204878 0.00213713 0.00106504 0.192412 0.680217 355 
-0.00977459 0.0546243 -0.00528757 0.000947027 0.0011973 0.00121351 0.171892 0.584865 354.017 
0.00574933 0.0565461 0.00103504 0.00124582 0.000833962 0.00126415 0.269542 0.493801 353.004 
0.0103161 0.0520683 -0.00266398 0.00243602 0.00121129 0.000969892 0.334946 0.508065 352.058 
-0.00364611 0.0491979 -0.00595925 0.00268472 0.00186971 0.000988204 0.272386 0.565147 351.157 
-0.013223 0.0559251 -0.00589786 0.00161444 0.00196738 0.000852941 0.161497 0.570053 350.243 
-9.65333e-05 0.0583787 0.00303413 -1.6e-05 0.00115467 0.00103467 0.119467 0.510933 349.294 
0.00865638 0.0500027 0.00235106 0.000509574 0.00113404 0.000919149 0.117021 0.48617 348.354 
0.00556764 0.0536515 -0.00501061 0.00286207 0.00165252 0.00121698 34.9167 0.500796 347.431 
-0.00972487 0.052854 -0.00774444 0.0028328 0.00190582 0.00105079 173.484 0.519577 346.552 
-0.0145821 0.0499979 -0.0100908 0.00167599 0.00152401 0.000890237 138.442 0.473879 345.634 
-7.68421e-05 0.0497953 -0.00290211 0.000107895 0.000972105 0.00115316 0.145263 0.46 344.677 
0.0125223 0.0412016 -0.00516955 0.00036378 0.0011706 0.000841995 0.101837 0.520735 343.782 
0.0045911 0.0508455 -0.0067623 0.00253298 0.00192251 0.00112775 0.144503 0.567539 342.869 
-0.0134903 0.0542846 -0.00567572 0.00254204 0.00215979 0.00107728 0.199478 0.571279 341.972 
-0.00897708 0.0512052 -0.00562396 0.000959896 0.0015224 0.0010401 0.209896 0.544271 341.067 
0.0042026 0.046174 -0.00176 0.000181299 0.00102701 0.00114597 0.226494 0.478961 340.178 
0.0119741 0.0385539 -0.00758705 0.00138912 0.000907254 0.000858549 0.160104 0.432642 339.392 
0.00391473 0.0438021 -0.00807442 0.00267597 0.0013292 0.00116848 0.0470284 0.434625 338.594 
-0.0139572 0.0442201 -0.00844639 0.0019799 0.00178454 0.000976289 0.0340206 0.410309 337.714 
-0.0107974 0.0448494 -0.011854 -6.6838e-06 0.00112339 0.000869409 33.7866 0.43856 336.787 
0.000371282 0.0468923 -0.00543282 5.53846e-05 0.000615385 0.00101846 168.099 0.459487 335.928 
0.00804757 0.0440552 -0.00466496 0.00174834 0.000861893 0.00103069 134.117 0.436317 335.069 
-0.00181837 0.0439653 -0.00861633 0.00231939 0.00124949 0.00111735 0.0959184 0.413265 334.171 
-0.0156891 0.0464015 -0.00968346 0.00176896 0.0010117 0.000985242 0.183715 0.388295 333.317 
-0.00647411 0.0431624 -0.00510812 0.000861929 0.000669543 0.00116142 0.270051 0.417259 332.446 
0.00463291 0.0449397 -0.00118532 0.00101063 0.000713418 0.000956456 0.279494 0.425316 331.614 
0.00731162 0.0472793 -0.00481212 0.00204747 0.00116465 0.00106616 0.244949 0.408586 330.801 
-0.00544685 0.0458 -0.00705642 0.00246952 0.00151587 0.0012806 0.165239 0.425189 329.998 
-0.0122492 0.0504663 -0.00659698 0.00162462 0.0013598 0.000906533 0.127136 0.418593 329.168 
-0.000465664 0.050184 -0.00120251 -0.000166416 0.000757393 0.000919799 32.9388 0.399499 328.349 
0.009226 0.043431 -0.002827 0.0002025 0.0006815 0.000812 163.835 0.39 327.593 
0.00396708 0.0470843 -0.00861945 0.00263691 0.00138155 0.00126933 130.759 0.425935 326.778 
-0.0100826 0.0449975 -0.00996468 0.00282836 0.00128955 0.00132886 0.0631841 0.443284 325.963 
-0.0127861 0.0424819 -0.0105201 0.00201886 0.000950372 0.00088933 0.13201 0.401985 325.133 
-0.00123614 0.0481535 -0.00601287 0.00216782 0.00101188 0.00102822 32.6099 0.40099 324.296 
0.00636988 0.0480138 -0.00681037 0.00144198 0.000763457 0.000875556 194.215 0.44642 323.542 
-0.0026867 0.0465438 -0.00729015 -0.000499015 0.00134778 0.00102266 290.501 0.468966 322.783 
-0.0102776 0.047486 -0.00383931 -0.000205405 0.0013774 0.000841769 128.833 0.44914 321.956 
-0.00851765 0.0518225 -0.00201912 0.000915686 0.000612745 0.000760784 32.2176 0.436275 321.113 
0.00154572 0.0475154 -0.00143814 0.00106748 0.000899267 0.00123276 160.293 0.43423 320.359 
0.0127405 0.040838 -0.0059078 0.00229268 0.00100195 0.00108293 127.905 0.434634 319.618 
0.00203893 0.0405528 -0.00719075 0.00294355 0.00205839 0.000936253 0.0676399 0.458881 318.821 
-0.0143777 0.0429 -0.0103709 0.00175874 0.00255485 0.000864563 31.8568 0.46068 318.078 
-0.00479128 0.0495278 -0.00680484 -0.000850847 0.00130169 0.000954479 158.689 0.395157 317.326 
0.00612029 0.0499599 -0.00067343 -0.000521739 0.000962319 0.000952174 126.705 0.338647 316.501 
0.00332 0.0445494 -0.00511325 0.00215904 0.00126361 0.00106506 0.0804819 0.355181 315.722 
-0.00643317 0.046163 -0.00581346 0.00237837 0.0018524 0.000998077 31.5173 0.417308 283.503 
-0.0150331 0.0433237 -0.0116293 0.00153669 0.00167002 0.000745324 188.521 0.416787 157.145 
-0.00513349 0.0479679 -0.0055823 0.00124689 0.00070622 0.00103732 313.446 0.397608 188.114 
0.00897852 0.0476816 -0.000928878 0.00131456 0.000763723 0.000861098 312.725 0.407637 312.769 
0.00365286 0.0471781 -0.0036719 0.00191143 0.00142286 0.000969048 312.029 0.412381 312.017 
-0.0114371 0.0478903 -0.00353824 0.00223943 0.00164228 0.000948694 311.306 0.444656 311.257 
-0.0144986 0.047028 -0.00537678 0.00154597 0.00123886 0.000851659 310.572 0.451185 310.467 
-0.00225626 0.0470246 -0.00201608 0.000129551 0.000631678 0.00102175 278.872 0.437352 309.709 
0.00969811 0.0371491 -0.00397311 0.000124057 0.000659434 0.000694811 123.693 0.445283 308.989 
0.00107388 0.048408 -0.00554165 0.00180329 0.00108 0.00100094 0.056 0.436235 308.268 
-0.011354 0.0514695 -0.00247512 0.00186244 0.00144272 0.00104319 30.7948 0.401408 307.563 
-0.00857752 0.0501569 -0.00117283 0.00164356 0.00125152 0.000966276 184.162 0.361593 306.851 
0.00323832 0.0437664 -0.00562243 0.00111495 0.000696262 0.00119299 275.586 0.363084 306.13 
0.0110681 0.035255 -0.00463683 0.00111748 0.000627506 0.000993007 122.225 0.408392 305.389 
-0.00321116 0.0382805 -0.00783767 0.00224698 0.00118558 0.000971628 60.9972 0.459535 304.666 
-0.0160896 0.0445063 -0.00873039 0.00159443 0.00133225 0.000829698 152.084 0.451044 303.958 
-0.00824213 0.0468431 -0.00282083 -2.03704e-05 0.000883333 0.000833333 91.106 0.414352 303.224 
0.00270993 0.0455404 -0.000437413 0.000184296 0.000925173 0.000739954 0.0886836 0.437875 302.52 
0.000551152 0.0489088 -0.000860369 0.00203318 0.00105253 0.00096129 0.0410138 0.45023 301.841 
-0.0108129 0.0401572 -0.00767126 0.00259034 0.000973333 0.00109747 0.0335632 0.415172 301.147 
-0.014905 0.0391 -0.0102046 0.00178119 0.000741743 0.000874312 0.0729358 0.393119 300.437 
-0.00201053 0.0424105 -0.00371991 2.0595e-05 0.000573913 0.00109291 0.149199 0.371625 299.715 
0.0102411 0.0422507 0.00093242 -0.000277169 0.000547032 0.000928767 0.176256 0.352511 299.026 
-0.000510706 0.0469349 -0.00348793 0.000605011 0.001 0.00124692 0.135763 0.397267 298.364 
-0.00961591 0.0451827 -0.00620591 0.000840455 0.00120091 0.00114773 0.0872727 0.395455 297.714 
-0.00404535 0.0465329 -0.00535147 0.00153288 0.000960998 0.000698413 0.0825397 0.33288 297.041 
0.0049095 0.0458738 -0.00239412 0.00180724 0.000851584 0.000900452 0.106787 0.311312 296.352 
0.00709391 0.0383752 -0.00439278 0.00154041 0.000738149 0.000871332 59.2528 0.297517 295.694 
-0.00264775 0.0447113 -0.00363288 0.0012036 0.00120495 0.00109505 147.635 0.317568 295.047 
-0.0113933 0.0445793 -0.00466966 0.000813933 0.00130112 0.000899775 147.307 0.345618 294.382 
-0.00708161 0.0420798 -0.00544484 0.000562332 0.000965919 0.000834529 146.992 0.349327 293.722 
0.00462506 0.0392219 -0.00092528 0.000764206 0.000721253 0.000985682 146.676 0.336018 293.079 
0.00948125 0.034717 -0.0051567 0.00137679 0.000661607 0.00093125 146.31 0.30625 292.454 
-0.00230512 0.0438806 -0.00481158 0.00104499 0.00111492 0.000888641 145.942 0.303341 291.825 
-0.0128551 0.045156 -0.00832 0.000556444 0.00108222 0.000728444 145.631 0.329333 291.176 
-0.00381153 0.0426177 -0.00665144 0.00164789 0.000735698 0.000976497 87.2341 0.331264 290.494 
0.00959248 0.0385571 -0.00579823 0.00149646 0.000545133 0.00085354 0.0787611 0.312389 289.826 
0.00724062 0.0391347 -0.00993245 0.00112141 0.000996468 0.0010234 0.0538631 0.312583 289.201 
-0.00801674 0.0399806 -0.00818282 0.000981498 0.00121762 0.00104978 0.0819383 0.311894 288.546 
-0.0158958 0.0333068 -0.0105785 0.000757363 0.000553407 0.00072 0.127033 0.351209 287.896 
-0.000397368 0.0388026 -0.00668026 0.00164123 0.000435088 0.000715789 0.0960526 0.408333 287.289 
0.00905777 0.0442451 -0.00326871 0.00148359 0.00052779 0.000586871 86.0687 0.403063 286.697 
-0.00350437 0.0454773 -0.00676769 0.000975109 0.000946725 0.00104017 143.104 0.385153 286.092 
-0.00918867 0.0415895 -0.00854641 0.00102527 0.0009878 0.00104532 142.811 0.358606 285.451 
-0.00940174 0.0421761 -0.00664696 0.00129435 0.000663478 0.000828261 142.52 0.359565 284.828 
-0.000135792 0.0397957 -0.0056564 0.000638178 0.000903254 0.000898048 56.954 0.402169 284.232 
0.00910909 0.0390913 -0.00570866 0.000335498 0.00061342 0.0008 0.1 0.380519 283.631 
-0.00298013 0.0452963 -0.00294644 -3.84449e-05 0.00064838 0.00110842 0.0734341 0.342981 283.018 
-0.0130009 0.0434129 -0.00355905 -0.00024569 0.000856466 0.000950862 84.7728 0.371121 282.414 
-0.0106551 0.0425923 -0.00582796 0.00155527 0.000966882 0.000713118 140.936 0.385806 281.823 
-0.00219185 0.0376549 -0.00366438 0.0017 0.00104807 0.000966094 56.2682 0.333476 281.202 
0.00550064 0.0371893 -0.00444154 0.000936188 0.000700214 0.00112548 0.0573876 0.328908 280.576 
-0.00521709 0.0387607 -0.00585556 0.000692308 0.00085 0.000902991 0.0782051 0.39359 279.971 
-0.0122388 0.0391151 -0.00614371 0.000445629 0.000946695 0.000623881 0.0597015 0.415352 279.394 
0.00199362 0.0398596 -0.00259149 0.000537447 0.000674894 0.000774468 0.0634043 0.368936 278.824 
0.00958259 0.0423384 0.00121444 0.0005431 0.000529087 0.000707006 83.5202 0.338004 278.244 
-0.000302119 0.0471657 -0.00222839 0.00134407 0.000740678 0.0011411 138.838 0.372881 277.654 
-0.0101433 0.0399543 -0.00787569 0.000915433 0.00120507 0.00119239 138.544 0.396195 277.047 
-0.0126608 0.0348688 -0.00815781 0.000836287 0.00132152 0.000837975 221.172 0.383122 193.519 
-0.00187579 0.0394118 -0.00375747 0.00172126 0.00108926 0.000874947 275.864 0.393684 137.942 
0.00663697 0.0413164 -0.00233571 0.00116008 0.000843697 0.000621849 192.713 0.380252 220.244 
-0.000512369 0.0437681 0.000513627 0.00054717 0.0010847 0.000904403 137.37 0.365199 274.735 
-0.00652427 0.0423088 0.000195397 0.000676151 0.00131548 0.000823849 137.076 0.379916 274.154 
-0.00607349 0.047899 0.00267015 0.00188685 0.00112735 0.000679749 136.813 0.387056 273.583 
0.00307708 0.0440679 0.00180667 0.00182708 0.0010425 0.000876667 218.435 0.371667 273.01 
0.00979626 0.0323846 -0.00605322 0.000960915 0.00082079 0.000653222 272.404 0.356757 190.704 
-0.00205519 0.0358257 -0.00360622 0.00170788 0.000922407 0.000630705 271.81 0.371369 135.925 
-0.0135636 0.0378894 -0.00309027 0.00166377 0.000913872 0.000687371 271.294 0.379296 216.995 
-0.0047438 0.0419562 -0.0016124 -0.000111157 0.000806198 0.00077314 270.736 0.366116 270.691 
0.00420619 0.0420594 0.000210309 2.43299e-05 0.00170722 0.000901031 270.148 0.358763 270.164 
0.00766584 0.0399794 -0.00175597 0.0023107 0.00187613 0.00123333 269.608 0.381481 269.625 
-0.00223778 0.0401018 -0.00402628 0.00251006 0.00161684 0.00104641 269.078 0.397536 269.041 
-0.0109463 0.040752 -0.00698402 0.000955328 0.00157623 0.000828689 268.509 0.366803 268.449 
-0.00446094 0.0392532 -0.000976278 0.000503476 0.00133865 0.000880573 267.891 0.335787 267.9 
0.00356245 0.0387441 0.00130367 0.00115306 0.00201265 0.000748163 267.28 0.359184 267.355 
0.00964684 0.0406916 -0.00337149 0.00229898 0.00246029 0.0013833 266.734 0.417923 266.814 
0.00971463 0.0362077 -0.00509024 0.00193537 0.00150447 0.00147683 266.266 0.310976 266.085 
-0.00173103 0.0361716 -0.00223895 0.00151034 0.00141379 0.00100365 265.788 0.188641 265.386 
-0.0113049 0.0422291 -0.000749798 0.00126559 0.00164818 0.000738057 265.239 0.174899 264.9 
-0.00146343 0.0403556 0.000408485 0.00116202 0.00117172 0.000676364 264.688 0.107879 264.378 
0.00849476 0.0379956 0.00180766 0.00159395 0.00137097 0.000766129 211.343 0.0866935 263.831 
0.00873722 0.0402523 -0.000752918 0.00205956 0.00162736 0.00115533 131.852 0.105835 263.318 
-0.00379357 0.0372815 -0.0037241 0.00225663 0.00173815 0.00113253 184.184 0.114859 262.81 
-0.0113271 0.0327824 -0.00811984 0.00136994 0.0014521 0.000736273 262.542 0.092986 262.261 
0.00048 0.0324808 -0.0076512 0.0002576 0.0008328 0.0006944 262.028 0.0584 261.714 
0.00892854 0.035578 -0.00308383 1.63673e-05 0.000620359 0.000487425 209.254 0.0522954 261.168 
0.00598127 0.0367343 -0.000384462 0.00125657 0.00105259 0.000884861 130.531 0.0717131 260.658 
-0.00183976 0.0366103 0.00093837 0.00174592 0.00152485 0.000884294 182.338 0.0914513 260.159 
-0.00342579 0.0413766 0.00077619 0.00117976 0.00131111 0.000596825 259.972 0.077381 259.623 
0.00277822 0.0399822 0.00137663 0.000473267 0.0011699 0.000809505 259.439 0.070099 259.134 
0.00930988 0.0345415 0.000454545 0.0012913 0.00162885 0.000990514 258.91 0.0652174 258.671 
0.00380434 0.0329404 -0.00324615 0.00241854 0.00198777 0.00113452 258.415 0.0362919 258.178 
-0.0071811 0.0356134 -0.00446024 0.00140157 0.0017378 0.000877953 257.915 0.0330709 257.654 
-0.00542986 0.0392896 -0.00259293 0.000427505 0.0013222 0.000812181 257.428 0.0628684 257.106 
0.00351725 0.036238 -0.00237647 0.00090902 0.00157059 0.000795294 256.92 0.074902 256.583 
0.00835851 0.0309194 -0.00566536 0.0018047 0.00169746 0.000928767 179.482 0.0618395 256.093 
-0.00293047 0.0316043 -0.00586992 0.00203477 0.00198828 0.00106797 127.969 0.0535156 255.6 
-0.0133216 0.0372031 -0.00752203 0.00109474 0.00186082 0.000756335 204.333 0.0538012 255.1 
-0.00538911 0.0393486 -0.00491362 0.000376654 0.000989494 0.000678988 254.891 0.0451362 254.61 
0.00565398 0.0393243 0.000956505 0.000809709 0.000991456 0.000682718 254.405 0.0481553 254.111 
0.00434186 0.040757 0.000410078 0.00153876 0.00148682 0.000990698 253.925 0.0844961 253.619 
-0.00836054 0.039087 -0.000165571 0.00171103 0.00185261 0.00104062 253.418 0.098646 253.144 
-0.00966139 0.0401726 -0.00103784 0.00119961 0.00156409 0.000641313 252.897 0.0725869 252.663 
0.00111946 0.0353087 -0.00199576 0.000867437 0.00119383 0.000522158 252.419 0.0381503 252.158 
0.00684731 0.0250692 -0.004585 0.00134615 0.00142808 0.00067 251.973 0.0180769 251.657 
-0.00051286 0.036319 -0.00341228 0.00248023 0.0014906 0.00122802 251.483 0.0284069 251.195 
-0.0103494 0.0386889 -0.00473027 0.00216552 0.00151188 0.000987739 250.921 75.3521 250.741 
-0.00682218 0.0339893 -0.00749866 0.00102447 0.0013304 0.000687954 250.403 200.47 250.257 
0.000750763 0.0408824 -0.00197366 0.000816031 0.000608779 0.000711832 249.973 250.092 249.75 
0.00488838 0.0372503 -0.00153181 0.000581714 0.000375619 0.000446476 249.554 174.743 249.253 
0.00227452 0.0349589 0.000294297 0.000503802 0.000756654 0.000901521 249.06 49.8559 248.792 
-0.00527324 0.0337279 0.00033093 0.000587476 0.00108767 0.000821632 248.543 0.027704 248.321 
-0.005275 0.0355057 -0.00212424 0.000333712 0.00114318 0.000638636 248.079 0.0132576 247.818 
0.00114972 0.0364401 -0.000688847 0.000602647 0.00110095 0.000886578 247.612 0.0102079 247.353 
0.00746943 0.0319196 -0.00368113 0.00166679 0.000997736 0.000825283 247.185 0.0222642 246.893 
0.00193032 0.0339653 -0.00499812 0.00200414 0.00152316 0.00087307 246.781 74.0689 246.403 
-0.00989662 0.0359289 -0.00421128 0.0011282 0.00174624 0.00057782 246.307 197.081 245.929 
-0.00532608 0.035675 -0.0036 0.000581238 0.00122927 0.000556848 245.813 172.108 245.484 
0.00378127 0.035224 -0.00224045 0.00104195 0.00102434 0.000627341 245.348 122.719 245.024 
0.00439813 0.0391899 -0.00119963 0.00169271 0.00104523 0.000817196 244.917 122.517 244.547 
-0.00456194 0.0372922 -0.00291754 0.0017291 0.00111194 0.000939925 244.468 48.9608 244.106 
-0.00933631 0.0323441 -0.00615754 0.000891993 0.00103724 0.000591806 244.003 0.0577281 243.66 
-0.00310372 0.0363245 -0.00166097 0.000441636 0.000861338 0.000644981 243.534 73.0952 243.197 
0.00232764 0.0400957 0.00428089 0.000935065 0.000893878 0.000681262 243.048 194.499 242.764 
-0.000822593 0.0386667 -0.00124667 0.00183667 0.00105778 0.00103111 242.591 242.678 242.337 
-0.00863956 0.03478 -0.00471165 0.00177967 0.00107246 0.000934196 242.165 242.221 241.895 
-0.0102546 0.0347391 -0.00312399 0.00112509 0.00101697 0.000599631 241.754 169.235 241.434 
0.00310313 0.0337466 -0.00424678 0.000619153 0.000808103 0.000654512 241.306 48.2726 240.989 
0.010018 0.033429 -0.00239522 0.000486029 0.000661765 0.000616176 240.832 96.3419 240.561 
-0.00182495 0.0374686 0.00140587 0.00120587 0.000782385 0.000904587 240.407 216.393 240.123 
-0.00982418 0.0379377 -0.00159304 0.00135275 0.000734066 0.000830769 239.984 240.003 239.727 
-0.0050468 0.0361656 -0.00360804 0.00173931 0.000670201 0.000712249 239.494 239.552 239.303 
0.00424526 0.0348036 -0.00127883 0.00150438 0.000677372 0.000615693 239.095 239.142 238.85 
0.00424299 0.0354273 -0.00330018 0.00111475 0.00075337 0.000860838 238.71 238.678 238.434 
-0.00361964 0.0345404 -0.00417018 0.00165309 0.000842909 0.00104182 119.14 238.238 237.98 
-0.00852849 0.0328403 -0.00158766 0.00122396 0.000624682 0.000678403 0.0235935 237.836 237.536 
0.000997464 0.0350402 0.00180254 -0.000175725 0.000603623 0.000631884 0.042029 237.383 237.117 
0.00931284 0.0339613 -0.000319349 -0.000170705 0.000591682 0.000539602 23.7609 236.92 236.69 
0.0023213 0.0357791 -0.00120433 0.00150794 0.000738989 0.000833574 141.952 212.867 236.278 
-0.00574198 0.0367063 0.000655135 0.00152324 0.0011564 0.000765045 212.526 118.075 235.858 
-0.00500683 0.035514 -0.000918705 0.000832014 0.00111403 0.000685252 94.3331 141.418 235.418 
-0.00131311 0.0329005 0.000413285 0.0011368 0.00113752 0.00100934 0.0402154 235.26 234.998 
0.00493226 0.0271932 -0.00324588 0.00187455 0.0013233 0.000914695 0.0172043 211.342 234.607 
0.00257388 0.0258959 -0.00777209 0.00220429 0.0018551 0.00110519 0.0243292 93.7646 234.197 
-0.00975393 0.0297511 -0.00855357 0.00125393 0.00178464 0.000838929 0.0264286 46.7943 233.774 
-0.00501783 0.0358991 -0.00383636 0.000528342 0.000864528 0.000558289 46.739 163.477 233.366 
0.00644875 0.0351509 -0.00039395 0.000883274 0.000838078 0.000688256 116.614 186.518 232.96 
0.00784121 0.0330465 -0.00444796 0.00152043 0.00112398 0.000813854 116.422 116.391 232.54 
-0.00217199 0.0337426 -0.00500816 0.00166028 0.00129894 0.000776596 116.203 162.652 232.128 
-0.00546549 0.0365901 -0.00481168 0.00104637 0.00133381 0.00055646 69.6064 231.909 231.718 
0.00297527 0.0358774 0.00094841 -0.000171025 0.001 0.000570318 0.0791519 231.482 231.285 
0.00747866 0.0334021 0.00379118 0.00025291 0.00109277 0.000634568 0.118166 231.11 230.869 
0.00644225 0.036443 0.0024831 0.00207218 0.00144613 0.00110563 0.096831 230.724 230.459 
-0.00484991 0.0364228 0.00218137 0.0018464 0.00171037 0.000870299 0.0657293 230.294 230.05 
-0.00778982 0.0382221 0.000674386 0.000810175 0.00150877 0.000368772 0.0785965 229.861 229.654 
0.00154641 0.0330063 -0.000241681 0.000587741 0.00134711 0.000608056 0.0844133 229.434 229.274 
0.00420559 0.0301713 -0.00337413 0.0011451 0.00159161 0.000754545 0.0692308 229.033 228.891 
0.00248866 0.0351902 -0.000572775 0.00220942 0.00160524 0.00107469 0.0858639 228.665 228.487 
-0.00324739 0.0371986 0.000976655 0.00172648 0.00161916 0.000839024 0.097561 228.269 228.098 
-0.00410539 0.0392275 -0.0027367 0.000399304 0.0010247 0.000475826 0.0793043 227.862 227.704 
0.00122083 0.0337674 -0.00246076 0.000571875 0.000446875 0.000560417 0.0475694 227.486 227.312 
0.00361282 0.0302253 -0.00332513 0.000997574 0.000503293 0.000640555 0.0350087 158.979 226.929 
-0.00357716 0.0303865 -0.00383529 0.000513149 0.000648443 0.000691003 0.0570934 45.3505 226.511 
-0.00865769 0.0362442 -0.0020304 0.000315717 0.000649396 0.000509845 0.083247 0.00310881 226.087 
-0.00284655 0.0430383 0.00382138 0.00130345 0.000654828 0.000567241 0.0944828 67.7779 225.691 
0.00186988 0.0365508 0.00270568 0.00145714 0.000721859 0.000595525 0.102582 180.432 225.292 
0.00298522 0.0306883 -0.00585189 0.00109725 0.000964948 0.000762543 0.0941581 157.616 224.909 
-0.00301304 0.0285551 -0.00453688 0.000753002 0.00113756 0.000798285 0.0466552 112.384 224.563 
-0.00638801 0.0277336 -0.00444863 0.000396233 0.000821233 0.000645205 0.0688356 112.176 224.171 
0.000703248 0.0335771 -0.00185026 0.0011959 0.000660855 0.000719316 0.117265 112.006 223.759 
0.00633754 0.0329655 0.000700683 0.00141775 0.00107133 0.000690102 0.094198 111.834 223.392 
-0.000355026 0.0331877 -0.00344497 0.00158773 0.00137547 0.000943782 0.0756388 111.631 223.028 
-0.00646429 0.0320707 -0.00413095 0.00143197 0.0015881 0.000826531 0.0833333 178.27 222.634 
-0.00209372 0.0323416 -0.00295246 0.000787436 0.00148557 0.000678438 0.10798 222.437 222.241 
0.00341729 0.0306878 -0.00212814 0.000459322 0.00144678 0.000829492 0.142373 222.049 221.871 
0.007489 0.0265635 -0.00257699 0.00104704 0.00148393 0.000863283 0.168866 221.683 221.502 
0.000334122 0.0315122 -0.00239426 0.00195709 0.00215845 0.00105405 0.140541 132.795 221.138 
-0.00801046 0.0334105 -0.00435008 0.00118381 0.00226105 0.000697808 0.11973 110.454 220.773 
-0.0022367 0.0327407 -0.0058862 0.000256902 0.000944444 0.000565993 0.109428 198.505 220.409 
0.00346689 0.0313432 -0.00220403 0.000626218 0.000727395 0.000659832 0.0793277 220.215 220.063 
0.00715403 0.0289517 -0.00149027 0.00104564 0.000846309 0.000648322 0.10302 219.852 219.696 
-0.00127337 0.032274 -0.00211558 0.00128241 0.00110084 0.000763819 0.114573 219.485 219.331 
-0.00738796 0.037707 -0.00105184 0.00117559 0.00115485 0.000612375 0.0993311 219.103 218.973 
0.00280868 0.0329536 0.000547913 0.000549583 0.00107913 0.000490818 0.120534 218.753 218.605 
0.00658767 0.024763 0.000651 0.00103533 0.00162633 0.000615667 0.150667 218.409 218.237 
0.00114509 0.0318619 -0.00183794 0.00222995 0.00171115 0.00114309 0.179035 218.043 217.859 
-0.00455249 0.0340226 -0.00299203 0.00208538 0.00162326 0.000938538 0.19103 130.608 217.492 
-0.00513831 0.0323552 -0.00222255 0.000894527 0.00141758 0.000497844 0.169818 108.651 217.146 
0.00449636 0.0304238 0.000173841 0.000344702 0.00129603 0.000590397 0.112252 195.238 216.82 
0.0085405 0.0279183 -9.58678e-05 0.000877025 0.00165719 0.000701818 0.0872727 216.586 216.481 
-0.000981848 0.0323261 -0.00573201 0.00193564 0.00150891 0.00112475 0.10264 129.748 216.127 
-0.00719012 0.0290656 -0.00691895 0.00162142 0.00129292 0.000953542 0.0701812 107.928 215.787 
-0.00772039 0.0313543 -0.00396283 0.000822368 0.00104605 0.000694079 0.0924342 107.75 215.415 
0.00111002 0.0318171 -0.00240328 0.00138916 0.000593103 0.000584565 0.108046 107.606 215.056 
0.00697279 0.0318584 -0.000782951 0.00109443 0.000393443 0.000440656 0.0691803 193.362 214.723 
-0.00246416 0.0334311 -0.000397709 0.000383961 0.000710638 0.000837643 0.102128 214.469 214.365 
-0.00947516 0.0293209 -0.00231961 0.000555882 0.000930392 0.00087549 0.137582 214.125 214.002 
-0.00372007 0.0315615 -0.00304209 0.000978467 0.000771941 0.000679935 0.140946 128.286 213.633 
0.00327622 0.0284319 -0.00235733 0.0012557 0.000802932 0.000490554 0.14658 21.3674 213.274 
0.00447675 0.0275987 -0.00255252 0.00118049 0.000647154 0.00068 0.163577 85.2354 212.938 
-0.00148182 0.0313403 0.00102532 0.000629221 0.000563312 0.000756169 0.159416 191.464 212.598 
-0.00824571 0.0264891 -0.000847326 0.000599028 0.000800972 0.000484279 0.157212 212.409 212.241 
-0.00427508 0.0301129 -0.0034822 0.00165307 0.000984466 0.000768608 0.191909 212.061 211.901 
0.00442391 0.0337047 -0.00117706 0.00122359 0.000973829 0.000680129 0.179645 211.711 211.589 
0.00497097 0.0346087 -0.00179226 0.000676452 0.000683871 0.000772258 0.139355 211.341 211.251 
-0.0028248 0.0321163 -0.00254461 0.000503704 0.00102673 0.000795491 0.12657 210.985 210.906 
-0.00835209 0.0278714 -0.00568296 0.000842444 0.00144116 0.000528939 0.115113 126.404 210.589 
-0.00269374 0.0307079 -0.00458684 0.00155762 0.00121091 0.000880257 0.120064 21.053 210.241 
0.00424647 0.0308308 -0.00246186 0.000940705 0.000986859 0.000645833 0.14359 84.0006 209.884 
0.0004624 0.0315773 -0.00263808 5.344e-05 0.00069952 0.00070656 0.15392 188.68 209.552 
-0.00415335 0.0305035 -0.00149137 0.000432588 0.00110096 0.000795847 0.115335 209.333 209.228 
-0.0075177 0.0276852 -0.00453876 0.00147241 0.00132089 0.00054992 0.0861244 209.016 208.918 
0.00139809 0.0325385 -0.00337261 0.0013465 0.000920701 0.000755414 0.119427 208.663 208.573 
0.00902035 0.0338207 -0.00154785 0.000624801 0.000671224 0.000594595 0.113514 208.334 208.242 
-0.000935556 0.0302829 -0.00190603 0.000293651 0.000759683 0.000807619 0.119683 208.03 207.923 
-0.00531854 0.0298773 -0.0020336 0.00058954 0.00104628 0.000842155 0.137242 207.699 207.565 
-0.00812532 0.0304025 -0.0045481 0.00123956 0.00108924 0.000710127 0.0851266 207.366 207.255 
-0.00426951 0.0315845 -0.00205814 0.00134945 0.000792733 0.000637599 0.0407583 124.242 206.954 
0.00309274 0.0319095 -0.000438801 0.000821136 0.000574763 0.000546688 0.0570978 103.356 206.624 
-0.00402646 0.0333172 0.000690079 0.000362205 0.000942677 0.000748031 0.0730709 103.19 206.296 
-0.0104088 0.0318352 0.00149843 0.00048805 0.00100849 0.000625786 0.0918239 103.037 205.943 
-0.00627284 0.0271165 -0.00324678 0.0012898 0.00100911 0.000739717 0.140973 102.873 205.607 
0.00244232 0.0256285 -0.00377931 0.00111129 0.00114828 0.000685893 0.144514 102.718 205.306 
0.00401283 0.0299487 -0.00234992 0.000489202 0.00068169 0.000614397 0.0985915 184.568 205.012 
-0.00372625 0.0282281 -0.00347406 0.000448437 0.0006125 0.000642187 0.0575 204.755 204.672 
-0.00601186 0.0281304 -0.00278502 0.00060468 0.00093947 0.000523245 0.0411856 122.673 204.333 
-0.00104237 0.0299393 -0.00101215 0.00131277 0.00078785 0.000682866 0.0426791 102.064 204.042 
0.00393344 0.0298852 -0.000700467 0.00100435 0.000630171 0.000523484 81.5552 183.433 203.734 
0.00251491 0.0297025 -0.00419286 0.000168012 0.000809317 0.000601553 183.16 122.106 203.429 
-0.00253953 0.026285 -0.00465643 0.000393488 0.000865426 0.000577984 101.603 20.324 203.097 
-0.00341517 0.0311963 -0.00123065 0.00096192 0.000734056 0.000460372 0.0325077 0.0170279 202.757 
0.00356476 0.0329289 -0.00273663 0.00128841 0.000472025 0.00055085 101.311 101.298 202.451 
0.00679352 0.0286877 -0.0049537 0.000897222 0.000382407 0.000467901 101.147 101.137 202.131 
-0.00123082 0.0284989 -0.00145393 -7.33436e-05 0.000858243 0.000722034 100.994 100.988 201.835 
-0.00556338 0.030648 0.000769846 4.92308e-05 0.000930154 0.0006 100.843 201.622 201.523 
-0.0012341 0.0326845 -0.000803687 0.001298 0.00063871 0.000440553 0.0552995 100.661 201.201 
0.00467301 0.0296291 -0.00235061 0.00137301 0.000571472 0.000464724 0.0521472 0.0368098 200.887 
0.0051075 0.0273446 -0.0042245 0.000800613 0.000556815 0.000505666 0.0275651 0.0459418 200.576 
-0.000307339 0.0285697 -0.000769725 0.000567584 0.000876453 0.000594495 0.0152905 0.0275229 200.287 
-0.00644275 0.0287453 0.000680916 0.000407939 0.000960916 0.000505649 0.021374 100.052 199.96 
-0.00546311 0.031597 -8.23171e-06 0.0011311 0.000894512 0.000569512 0.0914634 199.793 199.649 
0.00136377 0.031688 0.000796347 0.00135647 0.00100518 0.000555251 0.12481 199.458 199.346 
0.00508419 0.0311784 4.92401e-05 0.00110881 0.00103982 0.000626444 0.0911854 199.152 199.052 
-0.00328862 0.0303399 -0.000485281 0.000943551 0.00106252 0.000679211 0.0485584 198.865 198.744 
-0.00838 0.0299879 -0.00200212 0.000502727 0.0009 0.000582121 0.0106061 198.553 198.411 
2.5416e-05 0.0290418 6.80787e-05 0.000205144 0.00103207 0.000514372 99.1498 99.1286 198.112 
0.00651782 0.024874 -0.00155166 0.000660121 0.0014864 0.000609366 197.976 0.00906344 197.819 
0.00508989 0.0282739 -0.00415686 0.00185008 0.00185128 0.00108416 98.8643 98.8371 197.501 
-0.00372199 0.0321226 -0.00226928 0.00164217 0.00204187 0.000810843 0.063253 197.358 197.172 
-0.00280872 0.0305462 -0.00122466 0.000525714 0.00158767 0.000489323 98.5627 197.046 196.889 
0.00292793 0.0282294 -0.000294895 0.000442643 0.0013027 0.000712613 157.412 196.757 196.614 
0.00669745 0.0252042 -0.00285667 0.00133193 0.00118351 0.000805097 58.9493 157.187 196.302 
0.00311377 0.0266171 -0.00521587 0.00160689 0.00142275 0.000823952 39.2602 98.0985 196.009 
-0.00594978 0.029696 -0.00635277 0.00083438 0.00149477 0.000601196 137.13 137.115 195.736 
-0.000648358 0.0285764 -0.00402925 0.00033403 0.00108269 0.000521194 195.563 195.571 195.456 
0.00578867 0.0277887 -0.00128733 0.000719225 0.00134337 0.000537109 156.199 156.23 195.168 
0.00389643 0.0293622 -0.00399881 0.0017256 0.00146964 0.000990476 97.4893 58.5101 194.871 
-0.00331025 0.0274092 -0.00479822 0.00172749 0.00144368 0.000894799 136.284 58.425 194.582 
-0.00606024 0.0258015 -0.00507656 0.000909496 0.00115875 0.000522552 194.401 155.537 194.282 
0.00262252 0.0267345 -0.00553007 0.000713185 0.000648 0.000603556 135.902 194.117 193.973 
0.00784349 0.0289302 -0.00337189 0.000439941 0.000392604 0.000405325 38.7902 193.841 193.68 
9.86706e-05 0.0326183 -0.0013805 0.00019291 0.000649631 0.000613589 58.0774 193.576 193.394 
-0.00533864 0.0297587 -0.00180383 0.000584366 0.0011 0.000589676 154.625 193.286 193.105 
-0.00188601 0.0310309 0.000746686 0.000340795 0.00111311 0.000506922 192.989 192.988 192.825 
-0.00145353 0.0317841 0.000946176 0.000366176 0.000955 0.000515588 192.681 173.459 173.307 
-0.00659501 0.0230135 -0.00461997 0.000496623 0.00078884 0.000338326 192.402 77.1172 96.1627 
-0.00730733 0.0233211 -0.00478504 0.000409091 0.000564809 0.000500293 172.941 0.231672 115.295 
-0.000717716 0.0281757 -0.000472914 0.000593851 0.000586823 0.000547877 95.9502 0.224305 191.879 
0.00376784 0.0270208 0.000946784 0.000565789 0.000834503 0.000415205 95.7927 0.246491 191.609 
-0.00228613 0.0297206 0.000154453 0.00125168 0.000858978 0.000634161 76.5556 0.258978 191.325 
-0.00741399 0.0284592 -0.00298017 0.00108776 0.000805248 0.000633528 0.064723 0.244898 191.013 
-0.00628035 0.0267662 -0.00417031 0.000589811 0.000849782 0.000498399 19.1211 0.22853 190.728 
0.00026657 0.0275009 -0.00121599 0.000601744 0.000818895 0.000567151 95.2677 0.236919 190.472 
0.00896604 0.0206795 -0.00406473 0.000752975 0.000710015 0.000496662 76.1074 0.254862 190.191 
0.00432638 0.0234959 -0.00140058 0.00138029 0.000743478 0.00070029 19.0243 0.285797 189.912 
-0.00598003 0.030255 -0.000813025 0.00102808 0.000745586 0.000596527 94.8365 0.29754 189.652 
-0.00319046 0.0287942 -0.00522688 0.00109364 0.000549422 0.000530925 113.639 0.263006 189.366 
0.0030202 0.0261481 -0.00326176 0.00128398 0.000508514 0.000608947 132.388 0.244156 189.087 
0.00183948 0.0282199 -0.00242939 0.00111902 0.000895389 0.000691354 188.832 0.255908 188.836 
-0.0052 0.0289373 -0.00342705 0.00134158 0.000992518 0.000714245 188.546 0.251799 150.862 
-0.00922098 0.0255937 -0.00613218 0.000856897 0.000618391 0.000475862 188.264 0.226724 94.1509 
-0.000974462 0.0290347 -0.00242812 0.00051076 0.000408321 0.000623816 150.42 0.210043 131.606 
0.00626848 0.0279791 0.000165616 0.000608309 0.000511461 0.000665043 93.9034 0.204298 187.743 
0.00281288 0.0275742 -0.00187554 0.00125722 0.000775966 0.000640343 131.264 0.221173 187.484 
-0.00304457 0.0293357 -0.00210314 0.00143714 0.001002 0.000538286 187.224 0.244857 187.231 
-0.00285763 0.0285909 -0.00158773 0.000930956 0.000946362 0.000585164 149.558 0.251355 186.968 
0.000976353 0.026094 -0.000311111 0.000607977 0.000862108 0.000722507 56.0194 0.252991 186.685 
0.002033 0.0212771 -0.00161223 0.00090441 0.00106686 0.000569844 37.3016 0.25064 149.13 
-0.000120455 0.0220443 -0.00156761 0.00180455 0.00102074 0.000826705 130.307 0.25767 55.8582 
-0.00330922 0.0242233 -0.00107489 0.0012905 0.00121929 0.000771631 185.881 0.272624 0.0246809 
-0.00229037 0.0283405 -0.00164703 0.000184703 0.00123258 0.00064221 185.619 0.264589 37.1496 
0.00251485 0.0257994 -0.00255134 0.000559264 0.000830552 0.000697313 185.369 0.248939 129.774 
0.00510621 0.0236571 -0.00355424 0.00136751 0.000616667 0.000552825 185.11 0.255367 148.098 
0.000543018 0.02247 -0.00455628 0.001611 0.000888293 0.000657828 184.842 0.258956 92.4429 
-0.00680704 0.0246896 -0.00498 0.00103296 0.00117718 0.00051831 147.677 0.25662 129.226 
-0.00415415 0.0302703 -0.00301772 -0.000349648 0.000765401 0.000624473 55.3238 0.27398 184.319 
0.00302528 0.0278225 -0.00046882 -0.000102809 0.000505899 0.000705337 0.0426966 0.273034 184.044 
0.00406199 0.0248637 -0.00184572 0.00122861 0.000775596 0.000695652 0.0684432 0.253576 183.793 
-0.00488011 0.0245818 -0.0054493 0.00131933 0.00117227 0.000664146 0.0703081 0.254622 183.548 
-0.0108803 0.0240313 -0.00663273 0.000843357 0.00112056 0.000462937 0.0735664 0.263776 183.284 
-0.00179218 0.0229006 -0.00345922 -9.32961e-05 0.000719274 0.000521788 0.0815642 0.269274 183.015 
0.00625941 0.0231091 -0.00254923 5.82985e-05 0.000699024 0.000405858 54.8842 0.280614 127.932 
0.00311616 0.0257964 -0.00309387 0.00132479 0.000906128 0.000649025 91.2916 0.2961 91.2604 
-0.00480584 0.0254996 -0.00377803 0.0014217 0.000885118 0.000660083 36.4924 0.310987 145.813 
-0.00460361 0.0282794 -0.002925 0.000786111 0.000748333 0.000543611 0.0652778 0.330833 182 
0.00292178 0.0264635 -0.00108405 -3.8835e-05 0.000531484 0.000627739 54.595 0.326491 181.749 
0.00639224 0.0233748 -0.00298809 2.54848e-05 0.00041385 0.000347368 90.7839 0.303047 181.517 
-5.86445e-05 0.0273239 -0.00259059 0.00114302 0.000817427 0.000605256 36.2946 0.297372 181.259 
-0.00512514 0.0276235 -0.00120801 0.00110608 0.00118453 0.000671547 0.0632597 0.288122 180.995 
-0.00203669 0.0309432 0.000699034 0.000178759 0.000791724 0.000570759 0.0537931 0.286621 180.743 
0.000518733 0.0274072 -0.000231956 -9.06336e-05 0.000446006 0.000649311 0.092011 0.306336 180.477 
0.00450839 0.0253535 -0.00143164 0.000711142 0.000377442 0.000495736 0.105365 0.317194 126.155 
-0.000509066 0.0230321 -0.00342253 0.00131703 0.000492033 0.000568407 54.056 0.316484 90.0143 
-0.00847764 0.0225663 -0.00338957 0.000793416 0.000826337 0.000503704 89.91 0.317147 143.824 
-0.00521315 0.0256586 -0.00154795 0.000822466 0.000931781 0.000613973 35.937 0.309589 125.661 
0.00140328 0.0240172 -0.000432285 0.00109549 0.000883174 0.000607387 0.0478796 0.281532 89.6298 
0.00356721 0.0235115 -0.00135847 0.00159508 0.00075 0.000642623 0.0584699 0.260656 143.217 
-0.00358472 0.0241989 -0.00367967 0.00169905 0.000771623 0.000640109 0.0600273 0.249932 178.78 
-0.00565749 0.0267888 -0.00264142 0.000795095 0.000849319 0.000321798 0.0517711 0.243597 178.535 
0.00149061 0.0234444 -0.000896599 0.00038449 0.000609796 0.000506122 0.0432653 0.26966 178.287 
0.00570516 0.0222541 -0.00187527 0.00052038 0.000569565 0.000525272 0.0747283 0.29212 178.029 
0.00255794 0.0268624 -0.00116336 0.00118372 0.000747083 0.000605156 0.111262 0.309362 177.775 
-0.00540976 0.0253612 -0.00210352 0.0010206 0.000885366 0.000598374 0.0623306 0.327913 177.561 
-0.00676482 0.0247919 -0.0030498 0.000134506 0.000826522 0.000507984 0.082544 0.285521 177.3 
-0.000459459 0.0243886 7.2973e-06 0.000376216 0.000458108 0.000568649 0.166216 0.255405 177.015 
0.00507503 0.0203436 -0.00231687 0.0011471 0.000355196 0.000557355 0.122807 0.292848 176.792 
-8.3558e-05 0.0244318 -0.00144394 0.00124933 0.000709434 0.000673854 0.074124 0.27628 176.575 
-0.00597604 0.0278458 -0.00205814 0.00100296 0.000752355 0.000543472 0.0874832 0.240915 176.33 
-0.00486667 0.026322 -0.00381183 0.00126478 0.000622581 0.000564516 0.115591 0.239247 176.075 
0.00114416 0.0267173 -0.00178792 0.00100832 0.000669799 0.000540671 0.111409 0.216107 175.856 
0.00505737 0.0264029 -0.00296863 0.000474531 0.000631635 0.000465416 0.0630027 0.245308 175.642 
-0.00174297 0.0231786 -0.00398153 0.000455154 0.00094913 0.00054083 0.042838 0.267738 175.419 
-0.00882914 0.0223139 -0.00554439 0.000620588 0.000937166 0.000549465 0.0641711 0.219251 175.174 
-0.00304219 0.0252814 -0.00310174 0.00112016 0.000503338 0.000567957 0.0598131 0.197063 174.922 
0.0052872 0.0248261 -0.00173973 0.0007992 0.0004528 0.00046 0.0424 0.215733 174.703 
0.000553129 0.0241148 -0.00357896 0.000917443 0.000702796 0.000675899 0.0788282 0.2253 174.456 
-0.0042625 0.0238168 -0.00205106 0.00105984 0.000780851 0.000604255 0.118883 0.198138 174.205 
-0.00174316 0.0266337 -0.000532271 0.000758566 0.00066826 0.000477822 0.0988048 0.174236 174 
0.00257586 0.025308 -0.000328117 0.00100769 0.000728117 0.000583289 0.0734748 0.188064 173.794 
0.00507656 0.0234535 -0.00234119 0.00129377 0.000743841 0.000402384 0.0768212 0.201854 173.551 
-0.000792857 0.0246085 -0.00188307 0.00151587 0.000821693 0.000607407 0.0997354 0.224603 173.307 
-0.00634188 0.0264608 -0.00104491 0.00088111 0.000890092 0.000564861 0.0819022 0.23461 173.099 
-0.000827704 0.0281987 -0.000672032 0.000374142 0.000877045 0.000583377 0.0643799 0.191557 172.874 
0.00395231 0.0253109 0.000209486 0.000656917 0.000832675 0.000672727 0.0669302 0.183926 172.642 
0.00354368 0.0248174 -0.00208632 0.00110368 0.000866053 0.000613421 0.0676316 0.211316 172.427 
-0.00412957 0.0252476 -0.00325834 0.00114901 0.00116978 0.000526413 0.0583443 0.210775 172.197 
-0.00755564 0.025227 -0.00289081 0.000631496 0.00103701 0.000438845 0.0314961 0.199475 171.965 
0.00037772 0.0242928 -0.000699607 -0.000178506 0.000587418 0.000471822 0.0372215 0.199738 171.739 
0.00621702 0.0223031 -0.00201832 4.13613e-05 0.000700524 0.000368586 0.0541885 0.191885 171.512 
0.00363294 0.0237556 -0.00587137 0.00110928 0.00112471 0.00071817 0.0724183 0.183791 171.274 
-0.00456762 0.0229533 -0.00473734 0.00121723 0.00113003 0.000686162 0.0626632 0.189034 171.052 
-0.00702555 0.0208485 -0.00520522 0.000827119 0.000785398 0.000495176 0.033116 0.191656 170.847 
0.00088125 0.0218943 -0.00494375 0.000378385 0.00061276 0.000497656 0.0333333 0.1875 170.636 
0.00692744 0.0217064 -0.00404993 0.000329779 0.000451495 0.000294148 0.0587776 0.179974 170.408 
0.00170649 0.0259491 -0.00236701 0.000850909 0.000691169 0.000531169 0.0745455 0.173247 170.176 
-0.00437562 0.028828 -0.000852399 0.000845136 0.00093022 0.000506355 0.0651102 0.158495 169.947 
-0.0034715 0.0279487 -0.0022772 0.000367617 0.000577979 0.000378238 0.0704663 0.171503 169.705 
0.00103131 0.0237286 -0.00249237 0.000469082 0.000739457 0.000507891 0.0934023 0.193273 169.478 
0.00485891 0.0217013 -0.00220052 0.00105426 0.000812145 0.000566925 0.122997 0.192248 169.269 
-0.00111303 0.0259223 -0.00188852 0.00129006 0.000859613 0.000601548 0.152258 0.202323 169.046 
-0.00522577 0.0271428 -0.0028384 0.000781701 0.00102268 0.000460567 0.145361 0.19433 168.824 
0.0012103 0.0242672 -0.00265843 0.000221107 0.000736422 0.00043166 0.104505 0.170399 168.628 
0.00415681 0.0241339 -0.000845244 0.000418252 0.000593059 0.000372751 0.077892 0.176607 168.423 
0.00172092 0.0243815 -0.00259769 0.000808216 0.000563286 0.000513736 0.0739409 0.203851 168.209 
-0.00469128 0.0207733 -0.00340436 0.000923077 0.000531795 0.000565128 50.4582 0.211538 117.605 
-0.00613035 0.0212658 -0.00188143 0.000705506 0.000596927 0.000444046 83.9698 0.186428 83.8878 
0.000298977 0.021756 -0.000713043 0.000724297 0.000645013 0.000451662 33.6197 0.182864 134.045 
0.00378391 0.0231241 0.000265134 0.000965517 0.000590294 0.000365773 0.0896552 0.208685 167.36 
-0.00209286 0.0260656 -0.00135536 0.00125791 0.000567602 0.000584949 0.0660714 0.216071 167.154 
-0.00672102 0.0231582 -0.00232153 0.000962293 0.000655796 0.000513631 0.0698089 0.195159 166.925 
-0.00343842 0.0247491 -0.00155165 0.000433588 0.00066285 0.000406361 0.10687 0.172519 166.69 
0.000439644 0.0234742 -0.00179288 0.000814485 0.000606353 0.000530877 0.130877 0.164422 166.486 
0.00407741 0.0216223 -0.00317995 0.000988832 0.000543655 0.000464721 0.119543 0.174365 166.293 
0.00040076 0.026875 -0.00113511 0.00116426 0.00051052 0.000650951 0.0798479 0.185805 116.262 
-0.00648354 0.0270597 -0.000237468 0.000812405 0.000517975 0.000544051 0.0465823 0.174177 82.9443 
-0.00527206 0.025731 -0.00300278 0.000661947 0.000532238 0.000460683 0.0470291 0.156764 132.538 
0.00123384 0.0221955 -0.00263636 0.00100581 0.000340404 0.000486869 49.6773 0.154545 165.464 
0.00443581 0.0205541 -0.00296091 0.000743758 0.00025826 0.000477175 66.1342 0.187137 165.261 
-0.00134584 0.0225793 -0.00273552 0.0008733 0.000651637 0.000546096 16.5511 0.215617 165.051 
-0.00635019 0.0212161 -0.00409635 0.00108252 0.000826415 0.000467421 0.0606289 0.223145 164.838 
-0.00436106 0.0231495 -0.00138693 0.00122362 0.000682915 0.000513317 0.0738693 0.214573 164.624 
0.00249737 0.0262223 -2.88582e-05 0.000784191 0.000632371 0.000357591 0.0604768 0.202008 164.425 
0.00289073 0.0301206 -0.001701 0.000681955 0.000708271 0.000482456 65.7206 0.221303 164.232 
-0.00316746 0.0269977 -0.000534418 0.00117522 0.000854568 0.00051189 147.617 0.223529 98.4198 
-0.00523975 0.0215402 -0.0024935 0.00114525 0.00071525 0.0004205 98.2895 0.2225 81.911 
0.00155156 0.0243208 -0.000371036 0.00111685 0.000557054 0.000573034 16.3925 0.219226 147.245 
0.00611696 0.0265865 -0.000546135 0.000688529 0.000500499 0.000421945 0.0416459 0.213217 163.389 
-0.001134 0.0255106 -0.00150336 0.000263263 0.000607472 0.000465753 0.0229141 0.223163 163.185 
-0.00645672 0.0236699 -0.000404229 0.000220896 0.00066393 0.00038806 81.51 0.201493 163 
-0.00483702 0.024848 -0.00184894 0.000270062 0.000399752 0.000467081 81.4646 0.202484 162.784 
0.00238859 0.0228846 -0.00160794 0.000514888 0.000455583 0.000642432 0.0694789 0.238213 162.573 
0.00763668 0.0207936 -0.00234176 0.00071425 0.000474597 0.000447336 0.0421314 0.257745 162.394 
0.00261807 0.0199894 -0.00354158 0.000519802 0.000658168 0.000510644 0.0470297 0.242574 162.2 
-0.00478838 0.0213829 -0.00241137 0.00033597 0.000602967 0.000403956 0.025958 0.196539 161.991 
-0.00129481 0.0233469 -0.00145877 0.000260247 0.00048963 0.000406914 0.0160494 0.18642 80.8926 
0.00476917 0.0223993 -0.00135956 0.000497411 0.000778298 0.000492725 0.0320592 0.194821 80.7965 
0.00600271 0.0233874 -0.00177759 0.00127783 0.000725123 0.000537931 0.0689655 0.204433 161.392 
0.000458303 0.0239139 -0.00374613 0.00133579 0.000857811 0.000540467 80.6458 0.239852 80.5966 
-0.00512236 0.0249337 -0.00514152 0.000660197 0.000864128 0.000337101 80.5295 0.227273 80.4754 
0.000395092 0.0244567 -0.00187902 0.00036 0.000481718 0.000434356 80.4344 0.208589 160.775 
0.00518137 0.0250466 -4.38725e-05 0.000468382 0.000342647 0.000402451 160.618 0.22549 160.598 
0.00125116 0.0260994 -0.00249351 0.00077601 0.000553978 0.000454835 80.2521 0.227662 160.414 
-0.00641663 0.0214034 -0.00397213 0.000936675 0.000805623 0.000464792 0.0599022 0.213936 160.221 
-0.00533822 0.0200576 -0.00339194 0.000756532 0.000768498 0.000384127 0.030525 0.199023 160.021 
0.00201439 0.0211066 -0.00205244 0.000367317 0.000514634 0.000439756 0.0268293 0.221951 159.829 
0.00434811 0.0213257 -0.00130378 0.000391961 0.000558587 0.000342266 0.0243605 0.243605 159.63 
-0.000895134 0.024654 -0.00163382 0.00106302 0.000604136 0.000518978 0.0194647 0.272506 79.7397 
-0.00478809 0.0229915 -0.00349891 0.0009774 0.000570109 0.000513973 79.6233 0.291616 0.036452 
-0.00443083 0.0228529 -0.00257913 0.000576699 0.000578155 0.000439806 79.5498 0.275485 79.5376 
-9.84242e-05 0.0243651 -0.000896727 0.000539394 0.00043103 0.000495273 79.4497 0.252121 158.853 
0.00477506 0.0214554 -0.00212518 0.000596852 0.000372397 0.000487893 95.1981 0.238741 142.795 
-0.00247884 0.0218747 -0.00249504 0.00100629 0.00048029 0.000507618 79.2428 0.235792 79.2385 
-0.00817126 0.0225949 -0.00419831 0.000655556 0.000488647 0.000346135 79.1428 0.230676 79.1384 
-0.00195344 0.0233592 -0.00291677 0.000747889 0.000452111 0.000440531 94.8601 0.255006 79.0434 
0.00455108 0.0233349 -0.000943855 0.000952048 0.000468675 0.000452771 157.893 0.275904 78.9583 
0.0030414 0.0244703 -0.00195596 0.000785319 0.000493863 0.000511432 157.684 0.272443 78.865 
-0.00296034 0.0249024 -0.00132356 0.00096875 0.000695433 0.000571154 157.488 0.254327 94.5197 
-0.00503625 0.0229671 -0.00374406 0.000767587 0.00062545 0.00040096 141.572 0.235054 157.33 
-0.00180024 0.0239707 -0.00126379 0.000943645 0.00041295 0.000461631 62.854 0.241487 157.133 
0.0031715 0.023692 0.000601198 0.00068982 0.00038515 0.000385389 15.7051 0.231138 141.251 
-0.00124665 0.0225316 -0.00308278 0.000187081 0.000535646 0.000527273 94.0249 0.225837 78.3866 
-0.00539665 0.0219685 -0.00323489 0.000391876 0.000820311 0.000571326 156.545 0.245878 93.9386 
-0.00368974 0.0201718 -0.0037611 0.00100119 0.000939857 0.000473986 156.395 0.252983 156.372 
0.00156114 0.0211378 -0.00209583 0.000993087 0.000707747 0.000440286 156.188 0.24267 156.199 
0.00475357 0.0225352 -0.00079 0.000395476 0.000553333 0.00031 155.955 0.221429 156.02 
-0.0016604 0.0230247 -0.00143805 0.000307729 0.000799762 0.000527705 155.741 0.224019 155.84 
-0.00511283 0.0226879 -0.00216318 0.000482423 0.000936342 0.000531591 155.561 0.236105 140.086 
-0.00559692 0.0224719 -0.00330178 0.000811151 0.000918624 0.000530012 155.392 0.239858 77.7336 
-0.000786256 0.0217282 -0.00314242 0.000921327 0.000908057 0.000456872 155.233 0.241469 93.1652 
0.00365941 0.021444 -0.00298911 0.000572071 0.000613491 0.000313846 155.037 0.242367 155.088 
-0.000985816 0.0217395 -0.00147872 -0.000217494 0.000703546 0.000446336 154.847 0.23026 154.901 
-0.00484439 0.0233251 0.000268713 -0.000138843 0.000844864 0.000401653 154.694 0.22621 139.218 
-0.00185896 0.0237651 -0.00110472 0.000985142 0.000589623 0.000457547 154.499 0.232783 77.2474 
0.00192085 0.0211044 -0.00157762 0.000847821 0.000632038 0.000412721 154.277 0.225206 92.6186 
0.00264706 0.0242574 -0.00266918 0.000352941 0.000544941 0.000463059 154.103 0.208235 154.174 
-0.00229777 0.0222308 -0.00340259 0.000356757 0.000568273 0.000531375 153.958 0.215746 153.981 
-0.00713662 0.0192326 -0.00348286 0.000505164 0.000814085 0.000422066 153.783 0.229108 153.788 
-0.00204807 0.022728 -0.00219672 0.0010347 0.00074959 0.000457679 138.238 0.235873 153.614 
0.00399649 0.023703 0.000431616 0.000833724 0.00057096 0.000303044 76.7087 0.238407 138.084 
0.00150947 0.0230229 -0.000755322 0.000106667 0.00042807 0.000433918 91.9179 0.225731 76.6173 
-0.00266495 0.0203028 -0.00254813 0.000256542 0.000732009 0.000521495 137.725 0.217056 91.8418 
-0.0062273 0.0198978 -0.00385951 0.00102054 0.000856709 0.000399767 76.4446 0.200467 152.888 
-0.00344592 0.0244331 -0.000937063 0.00108765 0.000628671 0.000434033 91.6487 0.192308 152.724 
0.00223469 0.0247185 0.000226077 0.000521769 0.000533178 0.000320373 152.521 0.186496 137.302 
-0.00205651 0.0236142 -0.000777674 0.000248605 0.000653721 0.000442558 152.305 0.206512 76.1953 
-0.00537468 0.022406 -0.0013029 0.000443438 0.000774913 0.000504994 152.146 0.226481 91.3131 
-0.00464014 0.0197255 -0.00392877 0.000849188 0.000641531 0.000453828 151.991 0.222042 152.019 
0.000863499 0.0197696 -0.00293326 0.00102225 0.000568482 0.000399537 151.831 0.22248 151.848 
0.00342361 0.0206683 -0.00165671 0.00062037 0.000499074 0.000342593 151.647 0.214583 136.505 
-0.00301017 0.0236934 0.000752139 0.000297572 0.000732254 0.00046289 151.448 0.20185 75.7644 
-0.00455774 0.0247293 0.00186051 0.00055358 0.000872517 0.000395612 151.264 0.2 75.6831 
-0.00219631 0.0258634 0.000244983 0.00109043 0.000659977 0.000492042 151.098 0.196078 75.5977 
0.00261198 0.0235763 -0.00157327 0.000824194 0.000559908 0.000453917 150.928 0.175576 90.6046 
0.0034053 0.00946129 -0.00170276 0.000132719 0.000272811 0.00010553 75.4606 0.0827189 75.497 
