1.2679 10.0091 -0.4552 0.2068 0.2698 0.1728 15.6 96.2 65412 
1.15753 6.36373 0.0501333 0.136867 0.187067 0.0788 13.4667 58.2667 43605.9 
-0.0577 5.34915 -0.00485 0.0994 0.1268 0.08585 13109.9 43.95 32708.6 
-0.85768 4.31996 -0.5016 0.0634 0.0846 0.05696 23591.5 38.44 26168.9 
-0.5619 3.377 -0.410167 0.0694333 0.0821667 0.0527 21843.5 34.1333 21807.5 
0.284543 2.99197 -0.195829 0.0600286 0.0761714 0.0449143 11237.6 27.4 18689.7 
0.343225 2.38565 -0.092625 0.05235 0.063325 0.0242 8194.5 21.7 16354.6 
-0.0483556 2.11396 -0.151133 0.0424222 0.0490222 0.0377333 7281.73 19.8667 14538.9 
-0.39506 1.97824 -0.2885 0.033 0.04506 0.03184 6553.9 19.38 13084.3 
-0.186618 1.66396 -0.256345 0.0338727 0.0588182 0.0324 10723.9 18.5636 11894.6 
0.229117 1.50195 -0.21975 0.0286 0.0513667 0.0327167 6555.4 15.7 10901.9 
0.210769 1.44466 -0.1502 0.0285692 0.0408154 0.0168462 5042.34 13.7231 10063.6 
-0.0543714 1.21109 -0.271486 0.0338857 0.0423143 0.0220429 4680.61 12.9286 9345.21 
-0.258613 1.14465 -0.378427 0.0298267 0.0373067 0.0192533 874.987 12.6133 8721.15 
-0.200612 1.30693 -0.314075 -0.0262625 0.0329 0.0214875 3.2625 12.5375 8175.61 
0.0409882 1.29061 -0.243306 -0.134118 0.0285176 0.0230588 3.18824 10.6235 7694.65 
0.0869667 0.991011 -0.0446889 -0.161811 0.0346889 0.0189222 2912.72 9.63333 7268.94 
-0.105316 0.846611 0.142305 -0.161958 0.0390526 0.0379789 3448.41 9.69474 6887.63 
-0.09754 0.85456 0.23961 -0.23576 0.03371 0.03468 3275.75 8.83 6544.45 
-0.0268571 0.526219 0.418686 -0.24301 0.0225333 0.0207143 5615.94 7.98095 6234.34 
0.0974182 0.207891 0.584545 -0.189345 0.0245727 0.0591091 5956.07 6.6 5952.95 
0.311383 0.0988348 0.828113 -0.212983 0.0251217 0.0953043 5696.52 5.35652 3417.69 
0.165467 -0.0321 1.04735 -0.129317 0.0430833 0.073525 3275.94 4.99167 2730.36 
0.005256 -0.21412 0.815328 0.062696 0.06632 0.042792 524.384 4.352 2622.24 
0.0684615 0.0367923 0.562438 0.0973615 0.0485154 0.0306462 0.753846 4.16923 505.585 
-0.0436741 0.293407 0.527719 0.0612593 0.0317333 0.0238444 1942.19 3.62222 0.866667 
-0.0297714 0.138657 0.605879 0.0481 0.0393429 0.0208429 2340.34 3.76429 0.65 
0.0940483 0.0412207 0.718966 0.0379034 0.0303034 0.0176828 452.731 3.83448 0.510345 
0.0556533 0.03882 0.6834 0.0201133 0.00966667 0.00915333 1.34667 3.12 0.813333 
0.0317419 0.0672903 0.614871 0.00501935 0.00661935 0.00268387 1.12903 3.28387 1.33548 
0.0197313 0.0560438 0.603762 0.0071125 0.00594375 0.00116875 0.85625 3.15625 1.68125 
0.00787879 0.044903 0.593503 0.00389697 0.00367273 0.000654545 0.642424 2.98182 1.98788 
0.0115294 0.0532471 0.5625 0.00202353 0.00115294 0.000729412 0.494118 2.88235 2.04706 
0.0129486 0.0532343 0.545354 0.00301143 0.00114286 0.000514286 0.297143 2.54857 2.25143 
0.00786667 0.047 0.533417 0.00412778 0.00188889 0.000577778 0.227778 2.30556 2.40556 
0.00436757 0.0451459 0.516778 0.0052973 0.00162162 0.000513514 0.281081 2.10811 2.31351 
0.00563158 0.0410421 0.504637 0.00714737 0.000852632 0.000457895 0.184211 1.92105 2.21579 
0.00689231 0.0256923 0.500256 0.00674359 0.000907692 0.000441026 0.215385 1.78462 2.37949 
0.007065 0.02288 0.486925 0.00298 0.00111 0.00054 0.365 1.545 2.715 
0.00690244 0.0290146 0.469507 0.00150732 0.000960976 0.000697561 0.526829 1.48293 2.79024 
0.00694762 0.0257952 0.459319 0.00184286 0.000661905 0.000395238 0.566667 1.50952 2.79524 
0.0057907 0.0232744 0.447367 0.00124651 0.000390698 0.000260465 0.372093 1.45116 2.8186 
0.00524091 0.0227273 0.438127 0.00128182 0.000209091 0.000295455 0.463636 1.40909 2.84545 
0.00607111 0.0236711 0.428853 0.00131111 0.000222222 0.000213333 0.684444 1.32444 2.88889 
0.00566087 0.023013 0.419387 0.00126087 0.000295652 0.000152174 0.647826 1.21304 3.02174 
0.00510213 0.0227106 0.410153 0.00119574 0.00026383 0.000144681 0.634043 1.22128 3.11915 
0.00506667 0.022425 0.401308 0.00122083 0.000129167 0.000170833 0.691667 1.24167 3.15 
0.00570204 0.0215959 0.393502 0.00121224 0.000126531 0.00017551 0.628571 1.12653 3.06939 
0.00538 0.021348 0.385688 0.00116 0.000104 0.000124 0.616 1 2.888 
0.00441961 0.0214784 0.378114 0.00112549 7.05882e-05 0.000129412 0.560784 1.07059 2.85098 
0.00515 0.0209538 0.371046 0.0011 0.000115385 0.000134615 0.569231 1.16923 2.9 
0.0305283 0.202543 0.173925 0.00466792 0.00608302 0.00145283 495.419 2.01509 1235.86 
0.0256481 0.362044 -0.0323852 0.00714815 0.00784444 0.00687037 1214.12 2.98148 2423.34 
-0.0415127 0.346756 -0.0528436 0.00694909 0.00475273 0.00820727 715.411 3.22909 2379.13 
-0.0761 0.340832 -0.0316 0.00844643 0.00375357 0.00751429 1.21071 3.38214 2336.21 
-0.00250175 0.291796 -0.0674316 0.00920351 0.00645965 0.00758596 1.3614 3.06667 2295.31 
0.0492586 0.301107 -0.0750586 0.00832414 0.0125724 0.00478966 678.634 2.77931 2256.23 
-0.00388475 0.34241 -0.0308746 0.00770847 0.0106237 0.00624746 1111.01 2.82712 2218.22 
-0.05738 0.310633 -0.0519367 0.00876333 0.00755667 0.00512667 437.307 2.89333 2181.03 
-0.0427049 0.313911 -0.052118 0.0106623 0.00715082 0.00637049 0.947541 3.03279 2145.16 
0.0525452 0.328626 -0.0312871 0.0113097 0.0107194 0.00712258 1.2871 2.92581 2110.49 
0.0675365 0.310997 -0.0173937 0.00797143 0.0113968 0.00363175 624.87 2.8254 2077.35 
-0.0242781 0.327041 -0.0204313 0.00484063 0.00743125 0.00456563 819.625 3.0375 2045.13 
-0.0767692 0.33008 -0.0312123 0.0074 0.00572615 0.00412308 1008.56 3.28308 2013.69 
-0.0314212 0.296076 -0.0358212 0.00792727 0.00737273 0.00649394 993.382 3.28485 1983.21 
0.043997 0.291131 -0.0352657 0.00571642 0.0121045 0.00621194 196.266 2.77313 1953.42 
0.0341353 0.285291 -0.0116912 0.00476765 0.00889706 0.00424412 0.314706 2.75 1924.96 
-0.0230464 0.283591 -0.0438145 0.00444638 0.00556812 0.00493333 0.289855 3.01449 1897.01 
-0.0439571 0.297586 -0.0702543 0.00286857 0.00671143 0.00428571 0.554286 2.88 1869.68 
-0.00139718 0.286685 -0.0454507 -0.0233775 0.00670423 0.00460845 185.544 2.62535 1843.31 
0.0377556 0.263331 -0.0145417 -0.0417972 0.0117278 0.00400278 1092.75 2.36389 1817.83 
-0.0270137 0.235003 0.0292986 -0.0387233 0.0141863 0.00478904 1795.3 2.54247 1793.35 
-0.0752351 0.245173 0.046027 -0.0520081 0.0118405 0.00676757 1770.98 2.65946 1769.23 
-0.0129573 0.190947 0.0942667 -0.058552 0.008592 0.00596533 1747.14 2.35733 1745.7 
0.0224737 0.119032 0.169532 -0.0511342 0.0103842 0.00976842 1379.21 2.01316 1723.01 
0.0272545 0.103904 0.216475 -0.0495247 0.00837662 0.0221143 850.805 1.75065 1701.18 
0.0653154 0.0644821 0.283887 -0.0464846 0.00519744 0.0252795 1175.81 1.75385 1343.92 
0.084638 0.0177013 0.290339 -0.0200203 0.00907089 0.0151013 1658.67 1.67342 498.068 
0.0619225 0.0241275 0.22684 0.010945 0.01448 0.0090525 1310.62 1.305 1.05 
0.0262494 0.0706148 0.204289 0.00214321 0.0128617 0.00655802 485.763 1.15556 1.09136 
0.0167537 0.0472171 0.218056 -0.0185415 0.00920488 0.00679268 0.62439 1.19512 0.721951 
0.0256289 0.00891566 0.243957 -0.00910361 0.0084747 0.00646265 0.713253 1.36386 0.592771 
0.0189095 0.0158048 0.238695 0.00233571 0.00715 0.00215714 0.766667 1.32381 0.733333 
0.00858118 0.0181671 0.225193 0.0008 0.00541647 0.000647059 0.661176 1.27294 0.821176 
0.0105395 0.00921163 0.22447 0.000351163 0.00130698 0.000288372 0.444186 1.33721 0.727907 
0.0109149 0.00914253 0.220954 0.00036092 0.00161379 0.00014023 0.296552 1.2023 0.691954 
0.00675227 0.0112432 0.218345 0.000293182 0.00196136 0.000127273 298.023 1.07727 0.713636 
0.00479326 0.0106652 0.217591 0.000626966 0.00123146 0.000116854 736.364 0.975281 0.737079 
0.00434222 0.00971333 0.215858 0.000764444 0.000517778 8.88889e-05 436.907 0.871111 0.786667 
0.00496923 0.00923297 0.212576 0.000643956 0.0002 0.000120879 0.0373626 0.762637 0.863736 
0.00388913 0.00949565 0.210017 0.000628261 0.000284783 0.000130435 0.0695652 0.678261 0.913043 
0.00324301 0.010071 0.207402 0.000610753 0.000344086 0.000113978 0.163441 0.64086 0.898925 
0.00364468 0.00954894 0.2053 0.000604255 0.000204255 0.000108511 0.287234 0.597872 0.908511 
0.00350526 0.00966316 0.203259 0.000593684 9.68421e-05 9.47368e-05 0.336842 0.555789 0.964211 
0.00337292 0.0100667 0.201323 0.000589583 0.000139583 8.95833e-05 0.339583 0.560417 1.03542 
0.00329691 0.00936082 0.199144 0.000587629 0.000103093 9.07216e-05 0.364948 0.56701 1.06186 
0.00314694 0.00913265 0.196802 0.000585714 5.30612e-05 8.77551e-05 0.426531 0.561224 1.00204 
0.0034 0.00952929 0.194895 0.000581818 5.65657e-05 9.29293e-05 0.478788 0.543434 0.947475 
0.003204 0.009592 0.19287 0.000574 0.0001 9.8e-05 0.478 0.53 0.966 
0.00355248 0.00919406 0.191269 0.000564356 0.000156436 9.70297e-05 0.506931 0.530693 1.0099 
0.00351569 0.00923333 0.189533 0.000570588 0.000164706 0.0001 0.570588 0.511765 1.03725 
0.00294175 0.00942524 0.187711 0.000568932 0.000163107 0.000102913 0.603883 0.530097 1.08544 
0.00335385 0.00916923 0.186004 0.000557692 0.000155769 9.42308e-05 0.6 0.588462 1.12308 
0.00339429 0.00884762 0.184133 0.000548571 0.000125714 9.14286e-05 0.584762 0.615238 1.12952 
0.00323774 0.00880943 0.182143 0.000543396 0.0001 9.62264e-05 0.598113 0.590566 1.14528 
0.00299439 0.00871402 0.180353 0.000545794 7.66355e-05 9.71963e-05 0.618692 0.581308 1.14953 
0.00282778 0.00846667 0.178785 0.000544444 5.92593e-05 0.0001 0.637037 0.611111 1.11111 
0.00300917 0.00867706 0.176697 0.00053578 6.97248e-05 9.90826e-05 0.653211 0.623853 1.07156 
0.00284727 0.00855273 0.17498 0.000523636 6.18182e-05 9.09091e-05 0.638182 0.58 1.08182 
0.00279099 0.0083027 0.173771 0.000524324 3.06306e-05 8.64865e-05 0.637838 0.544144 1.11712 
0.0167625 0.0672554 0.116666 0.000925 0.00108571 0.0016625 0.521429 0.732143 351.3 
0.0224938 0.135317 0.027331 0.00184425 0.00435221 0.00287434 116.209 1.07257 926.651 
-0.00377544 0.162258 -0.0226842 0.00460702 0.00544211 0.00408772 574.784 1.12456 1147.96 
-0.0355513 0.16757 -0.0244139 0.00609217 0.00413565 0.00469043 455.897 1.14609 1137.97 
-0.0167431 0.155605 -0.00155172 0.00399483 0.00471379 0.00365 0.127586 1.13448 1128.13 
0.0213128 0.171106 -0.00402735 0.00413675 0.00448889 0.0025812 0.11453 0.911111 1118.48 
0.0283983 0.156971 -0.0239 0.00447966 0.0040678 0.00253051 0.220339 0.867797 1108.94 
-0.015121 0.143871 -0.0372538 0.00332101 0.00495294 0.00271597 220.373 0.917647 1099.72 
-0.0393033 0.1674 -0.0345517 0.003965 0.00666167 0.00359 546.017 0.963333 1090.61 
0.00847107 0.1582 -0.0356314 0.00576198 0.00576529 0.00423306 541.54 0.952066 1081.57 
0.0334574 0.155803 -0.0267803 0.00406393 0.0056918 0.00295902 537.257 0.92623 1072.62 
0.011722 0.148291 -0.0149675 0.00215772 0.00493008 0.00330894 319.945 0.965854 1063.75 
-0.0291565 0.126023 -0.0311871 0.00295806 0.00320645 0.0031629 211.55 1.01129 1055.19 
-0.037584 0.142757 -0.0249344 0.0038064 0.0037968 0.0042208 524.251 0.9744 1046.86 
0.0117921 0.152473 -0.0203349 0.00423333 -0.00101746 0.00451746 520.195 0.877778 1038.55 
0.0390976 0.152981 -0.0230882 0.00247874 0.00107874 0.00265039 516.224 0.96063 1030.29 
0.0157922 0.158136 -0.0116703 0.00166406 0.00507187 0.00351406 512.322 1.12813 1022.17 
-0.0168047 0.159104 -0.0290388 0.00200775 0.00348372 0.00347752 508.234 1.17674 1014.36 
-0.0229862 0.163632 -0.0450215 -0.00127077 0.00407385 0.00288923 302.608 1.10615 1006.64 
0.00141832 0.156626 -0.0292198 -0.0149191 0.00369313 0.00251908 200.391 0.946565 998.843 
0.0141409 0.133598 -0.00260152 -0.0128818 0.00424394 0.00127727 496.665 0.934848 991.305 
-0.00542857 0.130956 0.0193248 -0.0112331 0.0068797 0.00321504 492.869 1.02556 984.018 
-0.0216806 0.148733 0.0347761 -0.027491 0.00631493 0.00515522 684.658 0.977612 976.879 
0.00183407 0.12281 0.0589096 -0.0342296 0.00388593 0.0043437 970.551 0.808889 969.92 
0.0153103 0.0790147 0.102424 -0.0290471 0.00356618 0.00338382 963.276 0.676471 963.088 
0.000357664 0.0488803 0.119682 -0.0274175 0.00490365 0.00699708 764.965 0.737226 956.317 
0.0222406 0.0424391 0.148791 -0.0304942 -0.000352174 0.0098087 284.823 0.776812 949.528 
0.0366676 0.000697842 0.174599 -0.0144921 -0.00025036 0.00534532 0.105036 0.778417 754.318 
0.00440429 -0.0199343 0.133797 0.00962 0.00569857 0.00478143 0.122857 0.78 281.12 
-0.00331631 0.0205149 0.107701 0.0140879 0.00551773 0.0067773 0.140426 0.68227 0.330496 
0.00507887 0.0285127 0.117818 0.00680986 0.00563944 0.00624085 0.267606 0.75493 0.166197 
0.0142378 0.0308154 0.137863 0.00492867 0.00416364 0.00451608 0.290909 0.867133 0.131469 
0.015 0.0279972 0.14444 0.00324444 0.00206806 0.00191667 0.206944 0.7375 0.304167 
0.0100731 0.0245021 0.131436 0.00102069 0.00112 0.000911724 0.227586 0.688276 0.384828 
0.00931233 0.0272959 0.124697 0.000831507 0.000961644 0.000438356 0.221918 0.739726 0.361644 
0.00767619 0.0259075 0.12611 0.00145442 0.000987755 0.000244898 0.159184 0.689796 0.34966 
0.0123176 0.0216757 0.130255 0.00160405 0.00108243 0.000260811 0.0864865 0.640541 0.343243 
0.0122872 0.020506 0.130217 0.000774497 0.000612081 0.000198658 0.0201342 0.594631 0.310067 
0.0107933 0.022724 0.125768 0.000246667 0.00024 0.000116 174.757 0.52 0.264 
0.0108437 0.0225417 0.124742 0.000264901 7.28477e-05 5.56291e-05 607.592 0.484768 0.219868 
0.0106855 0.02275 0.124645 0.000223684 4.47368e-05 6.71053e-05 862.243 0.503947 0.201316 
0.0109608 0.0235412 0.12305 0.000179085 6.79739e-05 0.000112418 856.571 0.503268 0.218301 
0.0112351 0.0230455 0.122609 0.000253247 0.000111688 8.44156e-05 851.034 0.45974 0.205195 
0.0112335 0.0228361 0.121965 0.000212903 9.03226e-05 6.32258e-05 845.572 0.423226 0.188387 
0.0114 0.0231038 0.121092 0.000294872 8.20513e-05 7.5641e-05 840.145 0.419231 0.20641 
0.0106777 0.0227197 0.120834 0.000243312 7.26115e-05 8.40764e-05 834.795 0.410191 0.211465 
0.0162266 0.0504405 0.0821557 0.00110253 0.000670886 0.00126709 580.778 0.48481 248.472 
0.018917 0.0961484 0.021434 0.00237862 0.00226792 0.00181509 494.75 0.752201 658.216 
0.00035375 0.11242 -0.0083575 0.0021375 0.0024675 0.00237625 409.631 0.95375 817.691 
-0.0254075 0.111728 -0.0194658 0.00146335 0.00181491 0.00275155 406.965 0.900621 812.675 
-0.0234432 0.122799 -0.0109753 0.00231358 0.00259383 0.00344938 728.057 0.787654 807.637 
0.0133632 0.124631 0.00121227 0.00367239 0.00435951 0.00399632 482.562 0.706748 802.552 
0.0253598 0.119195 -0.000426829 0.00310366 0.00442317 0.00195244 399.696 0.752439 797.691 
-0.00294667 0.11599 -0.00416121 0.00190545 0.00253576 0.00217818 714.865 0.850909 792.979 
-0.0248627 0.11042 -0.013588 0.00154458 0.00156145 0.00260241 789.439 0.949398 788.272 
-0.0232659 0.122467 -0.0161365 0.00249222 0.0019976 0.00332934 784.657 1.07425 783.539 
0.0086631 0.122624 -0.00788095 0.00437738 0.00394405 0.00370357 468.01 0.985714 778.769 
0.0239893 0.114961 -0.00137751 0.00312189 0.00424497 0.00133846 387.724 0.891124 774.169 
-0.00179529 0.110347 -0.00660824 0.00170588 0.00278706 0.00164471 693.739 0.955294 769.708 
-0.0286772 0.0985474 -0.0186702 0.00162807 0.00167135 0.0024386 459.773 1.04094 765.195 
-0.0276395 0.103758 -0.0165686 0.00183605 0.00140349 0.00271512 76.2942 1.1407 760.65 
0.010222 0.115197 -0.00679884 0.00201503 0.00237919 0.00301734 303.117 1.11445 756.273 
0.0242253 0.113307 -0.00792529 0.00279195 0.00348161 0.0018954 376.601 1.03333 751.955 
0.00483657 0.112742 -0.0149314 0.00364686 0.003192 0.00303657 374.378 1.07086 747.713 
-0.0236625 0.104732 -0.0305989 0.00199659 0.00277727 0.00257727 372.352 1.14773 743.473 
-0.0281299 0.110372 -0.0355254 -0.00103729 0.00501243 0.00203955 74.2633 1.18079 739.149 
0.00373596 0.114039 -0.0249022 -0.0116843 0.00374494 0.00244944 294.609 1.12135 735.034 
0.0150514 0.0899307 -0.0115039 -0.0172402 0.00345251 0.00233631 658.873 1.07821 731.127 
-0.0028 0.0760656 0.0110511 -0.0177544 0.00610556 0.00376778 727.958 1.06889 727.307 
-0.0106575 0.0889967 0.0391536 -0.0230011 0.00400221 0.00383978 361.956 1.02762 723.304 
-0.00227033 0.0692659 0.0672945 -0.0169934 0.0027967 0.00286374 0.0164835 0.873626 719.335 
0.000970492 0.0423607 0.0804164 -0.00869508 0.00366448 0.00388197 358 0.863388 715.716 
-0.00274783 0.049613 0.087437 -0.0137511 0.00222717 0.00796848 712.109 0.923913 712.109 
0.0200032 0.0372638 0.0982065 -0.00751243 0.00132432 0.00887459 708.27 0.832432 354.216 
0.0376699 0.0275022 0.110232 0.00044086 0.00230538 0.00487634 352.274 0.854839 0.166667 
0.0296567 0.0184973 0.109595 -0.00121818 0.00234225 0.00340642 350.465 0.647059 0.411765 
0.0180128 0.0154202 0.0960862 0.00288298 0.00160745 0.0034266 348.718 0.345745 0.505319 
0.0114042 0.0261905 0.0943704 0.00358413 0.000952381 0.00297354 0.296296 0.42328 0.42328 
0.0159474 0.0156968 0.100096 0.00449053 0.00114737 0.00198947 0.194737 0.5 0.468421 
0.0131476 0.00452147 0.10338 0.00384188 0.00142408 0.000409424 0.209424 0.534031 0.471204 
0.0126198 0.0096625 0.101418 0.00103021 0.000896875 0.000414583 0.385417 0.604167 0.40625 
0.0123098 0.0135109 0.0967637 0.000773057 0.000389637 0.000390674 0.42487 0.590674 0.352332 
0.0113485 0.014399 0.0963515 0.00111546 0.000228866 0.000313402 0.319588 0.57732 0.278351 
0.0115744 0.0112513 0.0971774 0.00174359 0.000179487 0.0004 0.282051 0.548718 0.261538 
0.0118827 0.0089051 0.0980592 0.00124694 0.000142857 0.00030102 0.25 0.505102 0.239796 
0.0111462 0.00909442 0.0979756 0.000517766 0.000147208 9.23858e-05 0.177665 0.522843 0.187817 
0.0110838 0.0106939 0.0965485 0.000354545 0.000109091 4.24242e-05 0.146465 0.520202 0.186869 
0.0114985 0.0118553 0.0949668 0.000322613 8.84422e-05 4.22111e-05 0.115578 0.487437 0.18593 
0.011466 0.011126 0.094757 0.000333 5.3e-05 7.3e-05 0.075 0.455 0.215 
0.0113443 0.0107065 0.0947184 0.000302488 4.37811e-05 7.26368e-05 0.0646766 0.422886 0.243781 
0.0111446 0.0110356 0.0937772 0.000330693 6.33663e-05 8.41584e-05 0.0594059 0.415842 0.227723 
0.0109803 0.010797 0.0929764 0.000700493 0.000127094 0.000114286 0.0985222 0.374384 0.246305 
0.0112225 0.00975098 0.0929725 0.00107843 0.00020098 0.000120588 0.117647 0.343137 0.254902 
0.011721 0.00841756 0.0935317 0.00111805 0.000250732 0.000122927 0.112195 0.317073 0.24878 
0.0145544 0.0470262 0.0401301 0.00129223 0.00196699 0.000668932 318.159 0.495146 317.781 
0.00315169 0.0930783 -0.00503671 0.0026744 0.00273527 0.00214976 633.109 0.670531 632.267 
-0.0211683 0.0911712 -0.00934712 0.00288654 0.00168269 0.00186442 630.052 0.675 629.244 
-0.0184785 0.0904766 -0.0136077 0.00205742 0.00186794 0.00161435 438.961 0.639234 626.138 
0.0121524 0.0914076 -0.010581 0.00179048 0.00254 0.00159429 312.086 0.575238 623.118 
0.0217924 0.0873517 -0.00740284 0.00178389 0.00320284 0.000843602 496.88 0.629384 620.243 
-0.00216698 0.0939142 -0.0073066 0.00157453 0.00262547 0.00180377 618.155 0.650943 617.353 
-0.0249559 0.0906545 -0.0186385 0.0019446 0.00186009 0.00174366 430.732 0.61784 614.423 
-0.0151364 0.0946299 -0.0146112 0.00222056 0.00285514 0.00190374 122.564 0.674766 611.454 
0.0148028 0.093293 -0.0122707 0.00137767 0.00319442 0.0018307 182.945 0.677209 608.569 
0.0192111 0.0839657 -0.00944722 0.00112222 0.00311667 0.00106111 485.438 0.606481 605.823 
-0.00372995 0.0921825 -0.00527742 0.00193456 0.00276959 0.00197696 422.802 0.567742 603.049 
-0.0266514 0.0860789 -0.0150009 0.00267431 0.00204771 0.0016367 120.272 0.562385 600.263 
-0.0183991 0.0871982 -0.0123863 0.00269315 0.0023032 0.00186575 0.0593607 0.610959 597.532 
0.0156345 0.0876264 -0.0104282 0.00235182 0.00118182 0.00189909 178.782 0.638182 594.831 
0.0198507 0.0802561 -0.00986063 0.00199276 0.00147421 0.000963801 296.548 0.622624 592.172 
-0.00433604 0.0892766 -0.0116811 0.00174505 0.0027982 0.00171261 118.15 0.596396 589.512 
-0.0193076 0.0934978 -0.0142179 0.00165919 0.00267892 0.00142511 0.135426 0.580269 586.81 
-0.0113768 0.0868687 -0.0116259 0.00293214 0.00140179 0.00175982 0.176786 0.632143 584.137 
0.0141556 0.081144 -0.0144204 0.00282756 0.00131378 0.00183289 174.86 0.669333 581.606 
0.0167035 0.0817929 -0.0078885 0.00150265 0.00276195 0.000823009 289.981 0.625664 579.105 
-0.00950485 0.0826335 -0.0173639 0.00159383 0.00274714 0.00129339 115.597 0.610573 576.521 
-0.0151307 0.0835912 -0.0309588 0.00221754 0.00220614 0.00139561 0.214035 0.652632 573.916 
-0.0034655 0.0828891 -0.0220891 -0.00593013 0.00138079 0.00099476 0.252402 0.680349 571.372 
0.00320783 0.0871217 -0.00303043 -0.0135383 0.0010287 0.000895652 171.183 0.68 568.963 
0.00347706 0.0862009 0.0119498 -0.00852554 0.00211255 0.00175498 283.825 0.706494 566.622 
-0.0126828 0.0742362 0.019394 -0.0107009 0.0029 0.00366897 282.503 0.755172 564.297 
-0.00347554 0.0650601 0.0303682 -0.0180747 0.00372017 0.00306094 224.991 0.633476 562.003 
0.0181701 0.0344017 0.0519786 -0.0160453 0.00286239 0.00206496 280.02 0.515385 559.731 
0.00630298 0.0289574 0.075446 -0.0121864 0.00278468 0.00546894 501.765 0.493617 334.453 
0.00371356 0.0352983 0.0802144 -0.00578305 0.00376525 0.00921525 333.047 0.457627 277.644 
0.019162 0.0180203 0.0829316 2.19409e-05 0.00473924 0.00739662 55.3384 0.427004 276.518 
0.0123126 0.0190126 0.086837 0.000857143 0.00427143 0.00334706 0.0941176 0.45042 55.1227 
-0.000841841 0.0240201 0.0745314 0.00310962 0.00205941 0.00201004 219.393 0.466109 0.173222 
0.0048375 0.0282292 0.0707733 0.00431083 0.00251417 0.00217667 273.122 0.48 0.293333 
0.0139253 0.0192456 0.0810963 0.000590871 0.0024639 0.00242075 272.01 0.570954 0.365145 
0.0155438 0.0055281 0.0862157 -0.00066281 0.00155124 0.00166446 270.862 0.524793 0.468595 
0.0129325 0.00196872 0.0853144 0.00130206 0.00099177 0.000758848 54.0996 0.4107 0.512757 
0.0125852 0.00385328 0.0796877 0.00178607 0.00159672 0.000513934 0.234426 0.398361 0.463934 
0.010071 0.00966449 0.0747322 0.00208408 0.00221224 0.000438367 0.21551 0.442449 0.380408 
0.00625285 0.0129886 0.0751561 0.00152033 0.0017065 0.000411382 0.181301 0.457724 0.296748 
0.00579838 0.0101328 0.0772648 0.00191741 0.000846154 0.000384615 0.144939 0.434818 0.230769 
0.00699355 0.0058 0.0786113 0.00215484 0.000508065 0.000274194 0.127419 0.417742 0.18871 
0.00816627 0.00319036 0.0783229 0.00103695 0.000413655 0.000145382 0.127711 0.391165 0.164659 
0.0072896 0.0048808 0.0764 0.0003096 0.0002496 0.0001648 0.0992 0.3552 0.1824 
0.00665418 0.00632351 0.0759936 0.000459761 0.000266932 0.000121912 0.085259 0.340239 0.206375 
0.0076254 0.00446984 0.0766897 0.000453968 0.000161905 5.71429e-05 0.0896825 0.330952 0.223016 
0.00760474 0.00395336 0.0759391 0.000237154 9.48617e-05 4.82213e-05 0.0656126 0.315415 0.275889 
0.00718346 0.00442205 0.0756898 0.000229134 6.92913e-05 4.17323e-05 0.0307087 0.307874 0.30315 
0.00758902 0.00457647 0.0755012 0.000232157 5.33333e-05 4e-05 0.0266667 0.30902 0.302745 
0.00746719 0.00444063 0.0749031 0.000227344 6.71875e-05 4.45313e-05 0.0367187 0.305469 0.328906 
0.00738366 0.0042965 0.0746459 0.000223346 5.13619e-05 4.8249e-05 0.029572 0.300389 0.350195 
0.0075031 0.0040062 0.0743054 0.000230233 2.24806e-05 4.03101e-05 0.0364341 0.289147 0.38062 
0.00728494 0.00402008 0.0739421 0.000222394 1.69884e-05 4.71042e-05 0.0355212 0.282625 0.4139 
0.00725308 0.0041 0.0737554 0.000222308 2.61538e-05 5e-05 0.0346154 0.280769 0.437692 
0.00722759 0.00403831 0.0734345 0.000223755 3.29502e-05 5.36398e-05 0.0314176 0.295019 0.462069 
0.00724809 0.00418779 0.073242 0.000224427 3.05344e-05 5.26718e-05 0.0122137 0.309924 0.471756 
0.00760989 0.00434068 0.072838 0.000222814 4.3346e-05 5.39924e-05 0.00760456 0.317871 0.447148 
0.0077197 0.00415152 0.0724523 0.000215909 4.24242e-05 6.36364e-05 0.0287879 0.321212 0.436364 
0.0074883 0.00422642 0.0723849 0.00021283 4.15094e-05 5.28302e-05 0.0430189 0.311698 0.461132 
0.00740752 0.0040782 0.072215 0.000212782 4.51128e-05 3.90977e-05 0.0240602 0.305263 0.469173 
-0.0107161 0.0402112 0.0331768 0.000944569 0.00108989 0.000485393 0.0876404 0.405243 245.238 
-0.0156149 0.0650866 -0.010503 0.00246269 0.00239328 0.00152687 0.110448 0.519403 488.194 
0.00767435 0.0623539 -0.0096461 0.00201338 0.00225651 0.0017197 97.4736 0.47881 486.427 
0.0122415 0.0660993 -0.00226519 0.00117926 0.0017037 0.00162963 339.804 0.471852 484.667 
-0.00523764 0.0578524 -0.00672325 0.00196605 0.00149151 0.00182509 386.918 0.531365 482.896 
-0.0153743 0.0656456 -0.00639412 0.00140294 0.00126103 0.00152059 144.59 0.477206 481.127 
-0.00181465 0.0697919 0.000224176 0.00126667 0.00111868 0.00096337 96.0784 0.446154 479.346 
0.0123905 0.0705314 0.000959124 0.00298905 0.00115328 0.000577372 334.845 0.507299 477.605 
0.00818036 0.0738233 -0.00142691 0.00356945 0.00146618 0.00115127 476.53 0.525818 475.922 
-0.0126522 0.0658319 -0.0126261 0.00239348 0.00191884 0.00125362 379.817 0.534783 474.241 
-0.0212592 0.0662643 -0.0125516 0.00180217 0.00230758 0.00119783 236.519 0.559567 472.521 
-0.00341871 0.0687259 -0.0101892 0.00281439 0.00263165 0.00168417 235.683 0.564029 470.79 
0.0112036 0.073433 -0.00781434 0.00216129 0.0023871 0.00142222 234.892 0.522581 469.054 
0.00889929 0.0692029 -0.0131057 0.00195286 0.00129429 0.00138071 327.676 0.464286 467.35 
-0.0102584 0.0668961 -0.0259189 -0.00367117 0.00122349 0.00114164 373.144 0.490391 465.696 
-0.0166702 0.0647362 -0.0126277 -0.0104177 0.00265461 0.000592199 139.496 0.521986 464.041 
-0.00254346 0.0541618 0.00741555 -0.0101138 0.00233852 0.000998587 92.6777 0.467138 462.436 
0.00280704 0.0581535 0.016538 -0.0104444 0.00254437 0.00264718 323.008 0.46831 460.936 
0.00398246 0.0530512 0.0252379 -0.0108309 0.00244912 0.00468281 459.735 0.510175 459.472 
-0.000372727 0.0477301 0.0338804 -0.0128364 0.00101049 0.00541399 458.06 0.464336 457.976 
0.00394355 0.0386704 0.0521213 -0.0120997 0.00196585 0.00309756 456.413 0.339373 456.493 
0.0148444 0.023566 0.0711292 -0.00236875 0.00415278 0.00164514 363.869 0.281944 454.981 
0.00609412 0.0234747 0.061074 0.00369758 0.00554464 0.00435433 226.66 0.341869 453.445 
0.0011869 0.0228448 0.0561938 -0.00288552 0.00415793 0.00645448 225.853 0.368966 451.919 
0.00993196 0.0135759 0.0715368 -0.00764811 0.00337457 0.00415189 135.096 0.378007 360.282 
0.00854932 0.00913425 0.073513 -0.00258219 0.00291712 0.00189247 0.114384 0.404795 134.666 
0.000827304 0.0142389 0.064385 0.00256928 0.0012273 0.001443 0.101706 0.389761 0.108532 
0.00195918 0.0131272 0.0667503 0.00022517 0.000736735 0.000541497 0.0938776 0.372789 0.136054 
0.00617559 0.00677085 0.0705627 -0.00105966 0.000841356 0.000279322 0.0928814 0.357288 0.134915 
0.00508784 0.00489595 0.0659892 0.000710135 0.00114257 0.000271622 0.0918919 0.32973 0.154054 
0.00264242 0.0040229 0.0640687 0.000179798 0.000673401 0.000140741 0.0754209 0.309764 0.16835 
0.00287181 0.00284832 0.0647919 0.000160403 0.000116107 4.69799e-05 0.0557047 0.294631 0.195302 
0.00308896 0.00311505 0.0643853 0.0002 7.15719e-05 6.75585e-05 0.0575251 0.280936 0.240803 
0.00303533 0.00308333 0.0640313 0.000182 3.86667e-05 6.66667e-05 0.0646667 0.266 0.284667 
0.00311561 0.00329834 0.0641741 0.000186711 5.31561e-05 5.91362e-05 0.0677741 0.263123 0.31495 
0.00337483 0.00334106 0.0640126 0.000164238 7.68212e-05 3.17881e-05 0.0774834 0.260265 0.346358 
0.00364158 0.00306535 0.0638205 8.64686e-05 8.58086e-05 1.51815e-05 0.0943894 0.244884 0.386139 
0.00346711 0.00260526 0.0643059 0.000134868 0.000142105 2.03947e-05 0.111184 0.244079 0.408553 
0.00361377 0.00236984 0.0645652 0.000656393 0.000259016 9.37705e-05 0.129836 0.243934 0.423607 
0.00446078 0.00314444 0.0640281 0.00152353 0.000586928 0.000350327 0.143791 0.24183 0.444444 
0.00579544 0.00603583 0.0623935 0.00186254 0.00119153 0.00100782 0.162215 0.259935 0.443648 
0.00572143 0.00862922 0.0647019 0.00162208 0.00244286 0.00162338 0.180519 0.272727 0.420779 
0.00744142 0.0072712 0.0702757 0.00377411 0.00306214 0.00143172 0.191586 0.273139 0.398706 
0.014071 0.00906065 0.071409 0.00731871 0.00289484 0.00136452 0.189032 0.271613 0.368387 
0.0157408 0.0158463 0.0623344 0.00952605 0.0018836 0.00176077 0.157556 0.255305 0.324759 
0.0113808 0.0254859 0.0464353 0.011784 0.00171346 0.00235962 0.110256 0.232051 0.266667 
0.0115367 0.0380658 0.0318166 0.0124409 0.0036901 0.00358403 0.0690096 0.235144 0.189137 
0.0121115 0.0479822 0.0211408 0.0105357 0.00330637 0.00422994 0.0363057 0.265605 83.5752 
0.00885841 0.0540959 0.0134286 0.00870222 0.00135683 0.00364952 0.0203175 0.292063 291.243 
0.00435 0.0582 0.00693165 0.00731203 0.00073481 0.00326709 0.0348101 0.320886 414.649 
0.00177224 0.0612082 0.00328707 0.00563407 0.00133438 0.00344858 0.0763407 0.367823 413.251 
0.000975472 0.0639472 0.00155912 0.0045566 0.00138994 0.00325786 0.125157 0.410692 411.875 
-0.00735361 0.0640727 -0.00392727 0.00372602 0.00109467 0.0021279 0.162382 0.458307 410.52 
-0.009155 0.0624375 -0.0106863 0.00221688 0.000891875 0.00099625 0.199375 0.505625 409.188 
-0.00034891 0.0612137 -0.00799252 0.00110841 0.00048785 0.00088162 0.233645 0.536449 407.886 
0.00223851 0.0600609 -1.98758e-05 0.000650311 0.000381988 0.000631056 0.265217 0.543478 406.611 
0.00286935 0.0600248 0.000343034 0.000382663 0.000185139 0.000170279 0.278638 0.528793 405.346 
0.00337716 0.0599519 -0.00510926 0.000219753 0.000181481 0.000182716 0.26358 0.516667 404.082 
0.002552 0.0600474 -0.00520062 0.000192 0.000179077 0.000141538 0.257846 0.512615 402.825 
0.00322761 0.0601957 -0.00123804 0.000247853 0.000226994 5.95092e-05 0.265644 0.528221 401.586 
0.00772355 0.0604141 -0.00044893 0.00118471 0.000838532 0.000617125 0.211621 0.489297 400.285 
0.00264268 0.0577573 -0.00125549 0.00142439 0.00133841 0.00140976 159.896 0.47439 399.05 
-0.0106547 0.0499909 -0.00687112 0.00128997 0.00111429 0.00152584 199.263 0.491185 397.838 
-0.0129958 0.0550673 -0.0116939 0.00154606 0.00120727 0.00148303 39.8867 0.458788 396.579 
0.00412326 0.0561148 -0.0108181 0.00123142 0.00181752 0.00130393 0.0966767 0.44713 395.384 
0.0119241 0.0510602 -0.00506566 0.0012012 0.00223916 0.00085 0.0271084 0.472892 394.232 
-0.0039958 0.055185 -0.00719039 0.00117838 0.00207928 0.000912913 196.769 0.474474 393.105 
-0.0169413 0.0602461 -0.0101335 0.00130958 0.00171377 0.000952695 196.171 0.464072 391.925 
-0.00811701 0.0627481 -0.00399403 0.00169433 0.00115881 0.00126806 195.627 0.522388 390.719 
0.00965119 0.0565024 -0.00494048 0.00132857 0.00115 0.00122321 195.149 0.494048 389.494 
0.0087632 0.0539312 -0.00325757 0.000617804 0.00148427 0.000907418 194.549 0.442136 388.359 
-0.00482367 0.0558047 -0.00780355 0.000728402 0.00156154 0.00093787 387.746 0.473373 387.237 
-0.0136218 0.0555133 -0.0153068 0.00125369 0.00173274 0.000774631 386.581 0.510324 386.121 
-0.00483235 0.0591365 -0.0156271 0.00310059 0.00201529 0.00121176 385.394 0.505882 385.035 
0.00883988 0.0596446 -0.0163619 -0.000952493 0.00189032 0.000925513 192.229 0.469208 383.818 
0.00866725 0.0563696 -0.00691637 -0.00805614 0.00306023 0.000351462 191.699 0.44152 382.652 
-0.00676501 0.0520017 0.00457726 -0.00960875 0.00318484 0.000322449 382.073 0.469388 381.595 
-0.0103919 0.0454035 0.0145093 -0.00976686 0.00176628 0.000755233 380.963 0.517442 380.565 
-3.24638e-05 0.0393768 0.0253438 -0.00923304 0.00142957 0.00126029 379.868 0.513623 379.514 
0.000680925 0.0359058 0.0342682 -0.00927283 0.0011711 0.00365491 378.751 0.458382 378.485 
0.00413602 0.0234628 0.0455291 -0.00948473 0.00277983 0.00710548 377.606 0.417867 377.529 
0.0169862 0.0103385 0.0540868 -0.00847701 0.00346034 0.00761264 376.501 0.398851 338.883 
0.0193215 0.0146802 0.0647009 -0.0022298 0.00321891 0.00487049 375.424 0.314613 150.203 
0.0115223 0.0153171 0.0581777 0.00255257 0.00274171 0.00208686 336.961 0.261143 0.0291429 
0.00958575 0.0140456 0.0479521 0.00165812 0.00170826 0.00131852 149.386 0.271225 0.0410256 
0.0146903 0.0134295 0.0507102 0.00268409 0.00171364 0.000734659 0.0448864 0.300568 0.0426136 
0.0159955 0.0107184 0.0507184 0.00285836 0.00119263 0.000453258 0.0526912 0.281586 0.0526912 
0.0128062 0.0108876 0.0510508 0.00273616 0.000525424 0.000875706 0.103955 0.265537 0.0824859 
0.0137792 0.0064969 0.0524811 0.00318085 0.000656338 0.000950986 0.133521 0.289014 0.114366 
0.0161073 0.00175169 0.0546337 0.00199607 0.00082809 0.000398315 0.14382 0.282022 0.126966 
0.0176577 0.00242521 0.0528986 0.00126331 0.000520448 0.000222969 0.157423 0.264986 0.113725 
0.0172458 0.00515698 0.0508849 0.00135642 0.000632961 0.000211732 0.141341 0.256425 0.0932961 
0.015171 0.00751253 0.0497036 0.000870752 0.000698607 7.13092e-05 0.105292 0.256825 0.0796657 
0.0141706 0.00837111 0.0493122 0.00062 0.000321111 0.000100556 0.09 0.25 0.0733333 
0.0147806 0.00683823 0.0502172 0.000937396 0.000298061 0.000171191 0.0836565 0.252078 0.0736842 
0.0157359 0.0048011 0.0514724 0.000939779 0.000416022 0.000138674 0.0651934 0.258564 0.0762431 
0.0163289 0.0042584 0.0514325 0.000412672 0.000249587 7.21763e-05 0.0501377 0.250689 0.0853994 
0.0137143 0.0135346 0.0398989 0.00043956 0.000541209 0.00019011 72.0533 0.255495 71.9797 
0.00211726 0.0387074 0.0134871 0.000957808 0.00106466 0.00103562 71.8433 0.395616 250.991 
-0.0120355 0.0535426 -0.00204481 0.000994536 0.00114645 0.00133607 0.0382514 0.404372 357.519 
-0.0132638 0.0549657 -0.00116785 0.00143869 0.00124087 0.00112643 0.13079 0.343324 356.529 
0.0026288 0.0574929 -0.00123424 0.00138315 0.00150598 0.00129076 178.182 0.394022 355.579 
0.011987 0.0525382 -0.00128509 0.000937669 0.00162168 0.00105041 177.61 0.341463 354.656 
-0.000198378 0.0532654 -0.000591892 0.00112324 0.00123081 0.00113892 177.097 0.389189 353.73 
-0.0106221 0.0507127 -0.0061434 0.00158437 0.000702965 0.00104744 176.671 0.428571 352.741 
-0.00761129 0.0566075 -0.00415054 0.00160108 0.000890323 0.000975806 0.147849 0.357527 351.728 
0.00633137 0.0570853 -0.00435442 0.00110349 0.00147668 0.000965147 0.107239 0.348525 350.777 
0.0112524 0.0448037 -0.00817112 0.000951872 0.00191711 0.000728342 175.176 0.385027 349.925 
-0.00127307 0.0517104 -0.00460373 0.00117813 0.00195467 0.0010656 174.685 0.429333 349.016 
-0.012675 0.0556351 -0.005825 0.00125426 0.00157234 0.000943085 0.0611702 0.428191 348.008 
-0.00408011 0.0587485 -0.00233581 0.00124721 0.00167798 0.00105464 0.124668 0.411141 347.058 
0.0130196 0.0516016 -0.0043672 0.00107937 0.00153439 0.00110106 0.103175 0.378307 346.151 
0.0107266 0.0449478 -0.00516412 0.000720317 0.00132243 0.000781003 172.876 0.379947 345.303 
-0.00324526 0.0533811 -0.00225 0.000935263 0.00138053 0.00103737 172.413 0.392105 344.376 
-0.0125979 0.0547958 -0.00406089 0.000930184 0.00130341 0.000858268 0.104987 0.388451 343.417 
-0.00288168 0.0536817 -0.00331152 0.00141309 0.00117487 0.000927749 0.151832 0.361257 342.529 
0.00921567 0.0508386 -0.00823864 0.00213316 0.000963446 0.00097859 0.101828 0.326371 341.642 
0.00562708 0.0496781 -0.00972813 -0.000392708 0.00241927 0.000609375 170.63 0.380208 340.807 
-0.00319948 0.0531091 -0.00301922 -0.00592312 0.0024 0.000515325 170.177 0.394805 339.938 
-0.00341606 0.0505995 0.00286166 -0.00879741 0.000907772 0.00084715 0.0207254 0.409326 339.047 
0.000843411 0.0365855 0.0116439 -0.0099907 0.00133437 0.00137158 169.299 0.357106 338.274 
-0.00185619 0.0308088 0.0302995 -0.0121299 0.000754124 0.00165206 337.695 0.301031 337.553 
0.000335219 0.0206324 0.0447743 -0.00986787 -0.000852956 0.00271722 336.804 0.322879 336.752 
0.00517692 0.0167569 0.0522795 -0.00612769 -0.000116923 0.00291897 335.909 0.339487 302.349 
0.00207366 0.0188389 0.0570946 -0.00224194 0.00160358 0.00143223 335.064 0.354987 201.106 
0.00807296 0.00833367 0.0521138 0.00207194 0.0011398 0.000614286 267.413 0.341327 167.209 
0.012255 0.00807837 0.0459593 0.0032514 0.00123562 0.00108855 100.075 0.336387 100.136 
0.00761624 -0.00641624 0.0501208 0.000541117 0.00194264 0.00142741 0.104061 0.345685 0.120305 
0.0070157 -0.0108172 0.0523266 -0.00088 0.00156304 0.000726076 0.151392 0.328608 0.156456 
0.00399899 0.00168182 0.0487939 0.000376263 0.00102879 0.000190404 0.175758 0.328283 0.189899 
0.00148866 0.00253451 0.0484665 0.000172796 0.00051738 0.000105793 0.164232 0.359698 0.16927 
0.00110302 0.00237688 0.0486055 0.000149246 0.000292965 4.62312e-05 0.130151 0.364322 0.143216 
0.00101303 0.00232632 0.0485183 0.000137343 0.000127318 4.11028e-05 0.100752 0.353383 0.13183 
0.0007885 0.002468 0.0481965 0.0001335 0.000112 3.15e-05 0.0835 0.3215 0.1215 
0.000723691 0.00242594 0.0481541 0.000132668 8.57855e-05 4.18953e-05 0.0608479 0.305237 0.118703 
0.000640796 0.00235821 0.048093 0.000132836 5.42289e-05 5.77114e-05 0.0512438 0.29005 0.129851 
0.000688337 0.00241439 0.0479747 0.000135484 3.87097e-05 4.4665e-05 0.0491315 0.265509 0.133499 
0.000639109 0.00255297 0.0478282 0.000138119 3.26733e-05 2.72277e-05 0.0366337 0.244554 0.126733 
0.000632593 0.00249383 0.0476652 0.000139259 3.11111e-05 2.37037e-05 0.0355556 0.234074 0.12642 
0.000643842 0.00247389 0.0475296 0.000135468 3.00493e-05 2.6601e-05 0.046798 0.238916 0.126601 
0.000638329 0.00259115 0.0474506 0.000133661 2.50614e-05 3.09582e-05 0.0515971 0.23145 0.131204 
-0.00234069 0.00442598 0.0419632 0.000378922 0.00015 5.78431e-05 32.1706 0.231373 32.2029 
-0.00642787 0.0254753 0.0150689 0.000843032 0.000550122 0.000635697 160.242 0.337897 192.039 
-0.0083161 0.0441698 -0.00438634 0.00129415 0.000946829 0.00110146 127.925 0.459024 319.159 
0.00122676 0.0465528 -0.00151192 0.00116107 0.00136837 0.000854988 0.0982968 0.4691 318.341 
0.00932379 0.0477515 -0.000936893 0.00116408 0.00166359 0.000620874 0.0791262 0.474272 317.56 
-0.000779661 0.0468843 -0.00348571 0.00109492 0.00131477 0.00086586 31.8315 0.490073 316.801 
-0.0131918 0.0450382 -0.00729275 0.00106522 0.000885507 0.000806763 189.998 0.413527 316.063 
-0.0077759 0.054519 -0.00424 0.00133012 0.00113687 0.000948916 284.23 0.371084 315.331 
0.00850433 0.0529659 -0.00422981 0.00103654 0.00154087 0.0010125 126.09 0.396154 314.529 
0.00936307 0.0424868 -0.00556691 0.000584652 0.00173381 0.000486331 0.127098 0.430216 313.739 
-0.00368278 0.0456081 -0.00641005 0.000608612 0.0015 0.000682297 31.4737 0.448804 313.01 
-0.0117981 0.045031 -0.0107752 0.00100907 0.00121241 0.000702148 156.434 0.403341 312.321 
-0.00367143 0.0496919 -0.00933 0.00113667 0.00162333 0.000923333 124.811 0.437143 311.612 
0.00732684 0.051009 -0.00715297 0.00254062 0.00143848 0.000968171 0.0589074 0.448456 310.83 
0.00540758 0.0447555 -0.00216114 0.00218389 0.00160237 0.00065545 0.109953 0.400948 310.077 
-0.00353617 0.0451565 0.00298771 -0.00335556 0.00172057 0.00110875 62.0586 0.401891 309.399 
-0.00348396 0.0482226 0.00825566 -0.0073033 0.00147642 0.00138349 154.585 0.379717 308.733 
0.00264376 0.0397294 0.0159948 -0.007592 0.00117129 0.000926118 154.219 0.377412 308.023 
0.00583991 0.0290732 0.0207765 -0.00712254 0.000860094 0.00152864 215.332 0.401408 307.354 
0.00308759 0.0230749 0.0256468 -0.00651803 0.00149649 0.00268946 306.852 0.392506 306.718 
0.00203879 0.0190631 0.0347701 -0.00535888 0.00106215 0.00276449 306.175 0.397664 306.045 
0.0072965 0.020814 0.0449832 -0.00494172 0.000731002 0.00174219 305.488 0.353846 305.384 
0.00966326 0.0152293 0.0464949 -0.00245814 0.00137256 0.000834419 243.832 0.25814 304.746 
0.00642227 0.0125981 0.0425021 0.00163063 0.00169513 0.00153735 152.067 0.262645 243.281 
0.00844769 0.0136236 0.0454963 0.00114259 0.00136065 0.00191667 151.717 0.307407 91.0676 
0.0120674 0.00723788 0.0473926 0.000505312 0.00104942 0.000957506 90.8707 0.315473 0.07806 
0.00895438 0.00661613 0.0426069 0.0010235 0.00069447 0.000315668 0.141935 0.283871 0.118894 
0.00609195 0.00788736 0.0392694 0.00131448 0.00052046 0.00038023 0.148966 0.230805 0.195862 
0.00574083 0.00714587 0.0395069 0.0011344 0.000606881 0.00055367 0.115138 0.240826 0.239908 
0.00836842 0.00253638 0.0457789 0.000824256 0.0010833 0.0004627 0.0933638 0.281922 0.228833 
0.0112831 -0.00170639 0.0468653 0.00111507 0.00142055 0.000291781 0.111416 0.287671 0.204566 
0.00952756 0.00171936 0.0427189 0.00121367 0.00133667 0.000346697 0.132574 0.27836 0.17631 
0.00582455 0.00562136 0.0419218 0.000996364 0.00116864 0.000313636 0.121364 0.279545 0.145 
0.0060059 0.00617914 0.0414499 0.000636735 0.000445351 0.000181859 0.101587 0.280272 0.119728 
0.00658824 0.00437466 0.042633 0.000755656 0.000236652 9.23077e-05 0.0823529 0.259729 0.113122 
0.00734628 0.00283341 0.0436126 0.000575621 0.000234312 5.37246e-05 0.0690745 0.235214 0.11693 
0.0074045 0.00314505 0.0432306 0.000237387 0.000163964 3.82883e-05 0.0576577 0.226126 0.120721 
0.00678112 0.00406337 0.0424337 0.000149213 0.000108764 4.80899e-05 0.032809 0.226067 0.137079 
0.00665426 0.00418834 0.0420511 0.000233184 5.42601e-05 8.16143e-05 0.0233184 0.222422 0.141704 
0.00691454 0.00352752 0.0419638 0.00047472 9.08277e-05 0.000112304 0.0340045 0.211186 0.146756 
0.0072375 0.00297232 0.0420482 0.000624554 0.000204911 8.48214e-05 0.034375 0.191518 0.165625 
0.00765122 0.00233942 0.0425056 0.000591982 0.000260134 4.58797e-05 0.0253898 0.183964 0.183073 
0.00794933 0.00167467 0.0428671 0.000340889 0.000144444 3.24444e-05 0.0253333 0.190667 0.196889 
0.00770643 0.00214856 0.0424528 0.000235033 0.000120621 3.59202e-05 0.0350333 0.187583 0.208869 
0.00734912 0.0032146 0.0415217 0.000223009 0.000103982 4.0708e-05 0.0402655 0.181858 0.223451 
0.00737748 0.00326402 0.0413046 0.000291832 7.15232e-05 7.41722e-05 0.0485651 0.189845 0.233996 
0.00758943 0.00260661 0.0416238 0.000460793 0.000129075 6.51982e-05 0.0524229 0.19163 0.242731 
0.00787429 0.00203121 0.041753 0.000413187 0.000129231 3.69231e-05 0.0474725 0.18022 0.247033 
0.00281447 0.00979781 0.0268741 0.000777193 0.000256579 0.000335526 86.2596 0.200877 86.286 
-0.00843063 0.032435 0.00530678 0.000878775 0.000690591 0.000695405 86.0586 0.299344 229.171 
-0.00811659 0.0469563 5.02183e-05 0.00143537 0.00101223 0.000667249 0.0393013 0.30131 285.751 
0.00389499 0.0437664 0.00228453 0.00181264 0.000934641 0.000739434 142.793 0.287582 285.15 
0.00674652 0.0405891 0.00171913 0.00171913 0.000952609 0.000909565 284.898 0.345652 284.554 
0.000591323 0.0378668 -0.00738742 0.00136226 0.000967028 0.000954447 284.254 0.344902 283.959 
-0.00684416 0.0389996 -0.010442 0.000870563 0.000959307 0.000917316 283.654 0.320346 283.364 
-0.000660043 0.039787 -0.00368769 0.00128942 0.00142376 0.00100821 169.858 0.268683 282.693 
0.0103961 0.0404099 -0.00206078 0.00105302 0.00156897 0.00109483 169.495 0.259052 282.09 
0.00655742 0.0432056 -0.00351957 0.000793118 0.00121505 0.00107828 281.837 0.305376 281.523 
-0.00729013 0.0461584 -0.00350773 0.00109099 0.000754506 0.0010176 253.089 0.311588 280.911 
-0.00956445 0.0465319 0.000218844 0.00110664 0.000718201 0.000856959 140.303 0.315632 280.295 
0.0019141 0.0383192 0.000575214 0.00122094 0.00102906 0.000583761 167.995 0.359402 279.7 
0.00797953 0.0385701 -0.000617058 0.00193049 0.00100256 0.000510874 279.394 0.344563 279.122 
0.00436936 0.0439821 -0.00373191 0.00200766 0.00100723 0.00097617 250.949 0.308936 278.517 
-0.00584586 0.0419648 -0.00900722 0.00142972 0.00107134 0.000788535 111.34 0.284926 277.899 
-0.00949788 0.0401975 -0.00835212 0.00116949 0.00153263 0.000812712 0.0398305 0.283898 277.313 
0.00318224 0.040493 -0.00738182 0.00144567 0.00210655 0.000840169 0.0232558 0.273573 276.703 
0.0102485 0.0415346 -0.00499325 0.00102152 0.00205359 0.000334177 27.6717 0.281857 276.079 
-0.000383579 0.0425297 -0.00396253 0.000560421 0.00125474 0.000644211 110.373 0.328421 275.507 
-0.0086895 0.0404815 -0.00654118 0.00101429 0.000909244 0.000714286 82.642 0.333613 274.909 
-0.00584948 0.0473476 -0.00799665 0.00155849 0.0011501 0.00098239 0.0750524 0.336688 274.302 
0.00573096 0.0489908 -0.010369 -0.00157155 0.000875732 0.00126946 0.0564854 0.327615 273.727 
0.00755741 0.040734 -0.0046096 -0.00576785 0.000957829 0.00080167 54.7624 0.346555 273.189 
-0.00287833 0.0346304 0.00423042 -0.00615458 0.0008725 0.00082375 136.526 0.377917 272.671 
-0.00436175 0.0358499 0.00752682 -0.00628025 0.000622037 0.00113971 136.25 0.364241 272.112 
-0.00192988 0.034256 0.0133241 -0.0062166 0.0006639 0.00109129 190.341 0.324066 271.595 
-0.000717184 0.0272455 0.0196961 -0.00596853 0.00124638 0.00127909 217.071 0.314286 271.112 
0.00058843 0.0233773 0.0235285 -0.0071314 0.000683884 0.00208388 135.4 0.345041 270.604 
0.00358639 0.0148487 0.0307843 -0.00575794 0.00055299 0.00288825 135.093 0.327423 270.103 
0.00680288 0.00988971 0.0362691 -0.00492428 0.00220453 0.00303457 134.821 0.277366 215.654 
0.0110698 0.0104916 0.0402567 -0.00272567 0.00239918 0.00198193 188.363 0.251335 80.7088 
0.015259 0.00372377 0.0406365 0.00165943 0.00134672 0.00140082 214.831 0.265574 0.0434426 
0.0109857 0.000582822 0.0384536 0.00151125 0.000774642 0.00123722 134.019 0.303476 0.111247 
0.00663592 0.00725918 0.039798 0.000544082 0.000583673 0.00063102 133.764 0.305714 0.175102 
0.00494216 0.00871202 0.0382807 0.000469246 0.000320163 0.000410183 80.1523 0.281874 0.189817 
0.00559309 0.0079813 0.0372195 0.000602846 0.000259756 0.00025 0.106911 0.264634 0.176829 
0.00667505 0.00725761 0.0376065 0.00066856 0.000127789 0.000176471 0.0997972 0.258012 0.16146 
0.00709433 0.00624089 0.0379757 0.000466802 0.000133198 0.000123887 0.088664 0.263563 0.143725 
0.00721939 0.00563354 0.0380578 0.00023798 9.0101e-05 4.60606e-05 0.0816162 0.261818 0.134141 
0.00688629 0.00603266 0.0377677 0.000104839 2.05645e-05 2.90323e-05 0.0774194 0.248387 0.121774 
0.00679155 0.00624708 0.0373887 0.000202414 1.167e-05 7.32394e-05 0.082495 0.237022 0.101811 
0.00686305 0.00582892 0.0375502 0.000399598 6.2249e-05 0.000181928 0.0891566 0.232129 0.0779116 
0.00721002 0.00515832 0.0378345 0.000392385 6.65331e-05 0.000191583 0.0869739 0.227255 0.0589178 
0.0073504 0.004918 0.0376864 0.0001928 4.12e-05 7.48e-05 0.082 0.2156 0.0556 
0.00718523 0.00500878 0.037301 6.98603e-05 5.06986e-05 2.15569e-05 0.0858283 0.203194 0.0538922 
0.00692669 0.00544861 0.0369892 0.000155378 4.10359e-05 3.38645e-05 0.0884462 0.19761 0.0430279 
0.00696978 0.00544851 0.037101 0.000341948 7.35586e-05 7.39563e-05 0.0819085 0.19006 0.0357853 
0.00742143 0.00470992 0.0373837 0.000386905 9.68254e-05 7.18254e-05 0.0849206 0.183333 0.031746 
0.00757465 0.00448198 0.037461 0.000222178 5.9802e-05 2.93069e-05 0.0986139 0.18495 0.0217822 
0.00739407 0.00468498 0.0372621 7.15415e-05 4.82213e-05 1.89723e-05 0.113043 0.182609 0.0221344 
0.00719408 0.00493846 0.0369424 4.61538e-05 4.57594e-05 1.89349e-05 0.12071 0.179093 0.0362919 
0.00701496 0.00507559 0.0366783 0.000153543 3.58268e-05 2.20472e-05 0.115748 0.186614 0.0393701 
0.00719528 0.0049666 0.0365729 0.000306876 7.50491e-05 3.7721e-05 0.119843 0.18664 0.0318271 
0.00749373 0.0043302 0.0367329 0.000352941 8.11765e-05 6.54902e-05 0.12902 0.164314 0.0317647 
0.00769589 0.0037816 0.0370376 0.000228571 4.22701e-05 6.5362e-05 0.122896 0.154207 0.0375734 
0.00757148 0.00408203 0.0369125 0.000121484 6.75781e-05 2.73438e-05 0.125391 0.163672 0.0410156 
0.00723197 0.00458363 0.036455 9.08382e-05 8.30409e-05 1.4425e-05 0.134503 0.161014 0.0362573 
0.00711712 0.00481751 0.0363117 0.000105058 3.89105e-05 2.52918e-05 0.131907 0.156031 0.0346304 
0.00717825 0.00466563 0.0363705 0.000198835 1.51456e-05 4.46602e-05 0.131262 0.160777 0.0458252 
0.00904574 0.0129845 0.0252132 0.000356589 0.000405426 0.000293023 0.128682 0.210078 76.1395 
0.00865687 0.0293408 0.00845803 0.000598066 0.000982592 0.000587234 0.107544 0.297872 202.558 
0.00335946 0.0353699 -0.00168417 0.000916988 0.000897683 0.000944788 25.3564 0.311583 252.688 
-0.00589249 0.0348998 -0.00537765 0.000899422 0.00056763 0.00111869 126.25 0.28131 252.233 
-0.00730269 0.0372538 -0.00156231 0.00109308 0.000775385 0.000690385 100.833 0.306538 251.742 
0.0019785 0.0364587 0.000563916 0.0012572 0.000896353 0.00056238 0.0591171 0.313244 251.248 
0.00591533 0.0365678 -0.000651341 0.00170613 0.00076092 0.000611494 25.1621 0.309962 250.785 
-0.00265163 0.0348363 -0.00619235 0.00153117 0.000754493 0.000804971 125.336 0.346845 250.285 
-0.0119901 0.0358034 -0.00808817 0.000713359 0.000812214 0.000877863 125.078 0.31145 249.792 
-0.00653752 0.0419661 -0.00271543 0.00110476 0.000967238 0.000847619 124.841 0.286857 249.319 
0.00482624 0.0389768 -0.00174525 0.00118289 0.00125475 0.0011289 99.7046 0.3 248.864 
0.00678937 0.0314273 -0.000695256 0.000719924 0.00125541 0.000925237 24.9298 0.283871 248.388 
-0.000947348 0.0337939 -0.00321477 0.00100038 0.000816288 0.000883333 124.15 0.312121 247.91 
-0.00681474 0.0373607 -0.00453648 0.00102231 0.000598866 0.000931191 99.1482 0.275614 247.427 
-0.00152302 0.0377434 0.00109887 0.00110075 0.000715472 0.000571321 24.7581 0.241132 246.96 
0.00568437 0.0380591 0.00195217 0.00179623 0.000852731 0.000501318 148.059 0.296422 246.536 
0.00610188 0.0324962 -0.00272331 0.00246391 0.000881955 0.000738722 246.293 0.316541 246.115 
-0.00299287 0.034454 -0.00962214 0.00205891 0.00117448 0.000840525 221.253 0.327205 245.646 
-0.0114891 0.0397667 -0.00965468 0.00112472 0.00119213 0.000684644 98.2154 0.32397 245.139 
-0.00527327 0.0375439 -0.00508598 0.00177495 0.00138056 0.000823178 0.12 0.299439 244.635 
0.00532948 0.0352287 -0.00257575 0.00157836 0.00152201 0.000912313 24.5325 0.291418 244.181 
0.00716127 0.0327236 -0.000164246 0.000681192 0.00100559 0.000797393 146.44 0.289013 243.777 
-0.000826022 0.0368721 -0.00210743 0.00082119 0.00065316 0.000824164 219.243 0.303717 243.341 
-0.00766456 0.040423 -0.00397217 0.000706494 0.000535807 0.000743599 121.613 0.29462 242.873 
-0.00199222 0.0369181 -0.000748889 0.00068963 0.000615185 0.00055 121.343 0.281111 242.438 
0.00755194 0.0355871 -0.000792237 0.00124991 0.000768946 0.000361553 121.109 0.290943 242.011 
0.00690849 0.0379749 -0.000420664 0.00148192 0.000997786 0.000789299 120.917 0.281181 241.569 
-0.00600405 0.0375366 -0.0038291 0.000987477 0.00111123 0.000853407 96.5495 0.298343 241.112 
-0.00974191 0.0352015 -0.00743971 0.000783456 0.00107794 0.000599265 0.0301471 0.316176 240.631 
-0.000302018 0.0361152 -0.00431083 0.00151303 0.00126018 0.000740183 0.0587156 0.267156 240.159 
0.00812491 0.0342861 -0.00493993 0.00124835 0.00131722 0.000563736 24.0352 0.259341 239.749 
0.00642888 0.0352318 -0.00334589 0.000442048 0.000944059 0.00069872 143.734 0.301645 239.363 
-0.00693066 0.0366595 -0.00278978 0.000485766 0.000664964 0.000675182 215.202 0.311314 238.924 
-0.00762587 0.0382925 -0.00304772 0.000706375 0.000704554 0.000551548 119.353 0.31439 238.427 
0.00232982 0.0384778 -0.00124036 0.000965818 0.00112945 0.000628 142.994 0.273818 237.951 
0.00624864 0.0361456 -0.00226171 0.000882759 0.00122033 0.000381488 237.872 0.251543 237.557 
0.00293152 0.0347094 -0.00560507 0.000620652 0.000929348 0.000731159 237.417 0.295652 237.169 
-0.00631356 0.0311844 -0.00765931 0.000616275 0.000770705 0.00076528 236.935 0.305967 236.77 
-0.00924765 0.0308794 -0.00424765 0.000731047 0.000701083 0.000560289 212.848 0.28231 236.326 
-0.00203243 0.0327467 -0.0017391 0.00112144 0.000978018 0.00061982 118.097 0.27027 235.846 
0.00579856 0.0348076 -0.00104748 0.00117482 0.00111187 0.000408633 141.455 0.273022 235.428 
0.000463555 0.034739 -0.00143734 0.000766607 0.000867864 0.00055763 235.271 0.285099 235.024 
-0.00763441 0.0345796 -0.00747634 0.000504659 0.00068172 0.000602867 234.856 0.291398 234.593 
-0.00527835 0.0360236 -0.0110644 -0.0010941 0.000848658 0.000382826 187.566 0.294097 234.151 
0.000428214 0.0346836 -0.0048225 -0.0043875 0.000713214 0.000388929 117.047 0.294286 233.723 
0.00175544 0.0349148 0.00440535 -0.00299537 0.000721925 0.000566488 163.525 0.28877 233.359 
-0.00443559 0.0305623 0.00915018 -0.00281352 0.00118719 0.00165196 186.546 0.296441 232.99 
-0.0032913 0.03067 0.0120597 -0.00718046 0.00119964 0.00230444 116.402 0.279574 232.597 
0.00174149 0.0245809 0.018389 -0.00723404 0.000947163 0.00121489 162.633 0.24539 232.24 
0.00436283 0.0132184 0.0257501 -0.00514088 0.0011154 0.00164637 231.882 0.242832 231.902 
0.0063629 0.0126569 0.028736 -0.00549859 0.0013258 0.00348481 231.417 0.236396 185.247 
0.012327 0.00962187 0.0382469 -0.00605432 0.000988007 0.00345397 230.995 0.216578 69.4004 
0.0131063 0.00432535 0.0408035 -0.00174296 0.00118662 0.00199965 184.513 0.209155 0.071831 
0.00681406 0.00609139 0.0323575 0.00245167 0.0014123 0.000814763 69.1086 0.211599 0.0639719 
0.00992105 0.0104375 0.0294789 0.0017007 0.00133088 0.000335789 46.0228 0.214386 0.0684211 
0.0106119 0.00529492 0.0314886 0.000886865 0.000913485 0.000371979 114.775 0.235377 0.0707531 
0.00815524 0.0011 0.0339493 0.000972028 0.000274126 0.000353846 68.7573 0.253147 0.0727273 
0.00856998 0.00294276 0.0331571 0.00065445 0.000375567 0.000151483 0.0638743 0.219546 0.0806283 
0.00732509 0.00549338 0.0324251 0.000466202 0.000396516 8.91986e-05 0.0749129 0.191986 0.0804878 
0.0069927 0.00530783 0.0316988 0.00043513 0.000235478 0.000137739 0.0695652 0.194783 0.0848696 
0.00785521 0.00378542 0.0324965 0.000589236 0.000311458 0.000147917 0.0652778 0.191667 0.0826389 
0.00847036 0.00294731 0.032905 0.000354246 0.000246794 9.98267e-05 0.0623917 0.185095 0.0811092 
0.00813287 0.00336401 0.0324073 0.000199654 0.000224567 5.50173e-05 0.0688581 0.180277 0.0882353 
0.0071544 0.00440449 0.0318732 0.000169948 0.000204145 4.00691e-05 0.0680484 0.179275 0.0825561 
0.00708345 0.00439172 0.0319369 0.000192414 0.000106897 7.51724e-05 0.06 0.184138 0.0751724 
0.00761274 0.00368709 0.032264 0.000224096 7.77969e-05 8.22719e-05 0.0495697 0.186575 0.0791738 
0.00765223 0.00364674 0.0321649 9.41581e-05 4.7079e-05 4.12371e-05 0.0353952 0.186598 0.0814433 
0.0073482 0.00401372 0.0318672 6.75815e-05 3.70497e-05 3.46484e-05 0.0271012 0.186964 0.0826758 
0.00733527 0.0039161 0.0318014 0.000156849 4.76027e-05 6.74658e-05 0.0277397 0.184589 0.0880137 
0.00762188 0.00362085 0.0317822 0.000209231 6.5641e-05 8.5812e-05 0.0290598 0.180855 0.088547 
0.00772662 0.00349932 0.0318311 0.000170307 3.99317e-05 5.80205e-05 0.0238908 0.176109 0.0921502 
0.00766337 0.00350698 0.0317656 0.000101874 2.35094e-05 4.97445e-05 0.0143101 0.175809 0.0994889 
0.00754762 0.00368639 0.0315942 0.000119048 3.19728e-05 4.52381e-05 0.0170068 0.180272 0.104082 
0.00738812 0.00379185 0.0316601 0.00019219 4.85569e-05 4.44822e-05 0.020034 0.174873 0.0967742 
0.00764203 0.00360983 0.0317051 0.000212542 6.40678e-05 5.49153e-05 0.0149153 0.178305 0.0867797 
0.00795601 0.00328223 0.0316657 0.000167851 4.39932e-05 3.04569e-05 0.0108291 0.182064 0.103553 
0.00785541 0.00323041 0.0314949 9.08784e-05 4.02027e-05 1.21622e-05 0.00878378 0.167568 0.122973 
0.00761855 0.00331804 0.0312543 0.000108263 4.28331e-05 1.8887e-05 0.00708263 0.164924 0.11973 
0.00756162 0.00319259 0.0311987 0.000199663 5.52189e-05 4.07407e-05 0.0023569 0.168687 0.114141 
0.00783765 0.00299126 0.031203 0.000230252 8.5042e-05 6.18487e-05 0.010084 0.164706 0.117647 
0.00795336 0.00276477 0.0312651 0.000214765 8.42282e-05 5.80537e-05 0.0134228 0.16443 0.114094 
0.00807571 0.00267705 0.0313035 0.000151759 5.62814e-05 4.45561e-05 0.00837521 0.159129 0.115578 
0.00806254 0.00278328 0.0311428 6.4214e-05 4.44816e-05 3.67893e-05 0.0183946 0.152174 0.115385 
0.0077419 0.00298097 0.0308618 9.58264e-05 4.5409e-05 5.90985e-05 0.015025 0.161937 0.115192 
0.00382204 0.00156194 0.015374 8.14691e-05 1.70284e-05 4.30718e-05 0.00166945 0.0851419 0.0617696 
