1.7008 9.1727 -3.1296 0.0406 0.0135 0.0054 65473.6 65459.6 65520 
1.1448 6.13647 -2.09787 0.0293333 0.0119333 0.0034 43649.5 43640.7 43681.4 
0.84225 4.61235 -1.56835 0.0249 0.0178 0.0032 32735.9 32732.2 32760.3 
0.6502 3.71636 -1.24116 0.02436 0.01288 0.00828 26188.6 26186.2 26207.8 
0.5396 3.1628 -1.0026 0.0417 0.0106667 0.017 21824.5 21820.6 21839.7 
0.452429 2.73846 -0.813 0.0663714 0.0125143 0.0258286 18706.7 18703.5 18719.6 
0.360825 2.32907 -0.694675 0.080375 0.01815 0.036525 16368 16366.2 16379.8 
0.290244 1.93311 -0.6122 0.0638667 0.0250889 0.0387333 14548.8 14547.6 14560.2 
0.1869 1.50274 -0.54786 0.04274 0.03122 0.0404 13093.6 13093.1 13104.7 
0.0901818 1.04876 -0.4726 0.0781273 0.0402545 0.0426909 11903 11903.2 11913.2 
0.0941167 0.843133 -0.398167 0.109717 0.0331333 0.0335833 10910.7 10911.6 10919.9 
0.0892462 1.19885 -0.516231 0.0944462 0.0320154 0.0242308 10071.4 10073.1 10079.4 
0.0535714 1.60206 -0.6774 0.0556429 0.0320429 0.0234429 9352.7 9354.19 9358.96 
0.0362667 1.55852 -0.679533 0.0471867 0.0232667 0.01808 8730.35 8731.15 8734.67 
0.0432875 1.42407 -0.65425 -0.0155625 0.0173125 0.0179125 8185.54 8186.16 8188.59 
0.0495765 1.56919 -0.501518 -0.105906 0.0107647 0.0218706 7704.08 7704.95 7707.35 
0.0377778 1.22519 -0.151478 -0.148089 0.0179667 0.0145 7275.57 7276.81 7279.68 
0.0323895 0.878063 0.0688947 -0.100105 0.0207263 0.00848421 6891.77 6893.79 6897.05 
0.02994 0.94049 0.20401 0.00401 0.01012 0.00922 6546.48 6549.38 3931.7 
0.0348476 0.845324 0.291952 0.0410476 0.00688571 0.00852381 6234.35 6237.69 624.638 
0.0387 0.791309 0.301045 0.0342455 0.00874545 0.00565455 5950.69 5954.18 1.14545 
0.0243478 0.738496 0.308557 0.0256348 0.00576522 0.00595652 5691.7 5695.23 1.63478 
0.0161583 0.684025 0.255342 0.0588083 0.00281667 0.00594167 5454.5 5457.78 1.66667 
0.023024 0.704992 0.169032 0.113424 0.00404 0.005352 5236.42 5239.41 1.376 
0.0336923 0.840685 -0.0221615 0.1512 0.0210692 0.0144615 5035.22 5037.95 0.715385 
0.0245111 0.958711 -0.310948 0.125052 0.0255481 0.0146519 4849.43 4851.33 2427 
-0.0131571 0.924707 -0.464679 0.0535214 0.0124929 0.00706429 4677.11 4678.24 4679.95 
-0.00864828 0.80251 -0.400372 0.026469 0.00582759 0.00631034 4516.23 4517.04 4518.02 
0.0103467 0.63858 -0.2653 -0.0127 0.00188667 0.00359333 4365.72 4366.16 4367.21 
0.011529 0.395206 -0.14671 -0.0935677 0.00400645 0.00229032 4224.41 4224.95 4226.37 
0.015875 0.2518 -0.0780938 -0.118969 0.00684375 0.00394375 4091.39 4092.7 4094.77 
0.00226667 0.426945 -0.0284182 -0.045497 0.0068303 0.00656364 3966.59 3968.61 3177.08 
0.00650588 0.555682 0.0581176 0.0201941 0.00644706 0.00877647 3849.59 3851.92 1156.76 
0.0134 0.515846 0.0950686 0.0176857 0.00603429 0.00763429 3739.4 3741.91 0.497143 
0.0176278 0.5111 0.0906167 0.0073 0.00433333 0.00332222 3635.26 3637.89 0.727778 
0.0243405 0.503016 0.102395 0.006 0.00378919 0.00155135 3536.88 3539.49 0.972973 
0.0231368 0.476837 0.0848316 0.0142737 0.00302105 0.00316316 3443.87 3446.43 1.01579 
0.0200103 0.384513 0.0374154 0.0360615 0.0032 0.00357436 3355.63 3358.05 0.923077 
0.01875 0.27702 -0.035725 0.07275 0.00482 0.00362 3271.75 3274.05 0.705 
0.0126976 0.284937 -0.0916341 0.0883317 0.00543902 0.0033122 3192.13 3194.24 639.654 
-0.00807143 0.391348 -0.138805 0.0700524 0.00603333 0.00191905 3116.59 3118.23 2184.21 
0.00397209 0.467502 -0.200028 0.042586 0.00945116 0.00339535 3044.67 3045.81 3047.32 
0.00973182 0.505382 -0.263345 0.0222864 0.01175 0.00677727 2976.07 2976.77 2977.66 
-0.00935556 0.534058 -0.296249 -0.00213333 0.00779556 0.00654667 2910.48 2910.84 2911.31 
0.0060087 0.61687 -0.269635 -0.034187 0.00586087 0.00359565 2847.44 2847.74 2848.01 
0.0154213 0.452694 -0.11414 -0.0713064 0.0102553 0.00331915 2786.71 2787.31 2787.57 
0.0121167 0.310025 0.030775 -0.0599083 0.009175 0.0044375 2728.31 2729.3 2729.8 
0.00380816 0.346853 0.0787061 -0.0299347 0.00373878 0.00360408 2672.22 2673.58 2674.49 
0.002932 0.324752 0.121536 -0.009272 0.002976 0.002648 2618.44 2620.05 1834.99 
0.0124157 0.34289 0.14418 0.0117843 0.00211373 0.00252549 2566.89 2568.56 514.369 
0.00691538 0.323038 0.143496 0.0134885 0.00141923 0.00238846 2517.43 2519.1 0.557692 
0.00441132 0.306272 0.111819 0.0321925 0.00170566 0.00291321 2469.89 2471.58 0.641509 
0.00439259 0.317474 0.0649926 0.0609 0.00195926 0.00317407 2424.2 2425.83 0.566667 
0.00897091 0.389869 -0.0342873 0.0845709 0.00772364 0.00557091 2380.33 2381.74 715.178 
-0.00241071 0.455289 -0.187693 0.0680393 0.00971786 0.00515357 2338.25 2339.24 1872.29 
-0.00181754 0.435351 -0.265807 0.028786 0.00472632 0.00341053 2297.75 2298.23 2298.92 
0.00863448 0.395252 -0.253838 0.0128172 0.00366207 0.00302759 2258.4 2258.65 2258.97 
0.00435254 0.361224 -0.194949 -0.00814237 0.00602373 0.00269153 2220.12 2220.38 2220.52 
0.00421333 0.2933 -0.115747 -0.03537 0.00534333 0.00334 2182.95 2183.32 2183.44 
0.00387541 0.201721 -0.065223 -0.0520328 0.00330492 0.00240656 2146.77 2147.39 2147.68 
0.00352258 0.159155 -0.0366548 -0.0596258 0.00422581 0.0029871 2111.69 2112.61 2113.23 
0.00547619 0.224952 -0.00700635 -0.028873 0.00744127 0.00479048 2077.75 2079.03 2079.99 
-0.00444375 0.276344 0.0325344 0.00764375 0.0089125 0.004725 2044.96 2046.58 1433.51 
0.000163077 0.273785 0.0552677 0.00896923 0.00475077 0.00200308 2013.33 2015 403.612 
0.0154364 0.271418 0.0534515 0.00591212 0.00134242 0.000651515 1982.82 1984.31 0.518182 
0.0151642 0.260522 0.0353164 0.013791 0.00223582 0.00185672 1953.25 1954.65 0.579104 
0.0167529 0.222353 0.00696471 0.0302882 0.00290294 0.00263235 1924.51 1925.95 0.552941 
0.0117246 0.137994 -0.0338348 0.0527275 0.00294493 0.00271014 1896.69 1898.1 0.295652 
0.00136857 0.152557 -0.0746429 0.06086 0.00372286 0.00247714 1869.82 1871.04 748.877 
-0.0156986 0.255383 -0.127163 0.0488845 0.00570141 0.00212676 1843.79 1844.72 1660.99 
-0.0142861 0.310386 -0.189542 0.0261722 0.00480556 0.00201667 1818.61 1819.2 1819.64 
-0.00161096 0.318011 -0.223841 0.0141123 0.00296712 0.00238904 1794.18 1794.37 1794.53 
0.000986486 0.303416 -0.219751 -0.0130027 0.00668919 0.00298919 1770.24 1770.22 1770.29 
0.00673067 0.341805 -0.156336 -0.04412 0.009944 0.00332533 1746.71 1746.7 1746.76 
0.00841053 0.246216 -0.04895 -0.0497895 0.00816316 0.00430263 1723.55 1723.8 1723.89 
0.00638182 0.202288 0.0279896 -0.0348338 0.0058987 0.00414026 1700.74 1701.45 1701.76 
0.00979231 0.24189 0.0672487 -0.0234385 0.00347436 0.00209744 1678.57 1679.57 1008.11 
0.0135089 0.205577 0.0939418 -0.00819241 0.00378734 0.00135696 1657.13 1658.21 166.114 
0.010845 0.21136 0.10301 0.009635 0.0037075 0.0014775 1636.36 1637.41 0.4125 
0.00973827 0.200494 0.0998123 0.0104543 0.0010716 0.00141975 1616.1 1617.2 0.51358 
0.00827317 0.196641 0.082461 0.0234829 0.000921951 0.00140488 1596.39 1597.47 0.534146 
0.00608675 0.203969 0.0481325 0.0416843 0.00225783 0.0011759 1577.2 1578.26 0.453012 
0.00958095 0.247212 -0.0142738 0.0589381 0.00771429 0.00307143 1558.48 1559.49 624.343 
0.00460235 0.284094 -0.128755 0.0543624 0.00969412 0.00449412 1540.42 1541.12 1387.69 
0.00320233 0.281509 -0.193602 0.0274721 0.00398372 0.00372791 1522.91 1523.21 1523.66 
0.00554943 0.263584 -0.182294 0.00974253 0.000931034 0.00249425 1505.69 1505.73 1505.9 
0.00608864 0.238968 -0.15748 0.00584318 0.00162727 0.000947727 1488.65 1488.6 1488.68 
0.0122382 0.20147 -0.111227 -0.0177775 0.00186966 0.000631461 1471.87 1471.78 1471.96 
0.0105533 0.137589 -0.0660844 -0.0449889 0.00206 0.00191778 1455.3 1455.37 1455.64 
0.00869231 0.0887055 -0.0363516 -0.0493055 0.00203077 0.00227473 1438.91 1439.32 1439.78 
0.00401304 0.144754 -0.0132891 -0.029813 0.00303913 0.00262826 1422.88 1423.57 1424.36 
0.00178065 0.195712 0.0215763 0.00052043 0.00290753 0.00196774 1407.32 1408.21 845.578 
0.00778723 0.184211 0.0351617 0.00727021 0.00145106 0.000604255 1392.2 1393.27 139.645 
0.00952 0.181267 0.0231537 0.00776421 0.00129684 0.000549474 1377.52 1378.63 0.353684 
0.0101146 0.162321 0.0117729 0.0194875 0.00190833 0.000241667 1363.17 1364.3 0.383333 
0.00786598 0.122231 -0.023 0.0366639 0.00496701 0.000779381 1349.14 1350.24 0.298969 
0.00111837 0.103145 -0.0478367 0.0448633 0.00535918 0.00115102 1335.48 1336.43 535.116 
0.00405455 0.145697 -0.0682586 0.0365131 0.00477172 0.0016303 1322.23 1322.89 1191.37 
0.000674 0.191984 -0.107124 0.023868 0.005342 0.002148 1309.33 1309.72 1310.19 
-0.00118614 0.215681 -0.14536 0.00926733 0.00355644 0.00193861 1296.68 1296.86 1297.03 
0.00924314 0.232582 -0.16598 -0.00584314 0.0032902 0.00262353 1284.2 1284.21 1284.35 
0.0104078 0.258369 -0.144977 -0.0190757 0.0034835 0.00297087 1271.86 1271.81 1271.96 
-0.00352308 0.198254 -0.0766654 -0.0371635 0.00491923 0.00242692 1259.58 1259.65 1259.77 
-0.00288 0.158451 -0.00342095 -0.0309238 0.00421714 0.00267429 1247.34 1247.67 1247.88 
0.00283962 0.171562 0.0404075 -0.0258774 0.00278302 0.00211132 1235.33 1235.88 1236.3 
0.00301682 0.141112 0.0630561 -0.0163346 0.00294953 0.00121495 1223.59 1224.27 735.006 
0.00760556 0.143469 0.0801296 0.00647778 0.00162963 0.000855556 1212.1 1212.9 121.644 
0.00487706 0.144228 0.0889817 0.00585321 0.00178716 0.000530275 1200.92 1201.72 0.455046 
0.00471273 0.14052 0.0812382 0.00953636 0.00217273 0.000694545 1190.01 1190.78 0.576364 
0.00351712 0.139483 0.063445 0.0229009 0.00248468 0.000684685 1179.28 1180.1 0.522523 
0.00396607 0.150759 0.0336482 0.0377929 0.00293571 0.00151071 1168.78 1169.56 0.328571 
0.0097823 0.188977 -0.0293752 0.0484425 0.00614867 0.00359115 1158.57 1159.2 0.155752 
0.00545439 0.220672 -0.115642 0.0409333 0.00711404 0.00359123 1148.58 1149.09 459.8 
-0.00392522 0.213242 -0.154155 0.0182783 0.00475478 0.00259652 1138.91 1139.15 1025.44 
0.0026431 0.19095 -0.146578 0.00491552 0.00327414 0.00228448 1129.37 1129.34 1129.42 
0.0086359 0.175328 -0.119162 -0.0067641 0.00201026 0.0010906 1119.74 1119.63 1119.64 
0.00459661 0.143602 -0.0783898 -0.0267729 0.0017 0.000518644 1110.11 1110.02 1110.14 
0.00471933 0.0793429 -0.0474067 -0.0391697 0.00188739 0.00065042 1100.5 1100.59 1100.9 
0.00544667 0.0697867 -0.0166067 -0.0311083 0.003075 0.000846667 1091.03 1091.39 1091.93 
0.00566612 0.131374 0.00723967 -0.00773554 0.00259669 0.00183636 1081.75 1082.36 541.537 
0.00652787 0.153577 0.0252295 0.0054541 0.00136066 0.00190328 1072.75 1073.51 0.0819672 
0.00669756 0.146828 0.0362894 0.00420813 0.00134146 0.00098374 1063.98 1064.79 0.170732 
0.00586613 0.148284 0.0331339 0.00338871 0.00133871 0.000401613 1055.32 1056.19 0.274194 
0.0038752 0.14304 0.0266912 0.0050496 0.0010128 9.44e-05 1046.88 1047.73 0.336 
0.00302698 0.134346 0.0131746 0.0115397 0.000815873 0.000163492 1038.56 1039.37 0.34127 
0.00361732 0.104378 -0.00651496 0.0228724 0.00156535 0.000840945 1030.4 1031.19 0.259843 
0.004125 0.0702 -0.0233734 0.0323359 0.00206875 0.0021375 1022.4 1023.12 0.0859375 
0.00654729 0.0859395 -0.0421969 0.0329535 0.00202636 0.00270543 1014.63 1015.25 507.915 
0.00535077 0.139492 -0.0755462 0.0235508 0.0027 0.00244923 1007.1 1007.52 1007.88 
-0.00347634 0.172653 -0.121096 0.0128168 0.00352519 0.00209771 999.672 999.87 1000.01 
-0.00672879 0.17958 -0.140659 -0.00222879 0.00381515 0.00238788 992.318 992.348 992.364 
-0.0112346 0.19888 -0.116227 -0.0190135 0.00303609 0.0028391 985.038 984.887 984.932 
-0.00194478 0.153197 -0.0620955 -0.0283373 0.00511642 0.00274328 977.709 977.56 977.694 
0.00666222 0.122493 -0.00386815 -0.0233822 0.00470963 0.00266667 970.244 970.348 970.585 
0.000186667 0.0771867 0.00906074 -0.00749037 0.000764444 0.00132444 485.044 485.178 485.326 
