-0.0025 9.5487 -0.4565 0.3828 0.3206 0.2162 32764 84 65427 
1.42173 6.72227 -0.107 0.1736 0.233333 0.0998667 6.66667 51.3333 43614 
0.78925 4.95155 0.0839 0.0415 0.1029 0.08675 16387.2 40.25 32710.8 
-0.65612 3.89776 -0.36272 0.04864 0.05212 0.06344 13109.6 29.6 26164.8 
-0.811633 3.27367 -0.313333 0.0604333 0.0559333 0.0505 10924.7 28.3333 21805.7 
0.0370857 2.64874 -0.279229 0.0908857 0.0762 0.0521429 9361.29 23.2857 18692.4 
0.3218 2.4048 -0.17435 0.0772 0.0817 0.02625 4.125 19.875 16353.6 
0.236556 2.07478 -0.227911 0.0478667 0.0470667 0.038 7283.67 18.7778 14537.4 
-0.2492 1.6757 -0.45182 0.03976 0.04554 0.03254 7864.1 16.18 13083.2 
-0.419273 1.64333 -0.3484 0.0570727 0.0538364 0.0298545 5957.25 15.8 11894.3 
0.16785 1.66595 -0.160883 0.0586167 0.0488833 0.0283833 4368.35 13.85 10903.1 
0.346308 1.55846 0.006 0.0432769 0.0472769 0.0114308 1010.26 12.1077 10063.7 
-0.1111 1.50094 -0.0205857 0.0276857 0.0370143 0.0249571 4681.04 12.0429 9346.76 
-0.341587 1.31245 -0.18756 0.0251733 0.02988 0.0243733 4368.93 11.7867 8722.88 
-0.233525 1.26865 -0.210687 0.0335875 0.0352375 0.0263125 4095.99 11.4125 8177.24 
-0.0638118 1.14846 -0.147165 0.0339176 0.0466471 0.0376118 3084.09 10.2824 7695.91 
-0.118467 1.02836 -0.1956 0.0316222 0.0571556 0.1111 729.933 9.28889 7267.78 
-0.112379 0.860253 -0.175695 0.0589368 0.0401684 0.206821 3449.13 8.95789 6886.92 
0.37918 0.74337 -0.08608 0.06622 0.01959 0.23128 3276.76 7.64 6542.38 
0.676076 0.754171 0.0670095 0.0291143 0.0241524 0.175524 3745.36 4.75238 6230.92 
0.566264 0.411755 0.130736 0.0194091 0.0229091 0.0955 5361.53 2.01818 5949.15 
0.711704 0.395113 0.0409478 0.0305217 0.0174435 0.102443 2849.76 0.747826 5691.03 
0.753075 0.391608 0.0104417 0.0432667 0.0173333 0.1197 3276.37 0.65 5454.62 
0.654824 0.167784 -0.025072 0.031832 -0.002312 0.094768 4717.75 524.904 5236.87 
0.794492 0.126677 -0.00534615 0.00914615 -0.0107846 0.0662769 2017.21 3023.96 5035.27 
0.807407 0.0962593 -0.0282519 0.00443704 0.0166667 0.042037 2.66667 4852.41 4847.99 
0.687521 0.103607 -0.0951714 0.0108 0.0270857 0.0234143 3.38571 4679.2 4674.14 
0.660172 0.127572 -0.099731 0.0168138 0.0191586 0.0128069 2.48966 4518.06 4513.43 
0.64714 0.120887 -0.122533 0.01098 0.0144933 0.0181933 2.23333 4367.37 4363.82 
0.592155 0.165355 -0.122129 0.00612258 0.019071 0.0183677 2.37419 4226.17 4223.61 
0.5551 0.173769 -0.0386187 0.00935 0.0167563 0.00805 2.2125 4093.85 4091.94 
0.555285 0.143303 0.00590909 0.00858788 0.00433333 0.00377576 1.87879 3969.81 3968.19 
0.545912 0.1484 -0.0448765 0.00454706 0.00371765 0.00336471 1.51765 3853.11 3851.62 
0.524669 0.15012 -0.0135886 0.00450857 0.00367429 0.00227429 1.24 3743 3741.67 
0.510728 0.14755 0.00212778 0.00316111 0.00162222 0.00107222 1.10556 3638.99 3637.84 
0.290449 0.211173 -0.0791568 0.00406486 0.00498378 0.00155135 1.15135 2480.16 3539.1 
-0.0258 0.409947 -0.0832421 0.0106684 0.0121579 0.00622632 0.863158 694.147 3445.54 
0.0171077 0.523446 -0.0409385 0.0132769 0.016041 0.00646154 0.692308 5.48205 3356.9 
0.100485 0.512215 -0.026255 0.009355 0.017975 0.005015 1.17 5.09 3272.84 
-0.00225854 0.520937 -0.0109415 0.00842927 0.0139415 0.00913659 0.941463 5.02927 3193.61 
-0.0929762 0.491295 -0.0242429 0.0111571 0.00791905 0.0075619 1.07143 4.97619 3117.3 
-0.0985674 0.476921 -0.0299814 0.0110837 0.00910698 0.0060186 1.26977 5.07442 3044.49 
0.0190773 0.462259 -0.0195591 0.00824091 0.0109182 0.00583636 0.672727 5.03636 2975.64 
0.0791822 0.4484 -0.0248133 0.0107733 0.0134311 0.00482222 0.795556 4.73333 2909.47 
0.010787 0.387778 -0.0561957 0.0120304 0.0125304 0.00862174 1.07826 4.3913 2846.43 
-0.0735106 0.364468 -0.0757702 0.00935745 0.00986809 0.0078383 0.846809 4.42979 2785.95 
-0.106075 0.370246 -0.08285 0.0114792 0.0103625 0.005725 0.545833 4.49583 2728.04 
0.00388163 0.346698 -0.0655429 0.0110204 0.0123347 0.00510204 0.893878 4.32245 2672.16 
0.077204 0.387896 -0.013732 0.010136 0.014008 0.003888 1.292 4.308 2618.32 
-0.00745882 0.388125 -0.0206275 0.00927843 0.0117608 0.0068902 258.263 4.21569 2567.12 
-0.0820269 0.390523 -0.0329231 0.00787308 0.00985 0.00668462 1260.93 3.92692 2518.12 
-0.0681283 0.385358 -0.0318717 0.0106377 0.00886792 0.00610566 989.657 3.64151 2470.77 
0.0319926 0.351819 -0.0387259 0.0106296 0.00962963 0.00612222 1.03333 3.64074 2424.69 
0.0602764 0.34876 -0.0218509 0.00895273 0.0106364 0.00408364 1.08364 3.88364 2380.47 
-0.0235536 0.315229 -0.04665 0.00778929 0.008925 0.00498929 1.03571 3.95 2338.04 
-0.0971719 0.308235 -0.0721825 0.00668421 0.00742456 0.00691579 0.645614 3.64912 2297.23 
-0.0802586 0.375534 -0.0458379 0.00665172 0.00735172 0.0170966 0.337931 3.46897 2257.74 
-0.0220814 0.362478 -0.0406881 0.00669492 0.0199966 0.041678 0.610169 3.44407 2219.48 
0.0256167 0.287497 -0.0286933 0.0118067 0.0359133 0.0676433 219.1 3.05333 2182.67 
0.098341 0.215741 0.005 0.00942623 0.0272066 0.0755836 1289.36 2.31475 2146.79 
0.227516 0.176077 0.00860645 0.00756774 0.0120355 0.0648968 1902.15 1.72258 2112.19 
0.309727 0.186019 0.0169556 0.00884444 0.0095619 0.0407556 1039.99 1.10159 2078.66 
0.267728 0.142731 0.0286531 0.00874687 0.011925 0.0195187 1024 0.503125 2046.2 
0.249289 0.113702 0.0326462 0.00925231 0.00940308 0.0166277 1008.48 201.914 2015.02 
0.281094 0.127603 0.0456697 0.00792424 0.0106636 0.0154152 1191.85 992.997 1984.7 
0.282499 0.0989104 0.0287612 0.00754627 0.0142985 0.00774627 1760.74 978.113 1955.15 
0.2735 0.130429 0.00345 0.00651471 0.00772647 0.00875882 771.576 963.541 1926.11 
0.24058 0.145681 0.00297971 0.00658551 0.00433043 0.0119072 0.655072 949.67 1898.02 
0.213654 0.128883 0.00826286 0.00593714 0.00365143 0.00695143 0.537143 1123.49 1870.83 
0.23302 0.138732 0.00609859 0.00489296 0.0026338 0.00341127 0.76338 1845.91 1844.39 
0.236047 0.125008 0.00468333 0.00255278 0.00334167 0.00210278 0.891667 1820.25 1818.76 
0.228466 0.126707 0.00695616 0.0014 0.00259452 0.00330411 0.947945 1795.27 1793.85 
0.238227 0.118749 0.00615946 0.0021027 0.00231892 0.00481892 0.948649 1770.95 1769.59 
0.239571 0.11192 0.003992 0.00167467 0.001664 0.00246933 0.96 1747.22 1745.94 
0.229611 0.111047 0.00355526 0.00138947 0.00110526 0.000718421 1.02105 1724.17 1722.91 
0.225805 0.10814 0.00343896 0.00192468 0.00132208 0.00054026 1.10909 1701.82 1700.49 
0.220903 0.109087 0.0027359 0.0010359 0.00095641 0.000274359 1.12051 1680 1678.63 
0.219311 0.107684 0.00180759 0.000901266 0.000693671 0.00043038 1.02532 1658.73 1657.33 
0.219395 0.10439 0.0013825 0.0013725 0.0006 0.0004475 0.9725 1638.04 1636.55 
0.214193 0.105748 0.00274568 0.0013284 0.00062716 0.00042716 1.03704 1617.85 1616.3 
0.210639 0.104707 0.00472439 0.00121951 0.000580488 0.00057561 1.01707 1598.1 1596.59 
0.210149 0.102166 0.0034506 0.00066988 0.000443373 0.00059759 0.93012 1578.82 1577.34 
0.209907 0.100083 0.00200476 0.000640476 0.000407143 0.00037619 0.895238 1560.03 1558.54 
0.205256 0.0979106 0.00217412 0.00135529 0.000195294 0.000287059 0.865882 1541.7 1540.18 
0.200277 0.0980349 0.00302326 0.0012 0.000248837 0.000418605 0.867442 1523.78 1522.3 
0.19994 0.0965655 0.0029977 0.000726437 0.000278161 0.000342529 0.885057 1506.29 1504.81 
0.198527 0.0944614 0.00239091 0.000618182 0.000279545 0.000204545 0.838636 1489.25 1487.64 
0.194625 0.0948629 0.00200674 0.00038427 0.000395506 0.000137079 0.748315 1472.58 1470.89 
0.193209 0.0941844 0.000873333 0.000506667 0.000457778 0.000157778 0.704444 1456.24 1454.52 
0.190435 0.0922725 0.00152527 0.000705495 0.000531868 0.000228571 0.698901 1440.24 1438.47 
0.18943 0.0910304 0.00191087 0.000641304 0.000397826 0.000247826 0.676087 1424.56 1422.8 
0.172196 0.121512 -0.00680215 0.000494624 0.000864516 0.000972043 0.636559 1268.52 1407.66 
0.0383362 0.160353 -0.0214191 0.0021766 0.00307021 0.00241702 0.62766 559.083 1393.01 
-0.0617432 0.188194 -0.0198147 0.00442526 0.00436 0.00377263 0.6 2.36842 1378.64 
-0.00162708 0.189869 -0.0228208 0.005375 0.00606875 0.00370833 682.927 2.44792 1364.47 
0.0573918 0.184571 -0.0298268 0.00551134 0.00774845 0.00263299 675.866 2.4433 1350.4 
0.0354265 0.215276 -0.0244796 0.00420612 0.00546735 0.00373878 0.326531 2.26531 1336.63 
-0.0379838 0.194444 -0.0319131 0.00433535 0.00396364 0.0036 0.343434 2.26263 1323.09 
-0.052814 0.18428 -0.012408 0.005044 0.004846 0.00339 0.46 2.46 1309.86 
0.00183762 0.20016 -0.00975248 0.00468317 0.0063901 0.00306733 0.217822 2.39604 1296.97 
0.0387627 0.18611 -0.0285098 0.00565882 0.00707255 0.00164118 0.156863 2.2549 1284.24 
0.0168505 0.205256 -0.0198058 0.00466796 0.00531068 0.00381748 0.174757 2.07767 1271.96 
-0.0377904 0.197083 -0.026475 0.00356346 0.00402308 0.00333462 0.163462 2.14423 1259.66 
-0.038501 0.17832 -0.0204686 0.00482476 0.00454857 0.00284762 0.352381 2.40952 1247.5 
0.0209321 0.184398 -0.0132151 0.00511509 0.00585283 0.00299811 0.415094 2.30189 1235.74 
0.0391458 0.185727 -0.0162897 0.00452523 0.00636262 0.00157757 0.252336 2.15888 1224.33 
0.00178889 0.178135 -0.013887 0.00472407 0.00475185 0.00370185 0.157407 1.97222 1213.16 
-0.0376844 0.169391 -0.0183064 0.00473761 0.00348257 0.0034422 0.192661 2.04587 1201.95 
-0.0395473 0.168967 -0.00921636 0.00423818 0.00407455 0.00254182 0.245455 2.33636 1191.01 
0.00583964 0.16967 -0.00747027 0.00377658 0.00416216 0.00213153 0.306306 2.1982 1180.22 
0.0305 0.172477 -0.0220536 0.00525179 0.00464464 0.00118214 0.214286 2.01786 1169.7 
-0.00177699 0.173736 -0.0266478 0.00525841 0.00471327 0.00318761 0.221239 1.84956 1159.39 
-0.0354912 0.177875 -0.0225351 0.00344912 0.00412281 0.00255088 574.93 1.85965 1149.25 
-0.0262939 0.169986 -0.0183635 0.00422087 0.00480696 0.00254261 1139.55 2.03478 1139.37 
0.0167741 0.167903 -0.0081431 0.00396552 0.00494828 0.00308103 565.121 1.89655 1129.31 
0.030265 0.172868 -0.00279658 0.00450427 0.00464615 0.00171282 0.333333 1.82051 1119.6 
-0.00723559 0.14739 -0.0251475 0.00454237 0.00393898 0.00347458 0.271186 1.71186 1110.24 
-0.0352874 0.143452 -0.0280739 0.0035395 0.0035563 0.00303361 550.84 1.78151 1100.92 
-0.0338283 0.148647 -0.0264283 0.00269333 0.00359167 0.00415667 1092.08 1.93333 1091.92 
0.0116744 0.137803 -0.0424149 0.00173388 0.00740496 0.00601818 541.694 1.7438 1082.72 
0.0334361 0.161572 -0.0385639 0.00413279 0.0194623 0.00856393 0.278689 1.70492 1073.67 
0.00952358 0.144072 -0.0237561 0.00672033 0.0258341 0.0129691 0.154472 1.55285 1064.9 
0.0216081 0.15096 -0.00589194 0.00662742 0.0146823 0.0164839 0.104839 1.44355 1056.25 
0.042464 0.156158 0.0097184 0.0040592 0.0034944 0.0131728 524.12 1.256 1047.93 
0.0452762 0.112084 0.0163857 0.00185079 0.00393333 0.00714921 1040.04 0.928571 1039.66 
0.0655433 0.133419 0.00904252 0.00311181 0.00470394 0.0135559 516.055 0.826772 1031.49 
0.0707984 0.116537 0.00138281 0.00662031 0.00434219 0.0216047 511.906 0.703125 1023.44 
0.0895426 0.0929612 -0.00668992 0.00556899 0.00563721 0.0237891 1015.65 0.674419 1015.6 
0.124774 0.0973969 -0.00831538 0.00286769 0.00418154 0.0199846 1007.81 504.469 1007.84 
0.133324 0.0659481 -0.00690229 0.00391603 0.00481221 0.0146901 500.252 1000.51 999.916 
0.147097 0.052853 -0.0093303 0.00275455 0.00633939 0.0124273 496.492 992.856 992.402 
0.151844 0.0538677 0.00240301 0.00277293 0.00390677 0.00969774 985.361 985.256 985.075 
0.142966 0.0384358 0.00397761 0.00363433 0.00232388 0.00593134 978.06 488.925 977.672 
0.145344 0.0355259 -0.0088963 0.00444296 0.00223556 0.00228296 485.57 485.215 970.341 
0.135951 0.0454059 -0.0135824 0.00444412 0.00211176 0.00199412 0.323529 963.5 963.015 
0.12135 0.0468292 -0.000456934 0.00358102 0.00316058 0.00198394 0.437956 956.526 955.883 
0.1303 0.045642 0.00927246 0.00315942 0.00263043 0.00173188 0.485507 949.384 948.978 
0.134094 0.0412288 0.00761727 0.00141295 0.000654676 0.00195683 0.352518 942.496 942.18 
0.131729 0.0438214 0.00131571 0.00113286 0.000418571 0.000791429 0.407143 935.736 935.45 
0.129501 0.0473816 -0.00855887 0.00104255 0.000371631 0.000357447 0.489362 929.113 928.716 
0.128089 0.0445324 -0.0020662 0.000884507 0.000138028 0.000274648 0.514085 922.556 922.12 
0.127316 0.0430601 0.0046951 0.000632168 0.000153846 0.000134266 0.51049 916.063 915.699 
0.125929 0.0435444 -0.000855556 0.000348611 0.000173611 9.44444e-05 0.486111 909.694 909.389 
0.125179 0.0432579 -0.000805517 0.000529655 9.65517e-05 0.000104828 0.468966 903.421 903.145 
0.124315 0.0431658 0.00182466 0.000534247 0.000110959 9.31507e-05 0.431507 897.253 896.911 
0.123044 0.0423755 0.00421088 0.000360544 0.000322449 0.000306122 0.401361 891.163 890.782 
0.0712932 0.0591784 -0.00506216 0.000540541 0.000859459 0.0013 0.328378 619.98 884.818 
0.00568054 0.106217 -0.0038953 0.00301477 0.00225101 0.00182416 264.038 176.937 878.996 
0.009232 0.132875 0.00515067 0.00474533 0.00288533 0.00214667 436.971 1.47467 873.115 
0.0245987 0.12211 -0.00261457 0.00709272 0.00260662 0.00223709 173.776 1.51921 867.265 
-0.00836447 0.118084 -0.0207816 0.00626974 0.00339474 0.00261316 0.297368 1.51842 861.503 
-0.0462575 0.128391 -0.0274288 0.0032549 0.00417124 0.00305882 0.335948 1.50458 855.776 
-0.0243857 0.1189 -0.0273727 0.00550909 0.00455065 0.00336494 0.197403 1.41818 850.182 
0.0194839 0.117444 -0.023991 0.00426968 0.00408258 0.00317548 0.23871 1.37677 844.685 
0.0171872 0.115231 -0.00541923 0.00178077 0.00277436 0.00258077 0.262821 1.36538 839.406 
-0.0175032 0.127362 -0.00441783 0.00302166 0.0024879 0.00264586 0.266242 1.3414 834.039 
-0.0341759 0.141644 -0.00665949 0.00270886 0.00216456 0.00219873 0.432911 1.36456 828.641 
-0.00836855 0.124387 -0.00321635 0.00288553 0.00239119 0.0022239 0.381132 1.47547 823.543 
0.02001 0.125491 -0.00213875 0.00358125 0.00275375 0.00170375 0.21125 1.51875 818.496 
0.012641 0.127906 -0.00458509 0.00265839 0.00273665 0.00187826 0.084472 1.42609 813.518 
-0.0192963 0.127515 -0.0113778 0.00177901 0.00277654 0.00186667 0.106173 1.44938 808.514 
-0.0335018 0.121294 -0.0108589 0.00237546 0.00217914 0.00195215 0.12638 1.48344 803.474 
0.00125122 0.117985 -0.00654268 0.00332683 0.00326829 0.0019122 0.156098 1.41707 798.505 
0.0228158 0.119069 -0.00293455 0.00250667 0.00455636 0.000963636 0.193939 1.34545 793.673 
-0.00475663 0.114348 -0.00590361 0.00253133 0.00334578 0.00225904 0.0903614 1.23494 789.042 
-0.0313713 0.12385 -0.00388862 0.00294132 0.00231617 0.0022491 0.0838323 1.31737 784.299 
-0.028925 0.123237 0.00334167 0.00287262 0.00287143 0.00151786 0.0714286 1.44048 779.595 
0.00450769 0.107387 -0.00543905 0.00323905 0.00283787 0.00143077 0.130178 1.33728 774.97 
0.0246118 0.103574 -0.0108 0.00418471 0.00293059 0.00108941 0.258824 1.28235 770.412 
0.00523743 0.108494 -0.0050655 0.00322105 0.00288655 0.00194152 0.356725 1.25731 765.912 
-0.0236884 0.110105 -0.011643 0.00231628 0.00255349 0.00186395 381.186 1.24419 761.512 
-0.025452 0.117719 -0.0140312 0.00306705 0.00316879 0.00278728 378.809 1.22543 757.202 
0.0122126 0.113794 -0.0161115 0.00277471 0.00376092 0.00296207 0.206897 1.21839 752.678 
0.0217577 0.107714 -0.0219234 0.00217257 0.00642171 0.00225486 0.2 1.25143 748.314 
-0.00268864 0.102772 -0.0157068 0.00388523 0.00868864 0.00300455 0.102273 1.14773 744.159 
-0.00750734 0.109293 -0.0122486 0.00413898 0.00578305 0.00639209 370.299 1.16949 739.994 
0.00277753 0.116199 -0.00337079 0.00180562 0.00190787 0.00867528 368.275 1.08427 735.792 
0.00881341 0.0871497 5.47486e-05 0.00124134 0.0015162 0.0106547 0.111732 0.849162 731.698 
0.0316578 0.0912967 -0.00923222 0.00179889 0.00216111 0.01586 364.067 0.788889 727.656 
0.0496265 0.0874409 -0.00408619 0.00401878 0.00213149 0.0186751 724.066 0.629834 723.624 
0.064622 0.0586121 -0.0101011 0.00416703 0.00138132 0.0209714 719.934 0.428571 719.747 
0.094235 0.0649519 -0.0184525 0.00367869 0.00194426 0.0186066 716.011 0.174863 715.803 
0.104466 0.0539978 -0.0127685 0.00320543 0.00436522 0.0118957 712.12 356.152 711.902 
0.106389 0.0349968 -0.00795135 0.00144 0.00518919 0.00747135 708.13 354.238 708.13 
0.105084 0.0420968 0.00215484 0.00238172 0.00442258 0.00316452 704.435 352.242 704.306 
0.0987872 0.0427048 0.00664171 0.00276257 0.00284813 0.000660963 700.743 700.701 700.561 
0.0992245 0.0471638 0.00461277 0.00379894 0.00189362 0.000532979 348.564 696.84 696.819 
0.0947079 0.0455439 0.00159048 0.00422222 0.00198836 0.000648677 0.201058 693.217 693.069 
0.0908116 0.0384916 0.00249789 0.00323474 0.00186632 0.000890526 0.194737 689.721 689.405 
0.0937141 0.0400702 0.00315707 0.00241466 0.00108901 0.000645026 0.193717 686.037 685.723 
0.0918448 0.0400302 0.00211979 0.000745833 0.000476042 0.000433333 0.239583 682.437 682.104 
0.0912093 0.0409979 0.00398238 0.000331606 0.000304663 0.000335751 0.279793 678.891 678.56 
0.0912093 0.0399113 0.00585876 0.000360825 0.000184536 0.000337113 0.309278 675.412 675.021 
0.0909036 0.0392933 0.00520513 0.000521026 0.000330256 0.000323077 0.337436 671.954 671.511 
0.0907847 0.0387949 0.00317449 0.000596939 0.000332653 0.000347959 0.380612 668.501 668.062 
0.0905594 0.038003 0.00279695 0.000432487 0.000152284 0.00026802 0.393909 665.113 664.676 
0.0895515 0.0379889 0.00419293 0.000211111 9.39394e-05 0.000184848 0.405051 661.761 661.316 
0.0891618 0.0378121 0.00463317 0.000305528 0.000140704 0.000175879 0.40603 658.448 657.958 
0.088923 0.037552 0.003888 0.000415 0.000164 0.000158 0.397 655.159 654.643 
0.0884836 0.0372597 0.0032995 0.000378109 0.000109453 0.00020597 0.38408 651.897 651.399 
0.0873673 0.0369475 0.00324356 0.000263366 7.52475e-05 0.000269307 0.389109 648.674 648.173 
0.0872897 0.0361892 0.00381872 0.000261084 0.000108374 0.000363547 0.390148 645.486 644.958 
0.0878206 0.0356 0.00363333 0.000407843 0.000193137 0.000288235 0.359804 642.332 641.781 
0.0877815 0.0354898 0.00301171 0.000364878 0.000165854 0.000167805 0.348293 639.203 638.645 
0.0867398 0.0355214 0.00328058 0.000263107 0.000129126 0.000101942 0.343689 636.103 635.559 
0.0264126 0.0646203 0.000137198 0.00101643 0.000393237 0.00121932 0.213527 317.017 632.561 
-0.0273346 0.0910865 -7.69231e-06 0.00184423 0.000969231 0.00201635 63.1548 1.03365 629.614 
-0.00387656 0.0921426 0.0044134 0.00273397 0.0021445 0.00151579 313.667 1.02584 626.653 
0.0156962 0.0936133 0.00147333 0.00510667 0.00265429 0.00128286 249.775 1.02476 623.646 
0.00683791 0.0990853 -0.00564929 0.00510237 0.0021763 0.00191943 0.224645 1.07393 620.64 
-0.0205594 0.0810085 -0.0180311 0.00333208 0.00250094 0.00217264 62.0132 1.03208 617.7 
-0.0290329 0.0708207 -0.0228291 0.00345728 0.00374178 0.00248357 307.767 0.980282 614.809 
0.00423271 0.0870953 -0.0167439 0.00365234 0.00388318 0.0026757 245.114 0.960748 611.852 
0.0228065 0.0908205 -0.00988093 0.00216279 0.00272744 0.00192558 0.230698 0.997209 608.951 
0.00661481 0.0903167 -0.00614167 0.00183704 0.00173241 0.00221759 0.261111 1.03519 606.17 
-0.0182304 0.0808562 -0.00957419 0.00249862 0.000918894 0.0025235 0.275576 1.02581 603.359 
-0.017445 0.0812239 -0.00273211 0.00261376 0.00125688 0.00193119 0.309174 1.04312 600.627 
0.00681918 0.0832292 0.00541461 0.0031032 0.00204749 0.00126667 0.293151 1.08767 597.963 
0.0163364 0.08619 0.00479727 0.00458182 0.00198091 0.00113 0.192727 1.09091 595.3 
-0.00248235 0.0892543 -0.00816742 0.00454842 0.00174118 0.00174932 59.4271 1.02896 592.624 
-0.0218874 0.0834423 -0.0198378 0.0031036 0.00167658 0.00166216 295.207 1.01802 589.942 
-0.0168054 0.0915596 -0.0171408 0.00297399 0.00200987 0.00187265 235.086 1.0287 587.242 
0.00782232 0.0902411 -0.0123929 0.00264732 0.00291696 0.00210536 0.128571 1.01429 584.525 
0.017112 0.0835493 -0.005248 0.00159111 0.00355467 0.00122044 0.206222 1.01333 581.909 
-0.0120248 0.090515 -0.00943009 0.00126726 0.00243894 0.0015 58.2124 0.99646 579.382 
-0.0316335 0.0873868 -0.0179683 0.00196388 0.00110308 0.00177797 288.775 0.946256 576.916 
-0.0228842 0.0938158 -0.0144307 0.00182105 0.00167719 0.00433158 229.984 0.957895 574.409 
-0.00584192 0.0850227 -0.0109703 0.00184803 0.00581485 0.0120052 0.165066 0.931878 571.856 
0.0112522 0.0648304 -0.00754348 0.00332609 0.00960435 0.0199252 57.1157 0.776522 569.389 
0.03591 0.0473394 -0.0015619 0.000767965 0.00622424 0.0216286 340.392 0.598268 566.945 
0.0718828 0.0337716 0.00172155 6.2069e-05 0.0043069 0.0183414 564.722 0.437069 564.565 
0.0934798 0.0359674 0.00704721 0.00203605 0.00423691 0.0111124 506.139 56.479 562.167 
0.0827393 0.0346453 0.00828974 0.00143932 0.00141026 0.00364872 224.144 336.103 559.726 
0.0742553 0.0367472 0.00517702 0.0025634 0.00113106 0.00242298 55.9064 557.675 557.351 
0.0781322 0.0307492 0.00197797 0.00329661 0.00118051 0.00307034 277.653 499.727 555.022 
0.0721257 0.0270489 -0.000983122 0.00304641 0.00127848 0.00219156 221.237 276.437 552.618 
0.0711739 0.0395042 -0.00296639 0.00308655 0.00141765 0.00128151 55.2941 330.299 550.262 
0.0695347 0.0365464 -0.00051046 0.00268787 0.00101172 0.000741423 274.27 548.27 548.059 
0.0691008 0.0296142 0.0025375 0.00249333 0.00110417 0.000698333 218.538 546.062 545.725 
0.0735046 0.0334971 0.00124979 0.00189959 0.000719502 0.000853942 0.274689 543.793 543.375 
0.0712752 0.0333273 0.00096281 0.000466116 0.000540496 0.000820661 0.277686 541.552 541.109 
0.0721029 0.0334996 0.00139835 0.000176132 0.000588477 0.000973663 0.285597 539.333 538.834 
0.0726615 0.0315418 0.0014418 0.000357377 0.000348361 0.000909836 0.313115 537.115 536.597 
0.0735029 0.0309649 0.000817959 0.000553469 0.000200816 0.000598367 0.330612 534.905 534.378 
0.0729764 0.0305024 0.000786179 0.00056748 0.000191057 0.000373171 0.309756 532.726 532.185 
0.071753 0.0297781 0.000688259 0.000328745 0.000174089 0.00031417 0.297166 530.558 530.036 
0.0716476 0.029321 0.000551613 0.000156452 0.000122581 0.000266129 0.300806 528.399 527.898 
0.0716715 0.029408 0.00107711 0.000127711 0.000114056 0.000126908 0.289157 526.28 525.769 
0.071604 0.029708 0.001396 0.0002128 0.0001976 8.56e-05 0.28 524.171 523.659 
0.0711737 0.0292056 0.000823108 0.000376892 0.000227888 0.000100398 0.286853 522.061 521.563 
0.0707294 0.0289762 0.000404762 0.000309524 0.000121429 8.49206e-05 0.274603 519.986 519.47 
0.0704775 0.0291233 0.000418182 0.000144664 6.32411e-05 0.000116206 0.24585 517.925 517.397 
0.0709449 0.0285425 0.000655906 9.29134e-05 8.4252e-05 0.000111024 0.225197 515.88 515.365 
0.0226141 0.0560761 -0.0136455 0.000830588 0.00102431 0.000876078 0.108235 257.363 513.467 
-0.0265172 0.0767867 -0.0218867 0.00194844 0.00201484 0.00165859 0.09375 0.820312 511.531 
-0.0114436 0.0731409 -0.0108981 0.00323502 0.00242646 0.00198599 0.303502 0.7393 509.44 
0.0132798 0.0784434 -0.00477752 0.00248217 0.00262946 0.00212636 254.19 0.755814 507.461 
0.0113375 0.0720803 -0.00285946 0.00102162 0.00181313 0.00180541 253.089 0.787645 505.622 
-0.00974923 0.0793562 -0.00413615 0.00144692 0.00117846 0.00175077 0.111538 0.765385 503.688 
-0.0199372 0.0830414 -0.00358161 0.00137931 0.00115479 0.0014567 0.122605 0.750958 501.724 
-0.00478397 0.0742122 -0.00105725 0.0017855 0.00170382 0.00117252 250.202 0.744275 499.866 
0.0129179 0.0739483 -0.00018327 0.00241825 0.00181217 0.000895817 249.247 0.775665 497.916 
0.00814091 0.0724083 -0.00326591 0.00230833 0.00130455 0.00111212 0.151515 0.810606 496.045 
-0.00958264 0.0722 -0.0118558 0.00191547 0.00138717 0.00120528 0.116981 0.818868 494.215 
-0.0180226 0.0692534 -0.0124639 0.00182256 0.00204586 0.000895489 246.429 0.804511 492.323 
0.00366367 0.0740127 -0.00246592 0.00309363 0.0026809 0.000980524 245.509 0.752809 490.468 
0.017009 0.0763187 0.00361418 0.00224552 0.00237612 0.000956716 0.152985 0.817164 488.616 
-0.00500372 0.0727093 0.00500669 0.000744238 0.00197918 0.00169071 0.159851 0.873606 486.822 
-0.02836 0.069743 -0.00787852 0.00188889 0.00361333 0.00603852 0.107407 0.833333 485.026 
-0.0148406 0.0771535 -0.0228782 0.00245535 0.0036524 0.0110554 0.154982 0.730627 483.21 
0.0131154 0.0614147 -0.0163375 0.00316985 0.00381397 0.0129316 241.051 0.617647 481.426 
0.0358659 0.0469004 -0.00381245 0.00378242 0.0051707 0.0144945 240.136 0.567766 479.63 
0.0469978 0.0452263 0.00962701 0.00358029 0.00356642 0.0126058 239.193 0.492701 477.923 
0.048272 0.0268465 0.0116836 0.002824 -0.000634909 0.0115091 476.484 0.345455 476.345 
0.0705543 0.0343674 0.00447464 0.00206884 -0.00212464 0.00936014 474.71 237.551 474.688 
0.074857 0.0318556 0.00155668 0.00155307 -7.87004e-05 0.00303538 472.924 473.148 472.96 
0.0665885 0.0254993 -0.00201151 0.00103885 0.000835252 0.000861871 471.237 471.388 471.223 
0.0637204 0.0338423 -3.87097e-05 0.00144301 0.00124014 0.00137849 469.62 234.832 469.52 
0.0561707 0.0282443 0.00278714 0.00284643 0.00109786 0.00209214 468.014 0.0285714 467.814 
0.0643673 0.0316669 0.00161637 0.00309395 0.00217865 0.00246833 233.21 233.189 466.107 
0.0680461 0.0334404 0.000799291 0.00182057 0.00204468 0.00142128 232.394 232.351 464.514 
0.0624071 0.0257809 0.00156961 0.00249965 0.000538516 0.00055265 231.654 231.548 462.834 
0.0640056 0.0234134 0.00407394 0.00246408 0.000353521 0.000857746 0.225352 461.43 461.077 
0.0641958 0.0225319 0.00474175 0.0012793 0.000276491 0.000648421 0.266667 459.804 459.446 
0.062072 0.0245294 0.00306713 0.00137832 0.000384615 0.000260839 0.29021 458.185 457.843 
0.0616997 0.0258537 0.00309895 0.000991638 0.000618815 0.000300348 0.313589 456.564 456.23 
0.0628931 0.0243174 0.00268958 0.000564583 0.000496528 0.000333333 0.309028 454.969 454.622 
0.0631606 0.0233273 0.00105744 0.000438754 0.000337024 0.000180623 0.297578 453.405 453.031 
0.061851 0.0243724 0.00128207 0.000213793 0.000251724 0.000132414 0.310345 451.841 451.483 
0.0616227 0.0239038 0.00131959 0.000316838 0.000108591 0.00017732 0.323024 450.275 449.952 
0.0620089 0.023263 0.00130548 0.000234247 0.000143151 0.000128767 0.321918 448.719 448.418 
0.061413 0.0240423 0.00172765 0.000200683 0.000186348 8.66894e-05 0.337884 447.184 446.884 
0.0610136 0.0235306 0.00123129 0.000323129 0.000196599 0.000181633 0.333333 445.673 445.354 
0.0611146 0.0230441 0.00128136 0.000250169 0.000172203 0.000151186 0.318644 444.156 443.878 
0.0256378 0.0391014 -0.00184392 0.00057027 0.000599324 0.000557432 0.333108 265.821 442.366 
-0.0123973 0.0545178 -0.00545859 0.00164108 0.00156835 0.00135892 0.249158 44.668 440.885 
0.00218255 0.058851 -0.00852886 0.0015953 0.0022604 0.00138792 0.134228 0.684564 439.451 
0.0153425 0.06501 -0.00608361 0.00182809 0.00224883 0.00104281 0.0782609 0.71505 438.038 
-0.001628 0.064788 -0.0103693 0.002144 0.001738 0.00150933 174.761 0.692667 436.651 
-0.016392 0.0672718 -0.0126545 0.00137874 0.00174817 0.00157076 217.793 0.67907 435.11 
-0.00940199 0.0699795 -9.27152e-05 0.00227881 0.0019947 0.00141854 43.6119 0.646358 433.613 
0.00626799 0.0691789 0.0028165 0.0023736 0.00211881 0.00121584 0.193399 0.663366 432.233 
0.0106421 0.0667539 -0.000620395 0.00159605 0.00211447 0.000669737 0.141447 0.707237 430.834 
-0.00419279 0.0666728 -0.0060177 0.00136918 0.00166033 0.00103082 0.0786885 0.672787 429.465 
-0.0200346 0.0658837 -0.00918954 0.00120065 0.00135817 0.00116863 0.0326797 0.656209 428.092 
-0.0117583 0.0602287 -0.00691205 0.0017772 0.00155961 0.00117459 0.0553746 0.732899 426.642 
0.00848117 0.0629325 -0.00337403 0.00173896 0.00203896 0.00144545 0.155844 0.681818 425.182 
0.0103411 0.0593392 -0.00122589 0.00133204 0.00199612 0.00133722 0.23301 0.608414 423.825 
-0.00111355 0.0562039 -0.0135426 0.00128387 0.00172 0.00117871 0.158065 0.648387 422.519 
-0.0113601 0.0613672 -0.0164971 0.0014836 0.00182315 0.000949196 0.102894 0.675241 421.164 
-0.0101538 0.0610346 -0.00915705 0.00236154 0.00204295 0.00112179 0.157051 0.727564 419.772 
0.00159361 0.0625093 -0.00673866 0.00268371 0.00231949 0.00193227 209.444 0.696486 418.46 
-0.00204586 0.0633191 -0.00287771 0.0019879 0.00404777 0.00379236 208.78 0.646497 417.15 
-0.00871429 0.0570724 -0.00807556 0.00122159 0.00714349 0.00673651 0.126984 0.673016 415.803 
0.00567785 0.06465 -0.0125633 0.00184937 0.00691013 0.00998038 0.0443038 0.651899 414.443 
0.0221609 0.0574568 -0.0037735 0.00315962 0.00617224 0.0116871 0.0851735 0.55836 413.057 
0.0359799 0.0334384 0.00555409 0.00235723 0.00476918 0.0120082 0.0849057 0.393082 411.752 
0.0562972 0.0313361 0.00590533 0.00253605 0.00255737 0.0119323 0.0470219 0.260188 410.511 
0.0697625 0.0248131 0.00388125 0.00310625 0.00186375 0.00846875 204.797 0.115625 409.303 
0.0656847 0.0214997 0.00136947 0.00180623 0.00167227 0.00338006 408.271 204.121 408.072 
0.0594522 0.0238888 -0.00231118 0.000943478 0.00218571 0.00118323 203.599 406.991 406.73 
0.054005 0.0219746 -0.00225449 0.000899071 0.0013709 0.00110712 0.185759 405.752 405.406 
0.0522525 0.0266963 0.00052284 0.0014037 0.000828395 0.000965432 202.355 404.448 404.207 
0.0557237 0.0264345 0.00169292 0.00120123 0.000807385 0.000676923 201.735 201.582 402.942 
0.0540288 0.0244233 0.00186319 0.000490184 0.000852761 0.00046135 0.220859 201.025 401.613 
0.0532795 0.0255156 0.000718043 0.000352905 0.000623242 0.000384098 0.259939 400.798 400.364 
0.0539378 0.0238598 0.000876829 0.000332927 0.000267073 0.000503659 0.256098 399.573 399.122 
0.053893 0.0238109 0.00179027 0.000238298 0.00026383 0.000510638 0.243161 199.179 397.884 
0.0538 0.0238006 0.00195879 0.000343636 0.000226061 0.000566061 0.248485 198.582 396.661 
0.0541644 0.0226435 0.00129124 0.000345015 0.000241088 0.000529909 0.256798 395.961 395.441 
0.0543096 0.0220482 0.000758434 0.000327108 0.000191566 0.000325301 0.256024 394.756 394.238 
0.0540444 0.0219724 0.000500901 0.000267267 0.000140541 0.000184384 0.246246 393.556 393.039 
0.0534317 0.0216868 0.000801796 9.22156e-05 0.000232335 0.000210778 0.242515 392.368 391.853 
0.0536352 0.0212896 0.00180299 6.86567e-05 0.00032597 0.000208955 0.241791 391.191 390.678 
0.0536911 0.0215387 0.00269583 0.000159524 0.000288095 7.5e-05 0.223214 390.021 389.515 
0.0531045 0.021578 0.00182908 0.00032997 0.000166766 5.45994e-05 0.222552 388.858 388.347 
0.0528337 0.021268 0.00095858 0.00026568 8.69822e-05 7.81065e-05 0.202367 387.702 387.175 
0.0528519 0.0212702 0.00144071 7.84661e-05 3.71681e-05 0.000123304 0.181121 386.561 386.025 
0.0527735 0.0212947 0.00159647 8.41176e-05 2.23529e-05 0.000128235 0.182353 385.441 384.887 
0.0527431 0.0211202 0.00178006 0.000143695 3.28446e-05 6.86217e-05 0.167155 384.32 383.768 
0.045193 0.0228468 0.000146199 0.000264327 0.000133333 0.000176023 0.15614 344.922 382.682 
0.0123487 0.0436233 0.00223615 0.000779592 0.000875802 0.000706122 0.136443 153.186 381.722 
-0.000722093 0.0552384 0.00211279 0.00138895 0.00142035 0.000994186 0.110465 0.601163 380.751 
0.0114823 0.0522748 -0.00347072 0.00203072 0.00126899 0.000962899 0.147826 0.609275 379.641 
0.00133237 0.054685 -0.00950347 0.00179884 0.00116358 0.00135087 151.597 0.663006 378.594 
-0.0140058 0.0541164 -0.0125476 0.00142767 0.0010415 0.00139481 188.89 0.676657 377.467 
-0.0176782 0.052346 -0.00984598 0.00167874 0.00112126 0.00130402 37.7466 0.65 376.309 
0.00214556 0.05089 -0.0076533 0.00139943 0.00166476 0.00143209 0.060745 0.641834 375.219 
0.0138206 0.053088 -0.00615314 0.0009 0.00216686 0.00104057 0.16 0.674286 374.131 
-0.000283191 0.0540912 -0.00338803 0.00141311 0.0018906 0.0012188 186.783 0.646724 373.154 
-0.0138807 0.0526409 -0.00404034 0.00157784 0.0012108 0.00139261 186.199 0.630682 372.091 
-0.0114816 0.0536793 -0.00443286 0.00151558 0.00111048 0.00100907 0.121813 0.654391 371.011 
0.00492542 0.0586486 -0.00113107 0.00151921 0.00122486 0.00114915 0.158192 0.610169 369.949 
0.0109037 0.0558163 -0.00126423 0.00150761 0.00148845 0.00109352 0.205634 0.622535 368.91 
0.00233708 0.0533197 -0.00901685 0.00150899 0.00153258 0.00122809 0.148876 0.575843 367.902 
-0.0119042 0.0543171 -0.0107193 0.0013098 0.00116863 0.00125434 0.0560224 0.554622 366.846 
-0.00786648 0.0572804 -0.0036648 0.00160279 0.00123631 0.00112123 0.0139665 0.622905 365.863 
0.00925237 0.0526134 -0.00563287 0.0014 0.00157159 0.00125404 0.130919 0.610028 364.783 
0.0100567 0.0469494 -0.00362944 0.00107 0.00174833 0.000988333 0.238889 0.6 363.739 
-0.00327147 0.0540177 -0.000657064 0.0015385 0.00167867 0.000985596 0.157895 0.573407 362.795 
-0.0155541 0.0557646 -0.00427072 0.00141823 0.00154751 0.000897238 0.0552486 0.558011 361.84 
-0.0121818 0.0554766 -0.00141488 0.00132452 0.00147603 0.000792287 0.0523416 0.625344 360.868 
-0.00543736 0.0544549 -0.00189066 0.00262912 0.00217967 0.00309231 0.120879 0.576923 359.824 
-0.00366521 0.0545112 -0.00476986 0.00382301 0.00437479 0.0076263 0.169863 0.536986 358.811 
0.00562022 0.0453503 -0.00839016 0.00324317 0.00607377 0.0107962 0.0983607 0.584699 357.798 
0.0234954 0.0365106 -0.013951 0.00196567 0.00379346 0.0117117 0.0463215 0.476839 356.804 
0.036669 0.0317766 -0.00638696 0.00169783 0.00117446 0.0101913 178.117 0.30163 355.84 
0.0461024 0.0225762 -0.00160379 0.00101355 0.000914363 0.00901192 355.182 0.238482 354.911 
0.0533097 0.0215708 -0.00155027 0.00119135 0.00118703 0.0073173 354.216 177.211 353.984 
0.0520679 0.0155111 -0.00176173 0.00123019 0.00173423 0.00525175 176.671 353.243 352.989 
0.0519484 0.0103688 -0.00342581 0.00108118 0.00170806 0.00321452 0.0349462 352.277 352.051 
0.0545367 0.0168043 -0.00390295 0.00125201 0.00131796 0.000747453 0.0375335 351.298 351.137 
0.0489332 0.0206187 -0.00746898 0.00105722 0.00119947 0.000882888 0.0641711 175.182 350.139 
0.0458272 0.0158389 -0.0063888 0.0012992 0.00119307 0.00103467 174.749 174.749 349.208 
0.0492968 0.0132617 -0.00653351 0.00116011 0.00126383 0.000464362 174.348 348.555 348.276 
0.049574 0.0135056 -0.0089252 0.000818037 0.000880106 0.00026313 0.183024 347.593 347.282 
0.0491217 0.0132566 -0.00954815 0.000542328 0.000250794 0.000178836 0.194709 346.658 346.359 
0.0478834 0.0137119 -0.00940422 0.000434301 0.000163061 0.000111346 0.202639 345.739 345.449 
0.0480868 0.0132947 -0.00912526 0.000391053 0.000357368 0.000168421 0.211053 344.822 344.531 
0.0483318 0.0130425 -0.00970131 0.000179003 0.000318635 0.000127034 0.211549 343.919 343.629 
0.0478895 0.0132304 -0.00957539 6.49215e-05 0.000102618 0.000124607 0.208377 343.014 342.75 
0.0476366 0.0130982 -0.009353 0.000112272 0.000153525 0.00015248 0.209922 342.097 341.87 
0.0477995 0.0128125 -0.0099 8.07292e-05 0.000258333 0.000201042 0.192708 341.197 340.982 
0.0480083 0.0125278 -0.0105512 7.22078e-05 0.000210909 0.000171429 0.198961 340.303 340.088 
0.0475679 0.0125249 -0.0103782 0.000162694 9.53368e-05 7.87565e-05 0.225907 339.404 339.209 
0.0474486 0.0123189 -0.0102088 0.000157623 0.000113695 7.90698e-05 0.225323 338.515 338.352 
0.0473036 0.0122866 -0.0104691 0.000140206 9.48454e-05 0.000103608 0.215979 337.637 337.482 
0.0469625 0.0124308 -0.0102139 0.000180977 5.86118e-05 8.99743e-05 0.204627 336.776 336.61 
0.0469662 0.012221 -0.0103318 0.000109231 0.000109744 0.000110769 0.186667 335.908 335.761 
0.0468824 0.0119176 -0.010623 5.98465e-05 0.00015601 0.000147315 0.183632 335.041 334.915 
0.0469061 0.0118403 -0.0108153 6.47959e-05 0.000128571 0.00012449 0.185204 334.187 334.069 
0.0401374 0.0158229 -0.0108351 0.000128244 0.000283969 9.92366e-05 0.181679 300.053 333.222 
0.0129076 0.0381975 -0.0073132 0.000915736 0.000996447 0.000741117 0.166497 133.315 332.375 
0.00452 0.0514238 -0.00534177 0.00140608 0.00157975 0.00133519 0.146835 0.531646 331.504 
0.0123682 0.0434096 -0.00603939 0.000829798 0.00155505 0.000983333 0.15404 0.522727 330.694 
0.000591436 0.0429295 -0.00427557 0.000955668 0.00116877 0.00120957 165.131 0.561713 329.942 
-0.0121905 0.0445261 -0.00602513 0.00110955 0.000767337 0.00134874 164.734 0.572864 329.045 
-0.0118581 0.0474842 -0.00305764 0.00131028 0.000899749 0.000962406 0.195489 0.531328 328.16 
0.0058195 0.0453495 7.25e-05 0.001338 0.001249 0.0011685 0.1675 0.5525 327.383 
0.0125491 0.0423586 -0.000767082 0.00127382 0.00156958 0.0010803 0.129676 0.583541 326.608 
-0.00127761 0.0474239 -0.00922886 0.00148109 0.00140299 0.00103134 0.0696517 0.529353 325.817 
-0.0108759 0.0508437 -0.0116586 0.00114491 0.00121985 0.00106203 0.0595533 0.509181 324.986 
-0.00223861 0.0478361 -0.00584554 0.00149752 0.00163416 0.00102624 0.168317 0.526733 324.143 
0.0110553 0.0432049 -0.00735358 0.00142519 0.00156988 0.00114667 0.153086 0.519506 323.347 
0.00724532 0.041931 -0.00373645 0.000878818 0.00107783 0.00116158 0.0985222 0.540887 322.584 
-0.00735627 0.0452088 -0.00477248 0.000912531 0.000821622 0.00119361 0.114005 0.52973 321.782 
-0.0128299 0.0491632 -0.0052549 0.000954412 0.00100098 0.00105098 0.107353 0.50049 320.985 
-0.0031643 0.0456259 -0.00151296 0.00127775 0.00136479 0.000827384 32.177 0.485086 320.203 
0.00787122 0.0431659 -0.00247268 0.00179951 0.00136 0.000740488 159.906 0.50878 319.448 
0.00795085 0.0465426 -0.0038365 0.001618 0.0011708 0.00110122 127.587 0.556204 318.684 
-0.00832913 0.0492646 -0.00704369 0.00104029 0.00133058 0.000958738 0.0495146 0.568932 317.884 
-0.0146828 0.0525787 -0.00512058 0.0010799 0.00186441 0.000816949 0.0861985 0.553995 317.079 
-0.00231353 0.0449266 -0.00660966 0.000728986 0.0020971 0.00082029 31.8246 0.523188 316.282 
0.00638458 0.0415412 -0.00677157 0.00074988 0.00175373 0.000464096 158.003 0.534458 315.582 
0.00568173 0.0469543 -0.00470913 0.000957692 0.00103125 0.000979808 157.531 0.559135 314.896 
-0.00793621 0.0425122 -0.00846619 0.000818225 0.000773621 0.00098801 157.158 0.5506 314.13 
-0.0128612 0.0423148 -0.0054933 0.00094689 0.00102249 0.000733971 125.464 0.528708 313.35 
-0.00196372 0.0455093 -0.00282625 0.00125346 0.00137518 0.000803341 31.3957 0.501193 312.591 
0.00701571 0.0476033 -0.00380095 0.00173333 0.00145143 0.000645238 156.103 0.516667 311.878 
0.00359667 0.0428793 -0.0069658 0.001419 0.00106603 0.00103088 124.549 0.533967 311.141 
-0.00944028 0.0377185 -0.00909763 0.00121043 0.000967773 0.000876303 0.0630332 0.514218 310.352 
-0.0134865 0.0496038 -0.00347423 0.00113712 0.00112388 0.00102979 0.119149 0.4974 309.597 
-0.00145802 0.0516547 -0.00322358 0.000923585 0.00214009 0.00278585 61.9618 0.495755 308.892 
0.00349271 0.0465558 -0.00889365 0.00165271 0.00473365 0.00607388 154.281 0.526118 308.165 
0.00397183 0.0395347 -0.00641033 0.00291408 0.00532864 0.00900704 92.3859 0.504225 307.38 
0.0175766 0.0291012 -0.00428244 0.0027911 0.00313162 0.010074 61.4815 0.392037 306.622 
0.0338341 0.0326374 -0.000804206 0.00191028 0.00159299 0.0083743 153.146 0.288318 305.948 
0.0405086 0.0295823 0.0022634 0.00137762 0.00113287 0.00412494 152.751 0.220979 305.276 
0.0372149 0.022966 0.00129349 0.00157395 0.00109953 0.00255116 213.335 0.141395 304.575 
0.0348362 0.0190093 0.000363805 0.00185476 0.000878886 0.00471926 243.25 60.871 303.87 
0.0399917 0.0149894 -0.00615231 0.00178194 0.00199907 0.00450833 151.686 212.373 303.169 
0.0492762 0.0212471 -0.00856259 0.0016 0.00253118 0.00213718 151.348 302.669 302.48 
0.0422876 0.0198134 -0.00666406 0.00125806 0.00212258 0.00113364 90.6336 241.576 301.763 
0.0363255 0.0153471 -0.00738667 0.0010823 0.00156046 0.000592184 60.2943 90.4055 301.034 
0.0402197 0.0177794 -0.00512798 0.00114037 0.000784862 0.000577982 150.322 60.1427 300.336 
0.0412416 0.0159744 -0.00451487 0.000820137 0.000769336 0.000493822 90.0728 209.94 299.618 
0.041458 0.0160562 -0.00619498 0.000378995 0.000599543 0.000157534 0.169863 299.223 298.889 
0.0395727 0.0165818 -0.00678815 0.000361731 0.000574032 0.000162187 0.169021 298.544 298.186 
0.0401818 0.0159955 -0.00636045 0.00033 0.000308182 0.000321364 0.156364 297.875 297.49 
0.0408567 0.0154372 -0.00568934 0.000339229 7.12018e-05 0.000323356 0.14059 297.2 296.8 
0.0408222 0.015338 -0.00555339 0.00018552 7.37557e-05 0.000206787 0.132579 296.529 296.118 
0.0363758 0.0137624 -0.00530894 7.85908e-05 0.000119241 0.00014589 0.126468 266.393 266.02 
0.01607 0.00611834 -0.00256414 2.84553e-05 7.0009e-05 5.64589e-05 0.0596206 118.395 118.233 
