-2.059 10.9012 -1.1522 0.2048 0.2128 0.1297 9.4 93.2 65458.6 
-0.0884 7.4698 -0.5044 0.202867 0.1682 0.1592 11.3333 68.2667 43636.5 
1.0255 5.26375 -0.5186 0.1226 0.1491 0.11105 3282.1 54.8 32728.9 
0.71216 3.65316 -0.11344 0.06576 0.10336 0.05324 13101.8 40.36 26189.2 
-0.2125 3.20697 -0.198367 0.0569333 0.0755 0.0551667 10921.2 34.4 21824.2 
-0.680771 2.92049 -0.414914 0.0800286 0.0567429 0.0431429 9365.2 27.4286 18705.4 
-0.1335 2.89263 -0.117025 0.08635 0.073225 0.048725 6558.87 22.425 16366.5 
0.468844 2.40938 -0.170956 0.0501333 0.0796889 0.0376889 1461.31 21.6222 14547.2 
0.29512 1.82928 -0.11588 0.03342 0.0623 0.0299 6552.28 20.32 13096 
-0.278836 1.83085 -0.0798909 0.0287818 0.0520364 0.0346909 4765.78 19.0182 11905.8 
-0.39955 1.69463 -0.272483 0.03275 0.0450833 0.0354833 3.2 16.8 10911.5 
-0.0355385 1.49631 -0.293508 0.0611538 0.0573231 0.0357077 4.13846 15.4923 10071.6 
0.254471 1.43297 -0.1671 0.0438286 0.0531857 0.0208143 1874.99 14.6714 9353.27 
0.42428 1.22505 -0.140267 0.0100667 0.0296 0.0261333 6115.8 13.4533 8732.31 
0.231237 1.15965 -0.301 0.0161125 0.0483125 0.00765 6552.91 12.8875 8187.09 
-0.0120118 1.28288 -0.2596 0.0195882 0.0788471 -0.141918 2314.24 11.1529 7704.12 
-0.0739111 0.826722 -0.0660667 -0.0349444 0.0912667 -0.263633 2.14444 10.7 7276.23 
-0.643221 0.650663 -0.0526737 -0.0336737 0.0926421 -0.258242 3.10526 12.7684 6894.14 
-1.01925 0.61328 -0.04154 0.00985 0.05578 -0.17053 5.55 14.01 6549.11 
-0.842038 0.317886 0.00602857 0.0121619 0.0324667 -0.0207429 8.99048 13.5048 6236.53 
-0.841155 0.269209 -0.0280545 0.0200273 0.0338545 -0.00797273 10.1182 12.2091 5953.01 
-0.878122 0.2388 -0.056687 0.0244522 0.0232087 -0.0508261 10.4261 11.2957 5694.04 
-0.8709 0.205092 -0.0357333 0.0237417 0.0249833 -0.00366667 9.95833 10.9917 5456.68 
-0.805016 0.129288 -0.059808 0.015704 0.020088 0.018384 9.288 10.68 5237.91 
-0.709046 0.179377 -0.109554 0.0144615 0.0119231 0.0135077 9.97692 10.2231 5035.38 
-0.687178 0.213356 -0.10023 0.0178 0.0124963 0.0117185 9.81481 9.37037 4848.54 
-0.666271 0.165814 -0.0945714 0.0205143 0.00874286 0.00453571 9.32857 9.02857 4675.7 
-0.647207 0.172317 -0.0693172 0.0131724 0.00417241 0.00568966 9.37241 9.45517 4514.89 
-0.629473 0.159093 -0.0713333 0.00256 0.00434667 0.00529333 9.45333 9.56 4364.55 
-0.607374 0.161419 -0.0998903 0.00158065 0.00461935 0.00132903 9.27097 9.30968 4223.61 
-0.58495 0.154837 -0.0947688 0.0015125 0.0033 0.00125 8.85625 8.95625 4091.42 
-0.232745 0.356145 -0.0694606 0.0230606 0.0122545 0.00497576 4.87879 7.93333 3967.93 
0.0102118 0.552894 -0.0530588 0.0312176 0.0185882 0.0133 386.359 6.75882 3851.98 
-0.12044 0.541423 -0.0819657 0.0163657 0.0204571 0.0129486 1872.15 6.2 3742.1 
-0.193639 0.469739 -0.120189 0.0106556 0.0217944 0.0114944 1456.38 6.03889 3637.59 
-0.0347135 0.450378 -0.0869622 0.0126973 0.0188865 0.0128865 1.17838 5.96757 3538.67 
0.0990368 0.511395 -0.0230632 0.0153842 0.0165105 0.0100368 1.51053 6.00526 3445.52 
0.0244359 0.493236 -0.0192051 0.011641 0.0112564 0.0120564 337.656 5.8 3357.23 
-0.072175 0.45315 -0.052825 0.008465 0.007845 0.011605 1638.98 5.34 3273.56 
-0.0999659 0.48181 -0.041239 0.0140195 0.00883415 0.00786341 1279.54 5.01463 3193.63 
0.0310286 0.494848 0.00292857 0.0155762 0.0123 0.0083 1.56667 4.68095 3117.52 
0.080693 0.47346 0.00322326 0.0171256 0.0158372 0.00756279 1.48837 4.74419 3045.21 
-0.0352045 0.4758 -0.0586864 0.0174864 0.0140955 0.00850909 1.28636 5.02273 2976.03 
-0.124324 0.467818 -0.0806489 0.0102889 0.0141511 0.00783111 0.933333 4.63111 2909.65 
-0.0850174 0.470978 -0.0398 0.0135261 0.0146652 0.00754783 0.773913 4.54783 2846.4 
0.0361106 0.433162 -0.0215191 0.0138979 0.0128851 0.00976596 0.668085 4.6766 2786 
0.0716208 0.357162 -0.0139875 0.0078125 0.0120625 0.00776667 274.079 4.47917 2727.94 
-0.0362898 0.409612 0.000371429 0.00749388 0.00945306 0.00849796 1338.06 4.68163 2672.76 
-0.12152 0.456584 -0.006804 0.008656 0.00674 0.008064 1049.1 4.392 2619.23 
-0.0694941 0.401231 -0.0214471 0.0102118 0.00787451 0.00522353 0.835294 4.05882 2567.64 
0.0423346 0.367204 -0.0105308 0.0110923 0.0107577 0.00513077 0.634615 4.01923 2518.41 
0.0548604 0.340132 0.00195094 0.0112943 0.0110679 0.00536981 248.121 3.83396 2471 
-0.021963 0.354248 -0.0520889 0.00882963 0.0103333 0.00555185 1213.93 3.98148 2425.54 
-0.0128073 0.386662 -0.102935 0.00766182 0.0183527 0.0113782 1191.6 4.09455 2381.32 
0.0690786 0.330571 -0.0783214 -0.00316786 0.0182821 -0.00877143 1170.47 3.91429 2338.58 
-0.00637193 0.344014 -0.0181579 0.00397895 0.0111298 -0.0557368 920.456 4 2297.43 
-0.149045 0.315903 0.0339241 0.0176931 0.0121621 -0.0667345 1.28966 4.22069 2257.91 
-0.22139 0.182373 0.0191492 0.00781017 0.0172847 -0.0233017 1.39661 4.24407 2220.15 
-0.266093 0.195133 -0.00714667 0.00716 0.0151667 -0.00031 1.93 4.34333 2183.22 
-0.250597 0.20623 0.0152066 0.00742295 0.0150262 -0.0202951 2.96066 4.30492 2146.95 
-0.268539 0.252626 0.0242581 0.00529677 0.0138581 -0.0078129 2.88387 4.23871 2112.19 
-0.266832 0.220511 0.0178254 0.0127873 0.00901905 0.0119492 2.36508 4.27619 2078.85 
-0.260044 0.104638 -0.00328437 0.0160062 0.00736875 0.0181375 2.625 4.1625 2046.27 
-0.279397 0.100742 -0.00987692 0.00953538 0.00381231 0.0225662 3.08308 4.09231 2014.37 
-0.281994 0.0943515 0.00957273 0.0117394 0.00585758 0.0172485 3.37273 4.22727 1983.43 
-0.299072 0.0765851 0.0121552 0.0110537 0.00446866 0.0141313 3.69552 4.47164 1953.54 
-0.289585 0.0651618 0.0125559 0.00372941 0.00348235 0.00747941 4.04706 4.4 1924.56 
-0.277226 0.0731304 0.0104029 0.00207246 0.00410145 0.00345797 4.06667 4.17101 1896.51 
-0.26406 0.0811514 0.00767714 0.00275429 0.00336857 0.00272571 4.03429 4.12 1869.26 
-0.261659 0.0818254 0.00400845 0.00213803 0.00242817 0.00146197 3.91549 4.14085 1842.9 
-0.263772 0.0781556 0.00247222 0.001 0.00124444 0.00134444 3.73056 4.075 1817.41 
-0.256112 0.0790384 0.00353973 0.00112329 0.00106027 0.000991781 3.56986 3.99178 1792.64 
-0.252024 0.0826459 0.00718649 0.00102703 0.00121081 0.000564865 3.37027 3.96486 1768.55 
-0.250771 0.079328 0.00820533 0.00101333 0.000829333 0.000192 3.23733 3.93067 1745.05 
-0.246547 0.0772605 0.00576842 0.000955263 0.000442105 0.000210526 3.17368 3.85263 1722.03 
-0.243044 0.0766675 0.00561039 0.000766234 0.000371429 0.000181818 3.07532 3.72987 1699.56 
-0.240723 0.0746846 0.00617179 0.000776923 0.000189744 0.000194872 3.00769 3.63846 1677.77 
-0.236889 0.0745949 0.00590886 0.000691139 0.000146835 0.000291139 2.99747 3.53418 1656.56 
-0.234047 0.0742725 0.0053025 0.0007475 0.00013 0.00033 3.0325 3.4075 1635.86 
-0.231017 0.0736148 0.00574815 0.000651852 0.000207407 0.000392593 3.02963 3.34568 1615.64 
-0.197551 0.100527 -0.000478049 0.00155366 0.000714634 0.00169268 2.46341 3.21463 1595.94 
-0.0934386 0.167508 -0.00266024 0.00431566 0.00361446 0.00384096 1.08434 2.90602 1576.88 
0.000109524 0.230469 -0.00429048 0.00645238 0.00731905 0.00399286 156.212 2.68333 1558.34 
0.0353835 0.241936 -0.00363765 0.00940941 0.00766588 0.00339059 771.024 2.49647 1540.1 
0.0109233 0.230781 -0.0187558 0.0084 0.00564186 0.00486047 761.995 2.36744 1522.17 
-0.0482322 0.219046 -0.0333655 0.00547356 0.00449655 0.00550805 903.616 2.48966 1504.77 
-0.0460659 0.202889 -0.0252136 0.00712273 0.00466591 0.00510227 1340.15 2.56136 1487.7 
0.0191708 0.210798 -0.0196067 0.00728539 0.00669438 0.00436854 736.355 2.44494 1470.82 
0.0469511 0.206809 -0.00829778 0.00442 0.00649111 0.00353778 873.8 2.43111 1454.43 
-0.00703297 0.194409 -0.016756 0.00325055 0.00474945 0.00368791 1440.14 2.45934 1438.58 
-0.0633174 0.203578 -0.0353696 0.0053 0.00415217 0.00315652 1424.27 2.2087 1423.06 
-0.0425226 0.228587 -0.0241032 0.00636989 0.00488172 0.00390968 1127.13 2.0129 1407.72 
0.0249681 0.219891 -0.0180404 0.00476809 0.00655319 0.00396383 697.149 2.0766 1392.61 
0.0391642 0.187229 -0.00785053 0.00311158 0.00578947 0.00298947 689.933 2.14316 1377.94 
-0.0171146 0.190042 -0.0317021 0.00295417 0.00384792 0.00329792 682.648 2.15208 1363.7 
-0.0212866 0.215835 -0.0539979 0.00463505 0.00928454 0.00506392 945.652 2.09278 1349.75 
0.0403551 0.207731 -0.0152796 0.0105449 0.0114143 -0.00857143 1337.25 2.1102 1335.93 
0.0146424 0.214671 0.00147677 0.0100606 0.00549697 -0.0391313 926.804 2.1899 1322.44 
-0.075218 0.164916 0.00328 0.004046 0.005286 -0.0472 262.412 2.384 1309.4 
-0.14059 0.077703 -0.00329109 0.00293267 0.00910099 -0.0174693 0.714851 2.66733 1296.5 
-0.185549 0.0859196 -0.0206686 0.00345882 0.00922353 -0.00082549 1.3902 2.70784 1283.69 
-0.161664 0.0854291 -0.0237922 0.00311262 0.00774175 -0.0198971 1.81942 2.68544 1271.13 
-0.16269 0.0816173 -0.0300077 0.00422692 0.0114519 -0.0161154 1.78462 2.67692 1259 
-0.206876 0.0630476 -0.0447505 0.00735429 0.00882286 0.0086381 1.94667 2.54476 1246.93 
-0.194479 0.0265679 -0.0461755 0.00758113 0.00368679 0.0127623 2.3717 2.45849 1234.82 
-0.184572 0.0225794 -0.0291383 0.00448972 0.00344112 0.00586542 2.39252 2.33271 1223.19 
-0.179819 0.0255889 -0.0289963 0.00246667 0.00359815 0.00189259 2.30556 2.22407 1211.91 
-0.170051 0.0331505 -0.0435101 0.00396881 0.00343486 0.00114312 2.45138 2.30826 1200.74 
-0.167978 0.0431764 -0.0427709 0.00322 0.00154545 0.00221273 2.52182 2.39091 1189.78 
-0.164712 0.0463784 -0.0395027 0.000927928 0.000628829 0.00208108 2.49009 2.37117 1179.07 
-0.164696 0.0445821 -0.0383196 0.00105179 0.00127857 0.000771429 2.48571 2.30714 1168.55 
-0.165483 0.0413947 -0.0402602 0.00108142 0.00136106 0.000566372 2.47788 2.25487 1158.18 
-0.163461 0.0408281 -0.0410526 0.000587719 0.000519298 0.000342105 2.42456 2.21754 1148.01 
-0.160817 0.0410278 -0.03984 0.000412174 0.000184348 0.000154783 2.39826 2.17565 1138.07 
-0.159131 0.0404931 -0.0395466 0.000567241 0.000265517 7.93103e-05 2.3931 2.12069 1128.29 
-0.158482 0.0397556 -0.0394462 0.000547009 0.000367521 0.000105983 2.3812 2.07009 1118.69 
-0.157583 0.0394763 -0.0394373 0.000427119 0.000347458 0.000111864 2.36949 2.03729 1109.27 
-0.156062 0.0388017 -0.0392975 0.000416807 0.000228571 4.53782e-05 2.31261 2.00672 1100 
-0.0937533 0.102272 -0.0218067 0.00348 0.0021 0.00115167 110.628 1.80833 1090.8 
0.00352562 0.169921 -0.00143471 0.00555372 0.00400661 0.00259504 650.136 1.59669 1081.77 
0.0221557 0.172625 -0.00205246 0.00383279 0.00416557 0.00359672 1074.16 1.52295 1073.02 
-0.0256911 0.163156 -0.0164878 0.00274797 0.00393496 0.0033935 852.246 1.46829 1064.42 
-0.041671 0.156765 -0.0161016 0.00312581 0.00331774 0.00292419 317.068 1.47742 1055.73 
-0.0125568 0.1804 0.0051344 0.004592 0.0041856 0.0033488 0.2272 1.4976 1047.09 
0.0183841 0.182825 0.0109635 0.00411111 0.00463016 0.00271111 208.216 1.4254 1038.78 
0.0156346 0.160083 -0.00220157 0.00285039 0.00388504 0.00292441 722.381 1.30079 1030.68 
-0.03185 0.154602 -0.00622187 0.00301094 0.00343281 0.00291875 1023.81 1.2625 1022.72 
-0.0461349 0.148721 -0.00322791 0.00334729 0.00284031 0.00277984 812.798 1.37519 1014.83 
-0.00517846 0.144951 -0.01334 0.00354 0.00374308 0.00262615 302.605 1.45692 1006.94 
0.0269206 0.155371 -0.0160519 0.00363359 0.00478168 0.00185954 200.128 1.36794 999.279 
0.0158667 0.170939 -0.00376061 0.00274697 0.00365303 0.00299545 694.845 1.31212 991.821 
-0.0257368 0.148731 -0.0156556 0.00256241 0.00289474 0.00282105 985.253 1.33684 984.365 
-0.0352821 0.126136 -0.0230522 0.0038209 0.0031791 0.00278209 782.484 1.3791 976.964 
0.00113778 0.140336 -0.0174341 0.00401185 0.0045763 0.0028237 485.596 1.34074 969.64 
0.0245382 0.146426 -0.0173132 0.00242647 0.00529853 0.00203824 674.604 1.25147 962.59 
0.0154219 0.144961 -0.015435 0.00151241 0.00319562 0.00306861 956.415 1.30219 955.708 
-0.00728261 0.12643 -0.0319203 0.00283188 0.00252174 0.0035942 949.472 1.36522 948.751 
0.00091223 0.132715 -0.0253597 0.00331079 0.00576978 0.00440719 942.81 1.2964 941.832 
0.0239971 0.136527 -0.00600714 0.00549857 0.00537429 -0.0109157 936.161 1.19857 935.07 
-0.00534326 0.131477 -0.0036766 0.00579574 0.00228085 -0.0316199 743.616 1.34326 928.515 
-0.0563873 0.104351 0.00250563 0.00359014 0.00218732 -0.0311338 277.096 1.65915 921.927 
-0.0968056 0.0551091 -0.000752448 0.00307413 0.00442098 -0.0222252 0.706294 1.82797 915.271 
-0.128726 0.0525597 -0.0056625 0.00237222 0.00409306 -0.0238222 1.15139 1.8375 908.835 
-0.137539 0.0440676 -0.0116262 0.00303586 0.00538759 -0.0183821 1.34897 1.82069 902.632 
-0.145062 0.029026 -0.017826 0.00286986 0.00920822 0.00179178 1.52329 1.74795 896.438 
-0.143886 0.0220503 -0.0180667 0.00230476 0.00758367 0.010015 1.60272 1.64354 890.264 
-0.133007 0.0217568 -0.0277419 0.0028973 0.00477297 0.00689324 1.73108 1.60135 884.153 
-0.12871 0.0196054 -0.0375705 0.00375839 0.00574899 0.00294094 1.77315 1.51007 878.2 
-0.125948 0.0129373 -0.0452093 0.003544 0.00548267 0.000809333 1.648 1.48 872.379 
-0.123229 0.0140212 -0.047294 0.00170331 0.00177086 0.000407947 1.8 1.56689 866.507 
-0.120759 0.0168408 -0.0437737 0.00104474 0.000475 0.000263158 1.95132 1.63026 860.767 
-0.121774 0.0162144 -0.0427412 0.000930719 0.000589542 0.000235294 1.94771 1.63922 855.19 
-0.120304 0.0168299 -0.041239 0.000446753 0.000338961 0.000371429 1.96753 1.61429 849.695 
-0.117977 0.0176335 -0.041369 0.000260645 0.000268387 0.000303226 1.97935 1.61032 844.312 
-0.117605 0.0175244 -0.0426308 0.00034359 0.000410256 9.74359e-05 1.95641 1.62821 838.985 
-0.116969 0.0169299 -0.0423146 0.000578344 0.000407643 0.000138854 1.89936 1.6242 833.698 
-0.11568 0.0170152 -0.041643 0.000521519 0.00034557 0.000196203 1.84557 1.56962 828.461 
-0.114707 0.0172025 -0.0416113 0.000406289 0.000401258 0.00012956 1.81384 1.51447 823.265 
-0.07927 0.0677663 -0.0317962 0.001315 0.00138375 0.00065375 1.10375 1.52625 818.309 
-0.0445453 0.124436 -0.0235963 0.00268571 0.00285839 0.00140621 325.822 1.49689 813.489 
-0.0144654 0.127172 -0.0172605 0.00458765 0.00347778 0.00238272 404.61 1.46173 808.469 
0.0211791 0.122611 -0.0105828 0.00472883 0.0042589 0.00347239 402.108 1.34969 803.448 
0.0190159 0.109498 -0.00700854 0.00221707 0.00372561 0.00284756 399.612 1.27317 798.639 
-0.012137 0.115647 -0.00699273 0.00194182 0.00222667 0.00249212 397.225 1.33697 793.8 
-0.0368699 0.123753 -0.0144193 0.00236145 0.0016253 0.00259398 394.853 1.37831 788.945 
-0.0209784 0.101993 -0.0102659 0.00309222 0.00245269 0.00269701 78.685 1.26707 784.208 
0.0125595 0.106076 -0.00218452 0.00408929 0.00335 0.00267857 0.17381 1.25714 779.569 
0.0174663 0.122069 -0.00288639 0.00343077 0.0028568 0.00260118 0.142012 1.36095 775.053 
-0.0214576 0.113839 -0.01326 0.00255647 0.00242706 0.00246 0.164706 1.28235 770.459 
-0.0419614 0.110117 -0.0129474 0.00265146 0.00278246 0.00206082 383.251 1.21637 765.906 
-0.00512093 0.123028 -0.00582442 0.00456279 0.00411744 0.0027314 381.128 1.13953 761.407 
0.0255283 0.120406 -0.00450983 0.00413295 0.00378382 0.00262081 0.317919 1.2659 756.942 
0.0139931 0.110783 -0.00719195 0.00205287 0.00222299 0.00239655 0.218391 1.4023 752.69 
-0.0189029 0.105946 -0.013016 0.00172914 0.00180457 0.00249486 0.154286 1.27429 748.406 
-0.0309852 0.109539 -0.00414773 0.00230114 0.00210682 0.00217273 372.432 1.27273 744.148 
-0.00332768 0.116481 0.00657514 0.00372316 0.00325989 0.00195254 370.282 1.23164 739.91 
0.0173596 0.117835 0.00309663 0.00401236 0.00347753 0.00163258 0.175281 1.15506 735.697 
0.00195419 0.122888 -0.00115978 0.00269944 0.00251844 0.00226816 73.4525 1.22235 731.663 
-0.0289656 0.102118 -0.0144989 0.00221778 0.00249111 0.00177667 364.19 1.21222 727.672 
-0.0279304 0.108274 -0.00669945 0.00321547 0.00276685 0.00185967 289.748 1.11381 723.602 
0.00893187 0.122382 0.00693846 0.00328242 0.00308352 0.00261978 0.198901 1.08901 719.513 
0.0340197 0.106652 -0.00542404 0.00544044 0.0027388 0.00215738 0.256831 1.12678 715.577 
0.0306424 0.112032 -0.0274478 0.00628913 0.00396848 -0.00421739 71.4902 1.1163 711.732 
0.00846595 0.101156 -0.0330324 0.00418919 0.0020627 -0.0173135 354.344 1.16541 707.909 
-0.0174667 0.0827656 -0.0133817 -9.78495e-05 0.000676344 -0.0255742 282.085 1.17742 704.063 
-0.0475904 0.064754 -0.00637968 -0.00276578 0.00350267 -0.0242 0.479144 1.2385 700.312 
-0.0880926 0.0465511 -0.00597128 -0.000211702 0.00750957 -0.0122798 0.692553 1.43511 696.654 
-0.105699 0.0427862 -0.00874709 0.00159048 0.00602222 -0.0104571 0.974603 1.51852 692.964 
-0.102105 0.0369463 -0.00970632 0.00168737 0.00110842 -0.00910526 0.917895 1.54526 689.375 
-0.100348 0.0315654 -0.00808691 0.00204188 0.00138953 0.00102827 1.02408 1.4911 685.69 
-0.0978302 0.0239594 -0.0105615 0.00272917 0.00235 0.00170833 1.36354 1.41979 681.941 
-0.0998218 0.0194767 -0.0112041 0.00227979 0.0043658 0.00344974 1.4 1.40415 678.285 
-0.104263 0.0175 -0.0149381 0.0014433 0.00529588 0.00518144 1.2732 1.30825 674.727 
-0.10279 0.0117815 -0.0249426 0.00168923 0.00493333 0.00242974 1.40205 1.28718 671.152 
-0.0998643 0.0100898 -0.0315602 0.00163163 0.00302347 0.00114796 1.60204 1.32857 667.606 
-0.0968051 0.0144975 -0.0312873 0.000591878 0.00162741 0.00139492 1.56244 1.35736 664.269 
-0.0947838 0.0173636 -0.0270364 0.000691919 0.00163131 0.00119798 1.50303 1.3697 660.998 
-0.0947407 0.0174261 -0.0235116 0.000704523 0.00122312 0.000962814 1.46432 1.34774 657.746 
-0.084057 0.025871 -0.019617 0.000614 0.00126 0.000848 1.287 1.343 654.529 
-0.0432985 0.0593095 -0.0131443 0.00151642 0.00139602 0.00188557 0.634826 1.13035 651.437 
-0.0224149 0.0884881 -0.00740693 0.00226238 0.00145248 0.00261683 0.121782 0.957426 648.328 
-0.0177911 0.0920296 -0.00610443 0.00318227 0.00181675 0.00193596 0.136946 1.01182 645.16 
0.0124961 0.0923275 -0.00549608 0.00289902 0.00237157 0.00185882 0.215686 1.02941 641.931 
0.02004 0.0900615 -0.00337073 0.00294341 0.00266341 0.00187415 0.263415 1.07317 638.79 
-0.00646505 0.0935107 -0.0063233 0.00281165 0.00247184 0.00185146 0.257282 1.06311 635.743 
-0.0296812 0.101859 -0.0132628 0.00192271 0.00220676 0.00166473 0.227053 0.980676 632.614 
-0.0180058 0.104747 -0.00863462 0.00318846 0.00233558 0.00184327 0.115385 0.990385 629.567 
0.0100258 0.100733 -0.00564019 0.00325263 0.0029177 0.00274067 0.200957 0.985646 626.507 
0.0161829 0.0848676 -0.00553905 0.0019619 0.00299238 0.00223714 0.338095 1.00476 623.576 
-0.0027346 0.0857014 -0.00625118 0.00190806 0.00229763 0.00190616 0.175355 1.00948 620.735 
-0.0237575 0.0945557 -0.0112736 0.00191415 0.00211604 0.00181509 0.108491 0.938679 617.788 
-0.0171164 0.100424 -0.00397089 0.00261315 0.00236338 0.00157653 0.262911 0.929577 614.789 
0.00895794 0.10144 0.00109533 0.00313832 0.0026271 0.00201589 0.224299 0.925234 611.935 
0.0154186 0.0877135 0.00109395 0.00246791 0.00267814 0.0020307 0.102326 0.939535 609.181 
0.004875 0.0881426 -0.012788 0.00293426 0.000993519 0.00262315 0.125 1.00463 606.319 
0.00240184 0.10359 -0.0263198 0.00533641 -0.00802028 -0.00257696 0.147465 0.967742 603.465 
0.0046211 0.0910165 -0.0220037 0.00121927 -0.0147578 -0.0120385 0.302752 0.917431 600.624 
-0.0145123 0.0660968 -0.0140247 -0.00254247 -0.00565114 -0.0177123 0.260274 1.05479 598.032 
-0.0567864 0.0672391 -0.00157727 0.00247 0.00462455 -0.0174082 0.15 1.19545 595.623 
-0.0787747 0.0501095 0.00374751 0.00565158 0.00615656 -0.00886425 0.352941 1.17647 593.023 
-0.0733009 0.0366667 0.0023027 0.00459369 0.00483784 -0.00253153 0.540541 1.16216 590.261 
-0.0800395 0.0408996 0.00221883 0.00396592 0.0021148 -0.00258834 0.860987 1.30045 587.39 
-0.0825661 0.0295045 0.00150179 0.00309911 0.00194196 0.0009875 0.9375 1.39286 584.688 
-0.0843813 0.0226836 -0.00413067 0.00155644 0.00456978 0.00418222 0.764444 1.32444 582.187 
-0.0903354 0.024108 -0.00947345 0.00167434 0.0029646 0.00358584 0.89823 1.19912 579.58 
-0.0813674 0.0220035 -0.00849339 0.00137181 0.000540088 0.00252335 1.15859 1.15859 576.833 
-0.0826728 0.0211018 -0.00872368 0.00139386 0.00135088 0.00102193 1.21491 1.19737 574.189 
-0.0840996 0.02349 -0.0119502 0.00118777 0.00111965 0.000624454 1.22271 1.24891 571.633 
-0.0792391 0.02492 -0.0143774 0.000616522 0.00039913 0.000705217 1.3087 1.28261 569.074 
-0.0789991 0.025484 -0.013432 0.00057316 0.00034026 0.000532468 1.30303 1.2684 566.593 
-0.0798155 0.0240655 -0.0116491 0.000498276 0.000238793 0.000296552 1.27586 1.25862 564.129 
-0.0805717 0.0238386 -0.0114498 0.000288412 0.000138197 0.0002103 1.28326 1.25751 561.687 
-0.0797846 0.0237538 -0.0122991 0.000135043 0.000152991 9.91453e-05 1.28205 1.25641 559.265 
-0.0680494 0.0333762 -0.0138094 0.000347234 0.00053617 0.000128511 1.13957 1.20255 556.879 
-0.0153449 0.0553534 -0.00988475 0.00130339 0.00219237 0.00121102 0.574576 1.02203 554.653 
0.0182962 0.0731882 -0.00488945 0.00134515 0.00309873 0.00164304 0.144304 0.912236 552.465 
0.00385882 0.0777891 -0.0152042 0.00167227 0.00215462 0.00173025 0.145378 0.931933 550.155 
-0.0160494 0.0801782 -0.016369 0.00177657 0.00157322 0.00203347 0.183264 0.959833 547.828 
-0.0133067 0.0800358 -0.00138917 0.00261 0.00171583 0.00151583 164.02 0.986667 545.577 
0.0104589 0.0792307 0.00244647 0.00296432 0.00197676 0.00163568 272.041 0.967635 543.364 
0.0135331 0.074524 -0.00160413 0.00313719 0.00219504 0.00165785 108.45 0.952893 541.105 
-0.0115951 0.0819967 -0.0113663 0.00283786 0.00217942 0.00149383 161.919 0.935802 538.865 
-0.0281975 0.0918828 -0.0147451 0.0017959 0.00182951 0.00133033 429.739 0.909836 536.682 
-0.00656245 0.0789535 -0.00940571 0.00284082 0.00174122 0.00138122 374.496 0.897959 534.452 
0.023752 0.073135 -0.00654553 0.00474065 0.0019878 0.00147073 106.693 0.89187 532.183 
0.0269271 0.0837538 -0.0208753 0.0052413 0.00392551 -0.00154008 0.204858 0.920648 530.022 
0.0072121 0.0729202 -0.0312121 0.00307903 0.000731452 -0.0104121 264.303 0.96129 527.987 
-0.019404 0.0572345 -0.0178145 -0.00100803 -0.00194217 -0.0188956 263.197 0.931727 525.928 
-0.043612 0.0452264 -0.0055256 -0.0081888 0.0016224 -0.0215224 0.168 0.984 523.856 
-0.0600773 0.0247944 -0.00161434 -0.00472351 0.00554582 -0.0152781 0.498008 1.11952 521.813 
-0.0814333 0.0174341 -0.00462381 0.00467698 0.00696905 -0.00199444 0.742063 1.13889 519.798 
-0.0924103 0.0166095 -0.00407905 0.00581344 0.00347194 0.00575415 0.802372 1.06324 517.688 
-0.0800244 0.0161709 -0.000211024 0.00326142 0.00158976 0.00514173 0.96063 1.06299 515.465 
-0.073782 0.0163239 0.000187451 0.00279451 0.0020698 0.00208706 1.02353 1.09412 513.416 
-0.0734227 0.0159273 -0.00128359 0.00299375 0.00125312 0.000760156 0.917969 1.05078 511.449 
-0.0697494 0.0183868 -0.00643268 0.00266459 0.000604669 0.00122335 0.789883 1.03113 509.436 
-0.0693039 0.0219891 -0.0049062 0.00252016 0.000762016 0.0011062 0.910853 1.1124 507.407 
-0.0711097 0.022844 0.00344633 0.00143938 0.000813127 0.000766023 1.05019 1.16602 505.398 
-0.0726654 0.0220254 0.00599615 0.00103385 0.000645385 0.000876154 1.03462 1.14231 503.435 
-0.0723533 0.019954 0.00564061 0.000427586 0.000278927 0.000744061 0.980843 1.1341 501.487 
-0.0725328 0.0207947 0.0047145 0.000147328 0.000314504 0.00030687 0.954198 1.12214 499.565 
-0.0712601 0.0206707 -0.000365019 0.000123954 0.000385551 0.000118631 0.954373 1.11407 497.654 
-0.0624689 0.0336023 -0.000384091 0.000212121 0.000415909 0.000181061 100.036 1.01439 495.845 
-0.0316075 0.0625343 0.00452226 0.000904906 0.00121434 0.00109283 198.192 0.821887 494.162 
0.000415038 0.0783226 0.000315789 0.0014406 0.00224662 0.00135113 98.709 0.739098 492.396 
0.0136637 0.073006 -0.00735056 0.00181124 0.00237678 0.000898876 147.282 0.759551 490.614 
0.010706 0.0699396 -0.00952537 0.00166119 0.00173731 0.00145373 244.475 0.790299 488.829 
-0.0131836 0.070977 -0.00792045 0.00139777 0.00152193 0.00139108 243.662 0.779926 486.963 
-0.0227896 0.0773348 -0.00451556 0.00160296 0.00194963 0.00183111 388.375 0.725926 485.154 
0.00524059 0.0734133 -0.00706052 0.00139483 0.00308044 0.0016952 483.635 0.758672 483.367 
0.0207581 0.0666206 -0.0105103 0.000986029 0.00360882 0.000801471 481.834 0.807353 481.621 
0.0122198 0.0678117 -0.0123773 0.00165495 0.00201685 0.0022293 336.042 0.791209 479.896 
-0.00167445 0.0679562 -0.0120533 0.00333577 0.00179708 0.00387956 95.7234 0.762774 478.099 
-0.00148727 0.0758116 -0.0191302 0.00265309 0.00246109 -0.00282182 143.062 0.724364 476.343 
0.0078971 0.0579109 -0.0239942 -0.00494275 0.0037942 -0.0126609 237.518 0.739855 474.633 
-0.0219415 0.0547271 -0.0130347 -0.00408664 0.00693935 -0.0178455 94.7971 0.846209 472.884 
-0.0542727 0.0499137 -0.00181871 0.00294317 0.00595324 -0.0165324 0.282734 0.957554 471.16 
-0.0599964 0.0327634 -0.000429391 0.00224301 0.00335484 -0.00635842 0.440143 1.03799 469.458 
-0.0597864 0.0283271 -0.0101564 0.00193214 0.00276571 0.00125643 0.57 1.01286 467.75 
-0.0588534 0.0207601 -0.012731 0.00236157 0.00252527 -0.00258861 0.660498 0.915302 466.05 
-0.0680142 0.0253333 -0.0091922 0.0029 0.00257872 -0.00550709 0.673759 0.893617 464.387 
-0.0752975 0.0244714 -0.0052311 0.00277951 0.00170813 -0.000530035 0.676325 0.957597 462.734 
-0.0693775 0.020131 -0.00362183 0.00158662 0.00105493 0.00288592 0.792254 1.00211 461.061 
-0.0690547 0.0153382 -0.00968632 0.00161404 0.00185193 0.00305123 0.887018 0.950175 459.398 
-0.0708119 0.0103874 -0.0136993 0.00202937 0.00171748 0.00221538 0.937762 0.911189 457.728 
-0.0682028 0.00923833 -0.0115617 0.00103066 0.000625087 0.0012669 0.962369 0.930314 456.089 
-0.0672924 0.0137764 -0.0112701 0.000604861 0.000489583 0.00118958 0.968056 0.938889 454.507 
-0.0642574 0.0176637 -0.01291 0.000915571 0.000467128 0.000946021 0.97301 0.930104 452.954 
-0.0629221 0.0178145 -0.0137641 0.000649655 0.00038 0.000227586 0.972414 0.911724 451.408 
-0.0643973 0.0160007 -0.0133849 0.000351203 0.000401375 0.000265979 0.964948 0.900344 449.871 
-0.0655226 0.0144199 -0.0129459 0.000230137 0.000392466 0.000271233 0.960959 0.895205 448.342 
-0.0641031 0.0147167 -0.0135311 0.000259386 0.00036041 0.000125597 0.96314 0.890785 446.803 
-0.0635374 0.0147224 -0.0134816 0.00027619 0.000320408 0.000189116 0.962585 0.891837 445.251 
-0.0637885 0.014118 -0.0135417 0.000176949 0.000210169 0.000147119 0.957288 0.893559 443.711 
-0.0634115 0.0143946 -0.0142574 0.00017027 0.000190541 5.2027e-05 0.972973 0.87973 442.191 
-0.0426418 0.0289071 -0.010404 0.000344108 0.000679461 0.000230303 0.744781 0.821549 440.77 
-0.014345 0.0643671 -0.00461544 0.00115369 0.00135235 0.00127248 44.2832 0.777181 439.435 
-0.0154763 0.0741177 -0.00392575 0.00142207 0.00141003 0.00175786 219.255 0.691639 438.051 
-0.0122787 0.0647327 -0.003558 0.002026 0.00139267 0.00129467 174.89 0.654 436.571 
0.00680797 0.0634983 -0.00234419 0.0021814 0.00169568 0.00135482 0.179402 0.677741 435.09 
0.0102411 0.0573013 -0.00309272 0.00215828 0.00190927 0.00123974 43.5503 0.678808 433.68 
-0.00517492 0.0610805 -0.00759274 0.00189043 0.00172409 0.00122178 216.374 0.749175 432.31 
-0.0202803 0.0688941 -0.0119664 0.00116053 0.00152632 0.00120855 172.567 0.763158 430.828 
-0.0105069 0.0553246 -0.0132807 0.00209246 0.00155803 0.00136656 0.169836 0.71541 429.345 
0.0101065 0.0549889 -0.00959542 0.00192288 0.00180523 0.00157974 0.185621 0.682353 427.95 
0.0107134 0.0618678 -0.00216678 0.0010241 0.00184039 0.00119544 42.8189 0.65342 426.597 
-0.00418571 0.0633532 -0.00670519 0.00126818 0.00135909 0.00118506 212.79 0.669481 425.275 
-0.0124 0.0671016 -0.00868414 0.00146084 0.00102718 0.00109191 169.772 0.708091 423.854 
-0.000229032 0.0588632 -0.00316581 0.00110645 0.00120903 0.00106516 0.220645 0.699355 422.431 
0.0134082 0.0441146 -0.00423567 0.00122666 0.00137025 0.000929169 0.159691 0.54604 337.288 
0.00733999 0.0163091 -0.00277334 0.000734707 0.000641339 0.000275596 0.0405666 0.206697 126.485 
