-0.9698 10.5134 -0.6784 0.4691 -0.8741 0.2139 38.2 24 65447.2 
1.2158 6.70087 0.251667 0.290467 -0.157133 0.2222 20.9333 29.7333 43633.5 
0.98155 3.9608 -0.2418 0.13015 -0.288 0.1534 11.25 27.65 32728.6 
-0.48728 3.423 -0.84496 0.11016 -0.02476 0.06868 11.64 22.2 26181 
-1.13667 3.29173 -0.7745 0.0953 -0.1765 0.0629667 16.6333 19.5 21814.1 
-0.230286 2.90829 -0.240657 0.1332 -0.327571 0.0741429 14.4286 16.9429 18700.9 
0.420675 2.5921 0.052025 0.100675 -0.06055 0.07695 7.9 16.2 16367.3 
0.495733 1.98891 -0.136956 0.0400222 -0.0415111 0.0654667 4.51111 16.3333 14551.3 
-0.31428 1.8868 -0.36582 0.04796 -0.02492 0.03782 5.02 15.42 13097.5 
-0.658 1.97049 -0.282418 0.0507818 -0.127127 0.0342909 6.23636 13.3273 11906 
0.0192333 1.65128 -0.109283 0.0653167 -0.2303 0.0407667 5.35 12.35 10914.3 
0.340108 1.45431 -0.0308308 0.0521385 -0.0518769 0.0460308 3.78462 13.1077 10074.9 
0.356357 1.32123 -0.147271 0.0261143 -0.000828571 0.0401571 2810.54 12.4857 9355.63 
-0.109627 1.32823 -0.183013 0.03384 -0.0426 0.02208 3498.59 9.73333 8731.71 
-0.250538 1.36594 -0.111787 0.0439 -0.0474625 0.0217625 826.375 9.625 8185.25 
0.135353 1.19359 -0.0855176 0.0398824 -0.0632353 0.0288235 4.81176 9.77647 7705.42 
0.262744 1.03351 -0.0187 0.0258667 -0.0468 0.0308889 2.5 7.83333 7279.5 
-0.0601368 0.997632 -0.0985684 0.0206211 -0.00738947 0.0259684 4.94737 7.26316 6896.84 
-0.31448 0.97394 -0.19013 0.02796 -0.02035 0.01501 5.75 6.85 6551.55 
-0.1452 0.954676 -0.141343 0.0379048 -0.0607619 0.017181 3.95238 5 6240.33 
0.151518 0.855191 -0.0886727 0.0347727 -0.0655909 0.0287545 2.13636 4.68182 2979.32 
0.245026 0.706052 -0.0355217 0.0223739 -0.0546087 0.0269739 2849.3 6.17391 1.91304 
0.0861583 0.794225 -0.074225 0.0166417 0.0101667 0.0196833 2731.54 6.45833 2730.88 
-0.13912 0.818824 -0.158368 0.021448 -0.016208 0.012392 3.6 6 2620.8 
-0.133523 0.775085 -0.107454 0.0305308 -0.0633846 0.0114615 2.57692 4.88462 2520.81 
0.106533 0.688681 0.00477037 0.0270296 -0.0218593 0.0217704 1.74074 4.33333 2427.15 
0.174443 0.587014 0.0525643 0.01885 -0.0287143 0.0213286 1.46429 4.03571 0.607143 
-0.0413034 0.654648 -0.0883862 0.0134069 -0.0036 0.0128828 1.44828 3.58621 1.58621 
-0.213353 0.64388 -0.211747 0.01538 -0.0143267 0.01004 2.2 3.93333 2184.87 
-0.0576065 0.623219 -0.0849613 0.0284774 -0.0386452 0.0115032 2.48387 3.77419 4227.26 
0.128231 0.588531 0.00098125 0.0251563 -0.002175 0.0154125 1.5625 2.75 2047.94 
0.134218 0.556067 -0.00977576 0.0120485 -0.0126485 0.0157273 0.575758 2.09091 1985.79 
-0.0872941 0.580288 -0.0781471 0.0116882 0.00472353 0.0100471 1927.59 1.82353 3854.59 
-0.21048 0.573834 -0.105794 0.0125429 -0.0291029 0.00792571 3744.51 1873.09 1872.69 
-0.0443333 0.558778 -0.0398667 0.0150889 -0.0487222 0.0110778 1821.64 3640.58 1820.64 
0.0726919 0.524184 0.00254595 0.0155784 -0.0222378 0.0153838 1.54054 1771.92 1771.65 
0.0537211 0.484532 -0.0165105 0.00796316 -0.0403053 0.0163 0.921053 1.39474 1.07895 
-0.105482 0.419764 -0.102662 0.00697436 0.00101026 0.00973846 1.94872 1680.97 1680.36 
-0.183945 0.38587 -0.096555 0.013475 -0.010135 0.00672 2.05 1638.85 1637.95 
-0.0563951 0.494044 -0.0115463 0.022478 -0.0442683 0.0100195 2.07317 0.512195 1597.39 
0.0649905 0.550914 0.0409476 0.0196143 -0.0114238 0.0135667 1561.26 0.547619 3119.5 
0.0482837 0.485902 0.00892558 0.00897674 9.30233e-05 0.0138186 1523.79 0.674419 3047 
-0.103291 0.454368 -0.0454182 0.01035 0.00920455 0.00794091 1.11364 1489.39 2977.52 
-0.12688 0.421942 -0.0311067 0.0125689 -0.0275022 0.00649778 1.93333 2912.29 2911.22 
0.00145217 0.446191 0.0076087 0.0164174 -0.053613 0.0115174 1.43478 1424.77 2847.35 
0.0457319 0.452881 0.013966 0.0148638 -0.0314979 0.0125915 1.31489 0.531915 2786.46 
-0.0146958 0.375008 -0.0245042 0.00927083 -0.00966667 0.0111333 1.12917 0.404167 2728.49 
-0.0980245 0.388318 -0.0550816 0.0134898 0.00372245 0.00658367 1.42449 0.322449 2672.38 
-0.078776 0.419596 -0.04864 0.015112 -0.021032 0.005864 2.16 262.624 2618.59 
0.0308941 0.380337 -0.0324549 0.0150039 -0.0361647 0.0116392 1.54902 1285.29 2567.95 
0.0906462 0.332119 -0.0230462 0.0109731 -0.0228385 0.0120731 0.992308 1008.68 2518.52 
-0.0217434 0.351343 -0.045434 0.00900755 0.00457358 0.00738868 1.51321 0.909434 2470.28 
-0.130804 0.352881 -0.0769926 0.0143519 -0.0111852 0.00496296 1.85926 486.326 2424.04 
-0.0759782 0.351956 -0.0531745 0.0177418 -0.0321164 0.00881455 1.38182 1192.4 2380.31 
0.0211 0.353379 -0.0137071 0.0150071 -0.0181036 0.0147679 1.05 703.807 2337.91 
0.0676421 0.313572 -0.0102912 0.00824211 -0.0144351 0.0129509 1.18947 2.24211 2296.48 
-0.0358276 0.336879 -0.0462103 0.00827931 0.00495517 0.00653448 1.15862 1.9931 2256.79 
-0.116912 0.326936 -0.0719356 0.0119729 -0.0178203 0.00539322 1.42712 1.94237 2218.53 
-0.0181433 0.312113 -0.0478 0.0165 -0.0304567 0.00781 1.73667 1.99 2181.81 
0.0654295 0.311341 -0.00699344 0.014 -0.0133246 0.0111213 1.45574 1.94754 2146.71 
0.0600097 0.322652 0.00826129 0.00556129 -0.0251032 0.00956774 1.10968 2.2129 2112.66 
-0.0452603 0.341714 -0.0325524 0.00649524 -0.00965079 0.00513968 1.11746 2.40635 2079.36 
-0.0878844 0.329781 -0.0490094 0.00929687 -0.0241063 0.00675 1.2125 2.4875 2046.78 
0.0179354 0.317625 -0.0248615 0.0144431 -0.0344738 0.00864615 0.916923 2.83077 2015.22 
0.0699939 0.300842 0.00200909 0.0132273 -0.00538182 0.0103667 0.660606 3.04242 1984.74 
0.0716149 0.276504 -0.0190716 0.00627761 -0.00546567 0.00918507 0.841791 3.07463 1954.76 
-0.0203794 0.269338 -0.0435088 0.00780882 -0.00287647 0.00467059 1.02059 2.96176 1925.91 
-0.0637942 0.258872 -0.0359739 0.00807536 -0.0210377 0.00578261 1.31304 2.8087 1898.33 
0.0129543 0.257823 -0.0418114 0.01228 -0.03114 0.00656857 1.45143 2.66857 1871.33 
0.0368085 0.28553 -0.0135211 0.011138 0.000726761 0.00869296 1.21127 2.75493 1476.1 
0.0183472 0.281506 -0.0180639 0.00661389 0.00413056 0.00909722 1.075 2.81389 546.025 
-0.0622 0.250666 -0.0556219 0.00767671 -0.0135178 0.00409863 1.12329 2.56438 359.162 
-0.0765595 0.243232 -0.0432568 0.00747027 -0.0331784 0.00400541 1.11351 2.32973 1239.49 
0.0212587 0.258173 -0.011952 0.01052 -0.0289147 0.00547733 0.896 2.34667 1397.67 
0.0500895 0.266305 0.00543421 0.0106053 -0.000723684 0.00746316 0.671053 2.48158 862.208 
-0.00869351 0.241553 -0.0285039 0.0074 0.00921299 0.0072026 0.714286 2.47013 1191.26 
-0.0565205 0.248097 -0.0588 0.00814359 -0.00543333 0.00330256 1.15641 2.37179 1175.87 
-0.0362532 0.275499 -0.0403544 0.00641266 -0.0176835 0.00442278 1.31392 2.42785 331.785 
0.0308225 0.253143 -0.0116275 0.00665 -0.0150475 0.0074875 0.795 2.285 0.445 
0.0551358 0.221479 0.00356543 0.00747901 -0.0107062 0.00694321 0.249383 1.77531 0.85679 
0.00367561 0.247078 -0.013922 0.00581707 0.00368049 0.0048 0.231707 1.50976 0.943902 
-0.0563398 0.26319 -0.0426313 0.00723133 -0.00491807 0.00382651 0.816867 1.58313 474.253 
-0.0269714 0.240757 -0.0253452 0.0121857 -0.014669 0.00425476 1.09048 1.41429 624.243 
0.0405953 0.217558 0.00823765 0.0114659 -0.0106682 0.00641647 0.557647 1.16 154.365 
0.052286 0.213577 0.00104884 0.00466279 -0.0186395 0.00687907 0.590698 1.04651 609.712 
-0.0387494 0.224851 -0.0334138 0.00498851 -0.00217471 0.00432644 0.825287 0.977011 753.294 
-0.0945909 0.214423 -0.0472432 0.00622955 -0.0116295 0.0036 0.481818 0.809091 149.255 
-0.0276 0.229847 -0.0197978 0.00686292 -0.021409 0.00446742 0.4 0.692135 589.308 
0.0212 0.229909 0.00187111 0.00669556 -0.0108511 0.00574667 0.426667 0.782222 728.151 
0.0199912 0.231497 0.00137582 0.0038 -0.0147209 0.00624835 0.287912 0.714286 720.187 
-0.0325696 0.233422 -0.017737 0.00434565 0.00277826 0.00426087 0.623913 0.571739 1281.76 
-0.0661548 0.199639 -0.0309677 0.00702581 -0.00615699 0.00355699 1.10538 0.468817 1408.4 
-0.0178191 0.203315 -0.0208809 0.0106106 -0.0207447 0.00535319 0.817021 557.911 836.026 
0.0329032 0.217926 0.00240632 0.00836842 -0.00494316 0.00706316 552.126 689.886 689.537 
0.022475 0.222573 0.00351667 0.00328125 -0.00490833 0.00651458 683.092 136.738 1228.45 
-0.0304577 0.2202 -0.0194062 0.00512577 -0.00495876 0.00368866 135.753 0.329897 1350.8 
-0.0406857 0.195684 -0.00984898 0.00618163 -0.0160694 0.00279796 0.595918 0.273469 1336.81 
0.00553131 0.188281 -0.0018202 0.00859192 -0.0181717 0.00440202 0.470707 529.634 1323.14 
0.029594 0.194242 -0.005108 0.008104 -0.013068 0.00565 0.12 1179.6 1309.82 
0.00150891 0.199958 0.00159802 0.00430297 -0.0139683 0.0060198 0.166337 778.602 1296.74 
-0.0484235 0.19158 -0.0228098 0.0061549 -0.00373137 0.00379412 0.572549 642.439 1283.61 
-0.0414874 0.177472 -0.0282699 0.0070233 -0.0127029 0.0034 0.605825 1145.08 1271.13 
0.00275385 0.184996 -0.00896538 0.00788077 -0.0166808 0.0061 0.278846 756.067 1259.33 
0.0265333 0.19035 -0.00162286 0.00671619 -0.0159981 0.00642667 0.184762 124.989 1247.18 
0.0046 0.175443 -0.0136642 0.00430943 -0.00842264 0.00506792 0.216981 0.315094 1235.05 
-0.045985 0.177095 -0.0345383 0.00545981 -0.00404112 0.00316822 0.523364 0.306542 1223.59 
-0.03525 0.204774 -0.0242444 0.00750741 -0.0116667 0.00333889 0.616667 0.487037 1212.14 
0.0198257 0.192301 -0.00431743 0.00724954 -0.013044 0.00663853 0.743119 0.816514 1200.93 
0.0393218 0.150905 0.00186364 0.00423636 -0.0146182 0.00689636 0.809091 0.9 1190.25 
0.000414414 0.159688 -0.0143784 0.00379459 -0.00105045 0.00393153 0.720721 0.756757 1179.64 
-0.0439714 0.18978 -0.0318786 0.00595357 -0.00873036 0.00294286 0.75 0.839286 1169.04 
-0.0208283 0.191912 -0.0174248 0.00841239 -0.0198814 0.00418584 0.750442 1.00885 1158.55 
0.0224386 0.177393 -0.000550877 0.00610351 -0.00798421 0.00629123 0.708772 0.814035 1148.27 
0.00441913 0.162301 -0.0197183 0.00330783 -0.00456522 0.00534783 0.507826 0.890435 1138.14 
-0.0508121 0.154898 -0.0432069 0.00502069 -0.00662931 0.00251897 0.453448 1.0431 1128.25 
-0.0515128 0.16365 -0.0346034 0.00269573 -0.0157197 0.00322564 0.562393 0.859829 1118.77 
0.0133068 0.166359 -0.0258695 0.00322034 -0.0156407 0.00446949 0.684746 0.864407 1109.53 
0.0379714 0.164271 -0.0141059 0.00553277 -0.00708403 0.00495798 0.623529 1.15462 1100.45 
0.00742333 0.161793 -0.0116017 0.00425333 -0.00099 0.00455 0.611667 1.345 1091.44 
-0.0380231 0.145114 -0.0337223 0.00584793 -0.00353884 0.00218512 0.636364 1.45289 1082.4 
-0.0329852 0.156005 -0.0297672 0.00748197 -0.0155918 0.00291639 0.462295 1.47869 1073.45 
0.0208797 0.166306 -0.00561626 0.00703089 -0.0110813 0.0048065 0.291057 1.25366 1064.67 
0.0343258 0.164987 0.00644194 0.00475 -0.00690806 0.00513548 0.337097 1.27581 1056.07 
-0.0037616 0.176344 -0.00332 0.003728 -0.0043584 0.003824 0.4768 1.4784 1047.72 
-0.0496905 0.160102 -0.0339381 0.00535714 -0.00385873 0.00179206 0.368254 1.39048 1039.76 
-0.024885 0.175014 -0.0197228 0.00386929 -0.0111417 0.00287874 0.237795 1.32756 1031.78 
0.0273969 0.170983 0.00579531 0.00329219 -0.00946719 0.00503281 0.439062 1.49844 1023.58 
0.0364946 0.137758 0.00431318 0.00464496 -0.00706512 0.00466822 0.596899 1.52403 1015.5 
0.0179108 0.131309 -0.0235323 0.00336923 0.00297846 0.00297077 0.515385 1.37385 1007.68 
-0.0199069 0.132759 -0.0391237 0.00392977 -0.00625649 0.00223359 0.51145 1.36641 1000.05 
-0.0153818 0.152623 -0.00950455 0.00694394 -0.0163788 0.00260455 0.469697 1.16364 694.812 
0.0249203 0.152782 0.00485564 0.00646316 -0.00081203 0.0044812 0.303759 0.845113 197.173 
0.0360672 0.144764 -0.00501642 0.0035 3.43284e-05 0.00469403 0.344776 0.870149 0.267164 
-0.00895556 0.160071 -0.0187022 0.00482815 -0.00159259 0.00253185 0.364444 0.90963 388.412 
-0.0334971 0.158743 -0.0204985 0.00540147 -0.01135 0.00276765 0.270588 0.844118 481.865 
0.0117577 0.142064 -0.0090219 0.00311387 -0.0167752 0.00329635 0.316788 0.79562 478.372 
0.027958 0.149328 0.00458986 0.00265362 -0.00303478 0.00361304 0.292754 0.765217 854.606 
0.00921151 0.139902 -0.0147856 0.00367338 -0.000738129 0.00337698 0.130935 0.743885 942.755 
-0.0225543 0.119911 -0.03554 0.00435143 -0.00236 0.00186714 0.127143 0.507143 561.681 
-0.0316709 0.116755 -0.0298142 0.0043844 -0.00937872 0.00256312 0.253901 0.202837 464.801 
0.00331127 0.132831 -0.0168451 0.00562958 -0.00955915 0.00336479 0.326761 0.0957746 830.673 
0.023214 0.144241 -0.00606014 0.0049986 -0.00633287 0.00367552 0.229371 0.201399 550.076 
0.0107708 0.130643 -0.00990556 0.00284444 -0.00375694 0.00366667 0.268056 0.273611 91.3069 
-0.019549 0.130567 -0.0224441 0.00298621 -0.00352828 0.00230069 0.464828 0.133793 0.205517 
-0.0104726 0.14176 -0.0172178 0.00536712 -0.0095 0.00205205 0.482192 448.827 448.929 
0.0195102 0.138687 -0.000231293 0.00609116 -0.0100789 0.00378639 0.421769 445.796 891.565 
0.0215311 0.120753 -0.00151081 0.00337838 -0.0139122 0.00399459 442.973 442.838 885.351 
-0.0082094 0.134282 -0.0189221 0.00242148 -0.00374631 0.00269128 439.966 439.872 879.148 
-0.0380293 0.146293 -0.026596 0.00362133 -0.002624 0.001912 0.546667 0.0533333 873.373 
-0.0209113 0.120679 -0.0224026 0.00342119 -0.00811391 0.00218013 0.682119 433.887 867.53 
0.0138763 0.10843 -0.0122197 0.00315 -0.00358421 0.00422895 0.460526 862.145 861.816 
0.0244784 0.114009 -0.0138667 0.00278562 -0.0026 0.00408758 0.371242 770.97 856.311 
-0.0269247 0.129417 -0.0232779 0.00296623 0.00195844 0.00201688 0.419481 340.547 850.635 
-0.0513819 0.12793 -0.0206748 0.00379226 -0.00841935 0.00187097 0.516129 0.330323 844.926 
0.00141667 0.122236 -0.00665897 0.00596282 -0.0135705 0.00293205 84.4949 0.338462 839.41 
0.0296382 0.121763 0.0032293 0.00586879 -0.00236306 0.00365223 417.633 0.142675 834.171 
0.0160772 0.126684 -0.000139241 0.00233418 -0.00279241 0.0035038 332.029 0.13038 828.644 
-0.0227497 0.13442 -0.00689182 0.00251572 -0.00090566 0.0022239 0.315723 0.245283 823.199 
-0.0274537 0.12444 -0.00983125 0.0033025 -0.0071725 0.001975 0.18 0.215 818.178 
0.00535404 0.124123 -0.00659627 0.00558261 -0.0131019 0.00322609 81.5081 0.0993789 813.25 
0.0154728 0.127368 -0.000646914 0.00513457 -0.00228395 0.00382716 404.52 0.149383 808.322 
0.0119583 0.127874 -0.000634356 0.00198528 -0.000559509 0.00341595 321.639 0.373006 803.433 
-0.0190659 0.115554 -0.0179293 0.0029939 -0.00381463 0.00198049 0.237805 0.447561 798.596 
-0.0311188 0.105495 -0.0187733 0.00366303 -0.0126376 0.00197818 0.355152 0.398788 793.686 
0.00554096 0.122628 -0.00422169 0.00519036 -0.0132675 0.00312048 0.53253 0.496386 788.6 
0.0239222 0.123966 0.00374611 0.0047018 -0.00292575 0.00349701 0.445509 0.665868 783.727 
0.000666667 0.11276 -0.000345238 0.00250238 0.00128452 0.00289762 0.190476 0.72619 779.195 
-0.0326284 0.109776 -0.0219231 0.00388284 -0.00305444 0.00161893 0.204734 0.607101 774.695 
-0.0237494 0.111442 -0.0191847 0.00287176 -0.00852824 0.00240471 0.248235 0.554118 770.187 
0.0171275 0.105764 -0.0062386 0.00202807 -0.0071731 0.00416842 0.209357 0.68655 765.695 
0.0334093 0.100485 -0.00469884 0.00269302 -0.00718256 0.00374884 0.211628 0.876744 761.163 
0.00471908 0.0956925 -0.019326 0.00283237 -0.00148902 0.00276879 0.37341 1.00694 756.718 
-0.0321333 0.10086 -0.0288862 0.00334598 -0.00142299 0.00175287 0.554023 1.01379 752.386 
-0.0138034 0.114977 -0.0101463 0.00442971 -0.00949143 0.00192343 0.545143 0.988571 748.179 
0.020358 0.109633 -0.000404545 0.00464545 -0.00756023 0.00343409 0.307955 0.894318 744.165 
0.0238102 0.0999209 0.00222486 0.00294237 -0.00874689 0.0032904 0.179661 0.80791 740.139 
-0.00484157 0.116636 -0.00439326 0.00280899 -0.00333483 0.00240225 0.351685 0.821348 735.891 
-0.0369173 0.121783 -0.0213609 0.00367374 -0.0035743 0.00178883 0.41676 0.856983 731.728 
-0.0205422 0.110684 -0.0166011 0.00520222 -0.00992444 0.00226 0.25 0.921111 727.91 
0.0165801 0.111385 -0.00177459 0.00492155 -0.0034232 0.00381547 144.998 1.03094 579.208 
0.0265099 0.103211 0.00630549 0.00311209 -0.00243297 0.00355055 360.275 1.03516 216.02 
-0.000948634 0.109459 -0.00714973 0.00259781 0.00101639 0.00201749 215.226 0.926776 143.263 
-0.027813 0.109376 -0.0250554 0.00305435 -0.00538913 0.00182283 0.492391 0.959783 498.54 
-0.00569514 0.109363 -0.0131632 0.00522811 -0.0113535 0.00238162 0.407568 1.07568 708.362 
0.0271355 0.112309 0.000848387 0.0047957 -0.00260108 0.00313548 0.273118 1.0086 704.611 
0.0244471 0.108636 5.5615e-05 0.00265027 -0.0022 0.0031861 0.254545 0.894118 700.845 
-0.0113447 0.104617 -0.019133 0.00272872 0.000981915 0.00198617 0.318085 0.860638 557.739 
-0.0355365 0.0953344 -0.0278497 0.00300212 -0.00572804 0.0016328 0.299471 0.741799 208.196 
-0.0147358 0.102612 -0.0133937 0.00294526 -0.0100611 0.00217895 0.218947 0.616842 0.229474 
0.0169141 0.104825 -0.00135079 0.00279791 -0.000937173 0.00311204 0.139267 0.581152 0.32356 
0.0274896 0.0973302 -0.00413333 0.00226771 -0.00437396 0.003275 0.161458 0.630208 0.430208 
-0.0137979 0.0939793 -0.0135648 0.00298135 -0.00303938 0.00181658 0.255959 0.61658 0.440415 
-0.0364392 0.100804 -0.0120845 0.00342062 -0.00736392 0.00150412 0.281443 0.545361 0.370103 
-0.00100103 0.111008 -0.00126256 0.00489641 -0.0116831 0.00236513 0.246154 0.492308 0.217436 
0.0172969 0.108012 0.00575204 0.00471531 -0.00425102 0.00283571 0.246939 0.357143 133.859 
0.00771675 0.0971766 -0.0033198 0.00204975 -0.00426396 0.00276244 0.252792 0.220305 465.739 
-0.0226919 0.097196 -0.0128737 0.00289394 -0.00162929 0.00179293 0.332323 0.19899 661.862 
-0.0268412 0.0961276 -0.0131618 0.00323518 -0.00728543 0.00181608 0.41206 0.205025 658.525 
-0.000462 0.092417 -0.009354 0.00263 -0.009453 0.00272 0.327 0.123 655.291 
0.00979602 0.0974219 -0.00167264 0.00258607 -0.00424179 0.00300498 0.276617 0.0915423 652.03 
0.00497624 0.0961851 -0.00890099 0.00215644 -0.00453762 0.00303762 0.255446 0.194059 648.715 
-0.0176315 0.0905823 -0.0201744 0.00271034 -0.00234778 0.0019399 0.197044 0.293596 645.444 
-0.0222049 0.0854657 -0.0195824 0.00322451 -0.00699608 0.00157745 0.208824 0.287255 642.187 
0.00392585 0.0936537 -0.00778146 0.00446537 -0.00867122 0.00274829 128.058 128.044 639.041 
0.0134961 0.0906136 -0.00231456 0.00418641 -0.00637282 0.00312816 318.218 445.415 636.073 
0.00311014 0.092085 -0.00713623 0.00205411 -0.00479227 0.00295652 190.119 633.157 633.025 
-0.0164038 0.100117 -0.0115125 0.00258558 -0.00205192 0.00183462 0.229808 630.076 629.868 
-0.0222967 0.0918172 -0.0108258 0.00348995 -0.00637416 0.00164306 0.197129 501.669 626.808 
0.000444762 0.090101 -0.00285333 0.00396095 -0.00601905 0.0031581 125.027 187.383 623.756 
0.0148057 0.087818 1.61137e-05 0.00316682 -0.00409763 0.00334502 310.661 124.407 620.71 
-0.00178019 0.0862783 -0.0061 0.00214528 -0.00310377 0.00251792 185.56 432.791 617.721 
-0.0297878 0.0825033 -0.0204451 0.00317089 -0.00275399 0.00145446 0.276995 492.307 614.79 
-0.0219355 0.0913318 -0.016728 0.00404766 -0.00885888 0.00192523 0.308411 306.37 611.921 
0.0103219 0.0903284 -0.00369674 0.00371349 -0.00806512 0.00338605 0.225116 304.882 609.033 
0.0234537 0.0840685 -0.000497222 0.00271759 -0.00601296 0.00316852 0.161111 182.154 606.178 
0.00630046 0.0912618 -0.00412074 0.00252719 -0.00128111 0.0022129 0.139171 0.229493 603.367 
-0.0250844 0.0871752 -0.0177367 0.00328257 -0.00308991 0.00129633 0.270642 0.180734 600.483 
-0.016389 0.0917489 -0.0108849 0.00423014 -0.00877443 0.0018621 0.417352 0.16895 597.707 
0.00854364 0.09434 0.00481364 0.00406545 -0.00730364 0.00353727 0.290909 0.258182 595.075 
0.0144507 0.0923964 0.00559276 0.00243167 -0.00938643 0.00311674 0.140271 0.341176 592.45 
-0.00697838 0.0957261 -0.00795946 0.00204595 -0.00332973 0.00167027 0.213514 0.400901 589.702 
-0.0313955 0.088809 -0.0234269 0.00304933 -0.00346188 0.00121614 0.333632 0.473543 586.9 
-0.0151187 0.0918723 -0.00931786 0.00238393 -0.00861161 0.00208214 0.292857 0.451786 584.361 
0.0110089 0.0907618 0.00217867 0.001728 -0.00516889 0.00333956 0.201778 0.450667 581.919 
0.0223681 0.0787062 0.00112566 0.00194159 -0.00566372 0.00272301 116.153 0.576106 579.316 
-0.00195595 0.0823145 -0.00772775 0.00201057 -0.00118855 0.00131454 288.805 0.660793 576.731 
-0.0311579 0.0778991 -0.0212667 0.00293947 -0.00528246 0.00136404 172.604 0.666667 574.237 
-0.0137004 0.0766445 -0.0113004 0.00342707 -0.00580611 0.00261921 0.238428 0.724017 571.807 
0.00611826 0.0837 -0.0101739 0.00277043 -0.000828696 0.00250348 0.198261 0.78087 569.421 
-0.0127827 0.0829515 -0.0199697 0.00276104 -0.00155671 0.00121039 0.124675 0.697835 567.027 
-0.0167474 0.0858966 -0.0131069 0.0025931 -0.00723017 0.00195172 169.547 0.589655 564.693 
0.0109897 0.0882034 -0.00784807 0.00186094 -0.012176 0.00262747 281.291 0.564807 562.338 
0.0227128 0.0861239 -0.0039547 0.00165897 -0.00407094 0.00236154 112.098 0.657265 391.982 
0.00343489 0.0750511 -0.00786638 0.00209532 0.000613617 0.00214468 0.0970213 0.709787 334.603 
-0.0167373 0.0778754 -0.00904068 0.00250763 -0.00288305 0.00128136 0.147458 0.608475 277.678 
-0.00858987 0.0887097 -0.00136456 0.00271392 -0.00616118 0.00136287 0.231224 0.678481 276.435 
0.0107361 0.0858748 -0.00144202 0.00292941 -0.00268992 0.00191345 0.190756 0.792437 275.266 
0.0159925 0.0823322 -0.000574059 0.00247866 -7.78243e-05 0.00205523 0.148954 0.697908 274.131 
0.0055925 0.0744467 -0.0097775 0.00222417 0.00138833 0.001915 0.215 0.6 491.312 
-0.01761 0.0763602 -0.0186755 0.00280581 -0.00417012 0.00144232 0.286307 0.606639 543.609 
-0.0122959 0.0882248 -0.00868099 0.00219421 -0.00865207 0.00176364 0.210744 0.582645 541.475 
0.010144 0.0812313 -0.000233745 0.00189959 -0.00339753 0.00289136 269.686 0.516049 485.446 
0.0156352 0.068718 -0.00847623 0.00215492 -0.00260164 0.00258443 483.393 0.510656 214.978 
-0.00815102 0.0776212 -0.0129404 0.00205061 0.000441633 0.00121143 214.037 0.466122 53.6596 
-0.0272667 0.0881106 -0.00662195 0.00250407 -0.00418943 0.00132276 0.185366 0.380488 319.652 
0.00158947 0.0810769 -0.00703158 0.00285668 -0.010719 0.00205182 0.249393 0.356275 424.385 
0.0182653 0.0781556 -0.00499516 0.0024371 -0.00814194 0.00244597 0.185484 0.341935 264.211 
0.00563052 0.0786402 -0.00580161 0.00159839 -0.00351406 0.00222731 0.22008 0.257028 368.39 
-0.01482 0.0761808 -0.01244 0.0020968 -8.88e-05 0.0010872 0.2936 0.1496 419.326 
-0.0133705 0.0820717 -0.00711793 0.00272988 -0.00553466 0.00130677 0.266135 0.0844622 156.69 
0.0113476 0.0729714 -0.00806667 0.00156984 -0.0065619 0.00212222 104.221 0.102381 0.129365 
0.0181462 0.0688126 -0.00589249 0.00108933 -0.00499289 0.00208538 259.081 0.134387 103.766 
0.00454094 0.0728504 -0.00632362 0.00181732 -0.00227087 0.00209685 154.852 0.16063 258.099 
-0.0171584 0.0740125 -0.0139992 0.00193569 -0.00170275 0.00140627 0.260392 0.144314 257.012 
-0.0192516 0.0851773 -0.00682031 0.00275703 -0.00536328 0.00135234 0.436719 102.485 358.301 
0.00545525 0.0791782 0.000897276 0.00323891 -0.00318521 0.00231907 102.363 255.022 509.814 
0.018362 0.0708829 0.00299225 0.00246279 -0.00494186 0.00228992 254.119 253.993 507.857 
0.00202162 0.0766819 -0.00273977 0.00155753 -0.00388571 0.00181931 151.862 253.006 505.866 
-0.0185577 0.0742946 -0.0106546 0.00186154 -0.00175 0.00126769 0.172308 151.222 503.855 
-0.0163195 0.0730046 -0.0146582 0.00299923 -0.00513793 0.00144904 0.301916 100.412 501.914 
0.00253588 0.0778099 -0.00600763 0.00315573 -0.00591908 0.00261298 0.299237 350.098 500.018 
0.014597 0.0681278 0.00305323 0.0020616 -0.00642662 0.00256198 149.635 348.792 498.128 
-0.00135455 0.0696341 -0.00644697 0.00109697 -0.000950758 0.00167955 248.314 99.3106 496.161 
-0.0220045 0.0842355 -0.0108075 0.00151623 -0.00166642 0.00131094 99.1653 148.349 494.186 
-0.0109421 0.0802383 -0.00263459 0.00309023 -0.00411579 0.0015782 0.293233 246.334 492.322 
0.00977079 0.0766502 0.0030412 0.00292135 -5.54307e-05 0.00227191 147.41 98.2674 490.504 
0.0168179 0.0737963 -0.000454478 0.00147015 -0.00295672 0.00226493 244.591 0.141791 488.646 
-0.00270335 0.0710825 -0.0105383 0.00114647 -0.00124833 0.00152937 97.5636 0.149442 486.746 
-0.0246244 0.0747881 -0.0130556 0.00165259 -0.00363037 0.00124593 0.207407 0.201481 484.871 
-0.0110797 0.0761756 -0.00704797 0.00334613 -0.0074214 0.00179705 0.216974 0.197786 483.085 
0.0126588 0.0751978 -0.000426471 0.00293603 -0.00160956 0.00244706 0.152206 0.183088 481.418 
0.016367 0.0716864 -0.00114579 0.00129597 -0.00129011 0.00227179 0.131868 0.232967 479.738 
-0.0134511 0.0709058 -0.0134 0.00122774 0.000787591 0.00145912 0.138686 0.267153 477.912 
-0.0229498 0.0723149 -0.0127622 0.00150982 -0.00306327 0.00123418 0.149091 0.236364 476.105 
0.00391014 0.0724652 -0.00346739 0.0032 -0.00548841 0.00146232 0.157971 0.237681 474.41 
0.0155047 0.0699343 -0.000613718 0.00315523 0.000381949 0.00202383 0.141516 0.348014 472.657 
0.0166863 0.0674942 -0.00255396 0.00147338 -0.0013705 0.00198417 141.505 0.457554 470.927 
-0.00691254 0.0703269 -0.00785305 0.00157348 -0.00203584 0.00117563 234.932 0.414337 469.265 
-0.02246 0.0749929 -0.00541214 0.00198357 -0.00585429 0.00134643 93.7243 0.317143 467.54 
0.00193523 0.070168 -0.00406619 0.00309039 -0.00720925 0.00142064 0.0839858 0.331673 465.841 
0.0131525 0.068895 -0.00122766 0.00271631 0.000206383 0.00175106 0.124113 0.419149 464.211 
0.00298021 0.0677555 -0.00330459 0.00160212 0.00105795 0.0019265 0.202827 0.481272 462.672 
-0.0137007 0.0624458 -0.0120239 0.00187606 -0.0042331 0.00107535 0.219718 0.425352 461.186 
-0.0103979 0.0733481 -0.00637825 0.0026407 -0.00402386 0.00121333 0.161404 0.547368 459.579 
0.00942448 0.0731615 0.000213287 0.00286643 -0.00321399 0.00207902 0.0979021 0.713287 458.014 
0.0143199 0.0598892 0.000820209 0.00194007 -0.00412962 0.00205087 0.12892 0.665505 456.484 
0.00258264 0.0587014 -0.00967986 0.0017625 -0.000290972 0.00145972 0.125 0.590278 454.847 
-0.0133619 0.0619682 -0.0181446 0.00216401 -0.00389827 0.00102491 0.252595 0.564014 453.166 
-0.00913379 0.0699421 -0.00758207 0.00300897 -0.00658759 0.00122207 0.255172 0.565517 451.69 
0.0079622 0.0685512 -0.00100137 0.002789 -0.00173814 0.00210928 0.106529 0.580756 450.223 
0.0145329 0.0608411 0.000893151 0.00189384 -0.00291781 0.00220137 0.109589 0.582192 448.658 
0.000193857 0.0623235 -0.0082628 0.00169078 -0.000449147 0.00147031 0.204778 0.532423 447.208 
-0.0172891 0.0663803 -0.015798 0.00190272 -0.0015381 0.00106122 0.302721 0.438776 445.67 
-0.00607525 0.0667966 -0.00822508 0.00314034 -0.00555525 0.00131525 0.20339 0.494915 444.142 
0.0130169 0.0648453 -0.00188243 0.00281149 -0.00295946 0.00222973 0.128378 0.547297 442.669 
0.018229 0.0497226 -0.00569966 0.00147677 -0.00412323 0.00233805 220.724 0.508418 441.209 
-0.00254228 0.0515161 -0.0139792 0.00141275 -0.00309933 0.00112685 219.946 0.516779 439.725 
-0.0224589 0.0661612 -0.0123171 0.00184214 -0.00534181 0.000639465 0.180602 0.454849 219.151 
-0.00747133 0.0644067 -0.00389667 0.00298267 -0.00533867 0.0011 0.146667 0.473333 0.0933333 
0.00816877 0.0652897 0.00221595 0.00279601 0.000131561 0.00170631 0.0664452 0.425249 0.146179 
0.00537152 0.0684702 -0.00380464 0.00157152 -0.00276159 0.00184967 0.168874 0.301325 0.208609 
-0.0132238 0.0659426 -0.0108178 0.00163366 -0.00347195 0.00128515 0.236304 0.308911 43.402 
-0.0180289 0.061525 -0.00423947 0.00194803 -0.00562237 0.00133684 0.169737 0.305263 215.612 
0.00163016 0.0593489 -0.00131738 0.00308459 -0.00581049 0.00162426 0.077377 0.215082 171.951 
0.0109719 0.0590542 -0.00235621 0.00311307 -0.00151569 0.00182288 0.11634 0.207843 42.8967 
0.00315179 0.0616358 -0.00485147 0.00158046 -0.0018202 0.00185928 0.194137 0.314007 213.462 
-0.0144435 0.058074 -0.0144409 0.00187078 -0.00156039 0.00108831 0.20974 0.318831 170.286 
-0.0184078 0.0569197 -0.0143437 0.00233592 -0.0046945 0.00137023 0.180583 0.218123 0.0938511 
-0.000133548 0.0623542 -0.00877484 0.00165871 -0.00577935 0.00224194 0.141935 0.224516 42.3006 
0.00872476 0.0632752 -0.00355691 0.00129968 -0.00423537 0.00218842 0.154984 0.233441 210.66 
0.000992308 0.0597942 -0.00444038 0.00135256 -0.00184744 0.00184936 0.153205 0.228846 210.012 
-0.0130185 0.0600569 -0.010531 0.0016147 -0.00132396 0.000965495 0.13738 0.168051 209.369 
-0.00973376 0.0613471 -0.0067879 0.00224013 -0.00551911 0.000982803 0.126115 0.110828 208.676 
0.00787873 0.0567473 -0.00281524 0.00146159 -0.00504381 0.00196444 0.095873 0.111111 249.632 
0.0121222 0.0551722 -0.00146519 0.000915823 -0.0039557 0.00199873 0.158861 0.13481 414.725 
0.000160883 0.0588498 -0.00415773 0.00134637 -0.00182019 0.00162587 0.205678 0.167823 413.412 
-0.0144465 0.0632774 -0.0096434 0.00178176 -0.00133522 0.000974843 0.228931 41.3195 411.98 
-0.0142138 0.0653818 -0.00777367 0.00262069 -0.00404389 0.00104577 0.205643 205.496 410.637 
0.000808125 0.0601013 -0.00166813 0.0026275 -0.00211063 0.00219563 0.1975 164.005 409.344 
0.0102941 0.0610754 0.00299377 0.00186231 -0.00242741 0.00215202 0.267913 0.235514 407.973 
-0.00310994 0.0615714 -0.00639006 0.00162671 -0.000755901 0.00122733 0.185093 0.17764 406.711 
-0.0190297 0.0616384 -0.0144966 0.00214923 -0.00212755 0.000684211 0.186997 0.173375 405.388 
-0.0089037 0.0633525 -0.00823765 0.00165556 -0.00585556 0.00135679 0.30679 0.194444 404.039 
0.00896369 0.056656 -0.00220615 0.00152369 -0.00483508 0.00244 0.243692 0.171077 402.802 
0.0127601 0.054389 0.00211104 0.00161656 -0.00510061 0.00193988 0.128834 0.137423 401.679 
-0.0032948 0.0618581 -0.000314373 0.00122569 -0.000330887 0.000985321 0.168807 0.166361 400.491 
-0.018825 0.061089 -0.00947134 0.00181037 -0.00113293 0.000831707 0.237805 0.137805 399.167 
-0.00657386 0.0579629 -0.00822675 0.00269909 -0.00458967 0.00117082 0.270517 0.120973 397.924 
0.0120109 0.0554352 -0.00195758 0.00236788 -0.0014 0.00192788 0.278788 0.195152 396.741 
0.0144526 0.0481831 -0.00437221 0.00119456 -0.00123686 0.00198127 0.154079 0.218127 395.465 
-0.0079506 0.0555078 -0.010559 0.0012988 0.000472289 0.00110843 0.11506 0.253614 394.209 
-0.0229706 0.0592991 -0.0112697 0.00185285 -0.00345105 0.000891291 0.20961 0.279279 393.106 
-0.00972695 0.055303 -0.00921796 0.00299701 -0.00567425 0.00161856 0.247305 0.235329 391.936 
0.00895463 0.0526143 -0.00602806 0.00247522 -0.00165134 0.00222567 0.260299 0.261493 390.759 
0.0158167 0.0536685 -0.000178571 0.0010625 -0.00231964 0.00183512 0.218452 0.302976 389.714 
-0.00975905 0.0573537 -0.00695786 0.00135846 0.00101424 0.00098635 0.14184 0.364985 388.668 
-0.0229888 0.0567959 -0.0108325 0.00173964 -0.00261893 0.000895266 0.153846 0.433136 387.486 
-0.00209204 0.0516802 -0.00676637 0.00243717 -0.00621003 0.00119528 0.152212 0.423599 386.33 
0.0106394 0.0535053 -0.00321647 0.00228882 -0.000972941 0.00174412 0.101176 0.423529 385.251 
0.00410616 0.06121 -0.00103226 0.00132727 -0.00142053 0.00147742 0.0891496 0.45044 384.059 
-0.0104713 0.0568316 -0.0102035 0.00166901 -0.00257544 0.000594152 0.054386 0.439181 382.923 
-0.0127405 0.0584566 -0.0107125 0.00226356 -0.00448863 0.00139359 0.0769679 0.369679 381.896 
0.00158779 0.0603297 -0.00420058 0.00260872 -0.00535814 0.00193953 0.171512 0.33314 380.854 
0.0110128 0.0524017 -0.00556464 0.0021171 -0.00296928 0.00199188 0.165797 0.384928 265.89 
-0.0079763 0.0575087 -0.00574682 0.00140925 0.000879191 0.0015659 0.10289 0.352601 75.8301 
-0.0222582 0.0615061 -0.00534467 0.00173199 -0.00265937 0.000892219 0.085879 0.279539 0.117003 
-0.00635747 0.0572925 -0.00408276 0.0028092 -0.0053454 0.00116494 0.066092 0.260345 0.121264 
0.00726819 0.0559289 0.000383954 0.00259484 -0.00128539 0.00160172 0.0905444 0.280802 0.111175 
0.00456057 0.0528903 -0.00248514 0.00109429 -0.00273829 0.00167771 0.117714 0.292571 0.0834286 
-0.013249 0.0516006 -0.0117151 0.00158632 -0.00128319 0.000953846 0.165812 0.209117 149.349 
-0.0171682 0.0489807 -0.0119841 0.00195057 -0.00441932 0.00106875 0.164773 0.121591 186.139 
-0.000649292 0.0510646 -0.00743909 0.0016153 -0.00566742 0.00181586 0.0730878 0.197734 37.1677 
0.00926554 0.0512825 -0.00482768 0.00161751 -0.00257119 0.00198814 0.105085 0.288136 148.138 
0.00416507 0.0448045 -0.00796056 0.00147887 -0.00254986 0.00177127 0.122817 0.241127 184.686 
-0.0134826 0.0457129 -0.0142888 0.00185112 -0.00102697 0.000903933 0.161798 0.182022 184.119 
-0.012879 0.048963 -0.00947171 0.00209244 -0.00566106 0.0010986 0.226891 0.186555 183.528 
0.00663966 0.0518961 -0.00296704 0.00058324 -0.00671453 0.00191955 0.244693 0.172067 183.022 
0.0114072 0.0536117 -0.00154596 0.000230084 -0.00250641 0.0017493 0.240669 0.109192 182.527 
0.00119556 0.0565017 -0.00113222 0.00135222 -0.00154056 0.00151444 0.196667 0.105556 36.4422 
-0.0132864 0.0506898 -0.00956399 0.00181496 -0.00098892 0.000938504 0.240997 0.0925208 145.197 
-0.0148006 0.0477486 -0.00888619 0.00214254 -0.00370497 0.000975691 0.229834 144.829 325.79 
0.00238623 0.0504143 -0.00369311 0.00235813 -0.00376033 0.00174876 144.521 180.513 216.648 
0.00980385 0.0512615 -0.00254451 0.00203077 -0.00156538 0.0016989 180.059 36.1044 179.991 
-0.000278356 0.0555753 -0.00295562 0.00153973 -0.000633973 0.0013589 35.9879 0.189589 323.021 
-0.0126667 0.0523454 -0.00986339 0.00172186 -0.00311749 0.0010224 0.193989 0.198361 357.994 
-0.00936403 0.0533335 -0.00854496 0.000294823 -0.00558202 0.00134877 0.189101 0.145504 356.977 
0.00495489 0.0492076 -0.00244076 0.000380435 -0.00437283 0.00215598 0.0842391 0.171196 355.97 
0.0114976 0.0436428 -0.000525203 0.00144824 -0.00462873 0.00177019 0.116531 0.257453 355.087 
0.00145459 0.0489243 -0.00693243 0.00126757 -0.000727568 0.000960541 0.237838 0.221622 354.13 
-0.0148307 0.0528318 -0.0107488 0.00189973 -0.00165337 0.000743396 0.261456 0.218329 353.049 
-0.00888118 0.0542989 -0.00648065 0.00277527 -0.00481129 0.00125108 0.241935 0.301075 352.027 
0.00726756 0.0523812 -0.000853619 0.00245684 -0.00273834 0.00210134 0.265416 0.329759 351.118 
0.0119481 0.0457037 -0.00207059 0.00121818 -0.00329786 0.00178235 0.197861 0.272727 350.102 
-0.0008528 0.0498592 -0.00885173 0.00117813 -0.000603733 0.000888533 0.114667 0.274667 349.091 
-0.014867 0.0515777 -0.0117484 0.00152128 -0.00274468 0.000801596 0.183511 0.273936 348.178 
-0.00694324 0.048721 -0.00676658 0.0024069 -0.00454058 0.00109125 0.177719 0.220159 347.313 
0.00595714 0.0500852 -0.000795238 0.00228889 0.0010291 0.00161323 0.111111 0.280423 346.497 
0.00928602 0.048552 -0.00103747 0.00124011 9.86807e-05 0.0014781 0.0633245 0.385224 345.673 
-0.00731263 0.0515816 -0.00368263 0.00140211 -0.000451579 0.000767368 0.0868421 0.402632 344.734 
-0.0160425 0.053094 -0.00634068 0.00153491 -0.00389816 0.000973228 0.246719 0.446194 343.654 
-0.00265288 0.0502927 -0.00315445 0.00236492 -0.00588115 0.00119948 0.232984 0.447644 342.694 
0.00743969 0.0507995 0.00165901 0.00232689 0.00109452 0.00133681 0.075718 0.430809 341.909 
0.00441927 0.0535938 -0.00223594 0.00142292 0.000732812 0.00143021 0.0182292 0.403646 341.049 
-0.0131719 0.0503377 -0.0110436 0.00152831 -0.000648831 0.000845195 0.0415584 0.353247 340.145 
-0.0105917 0.0523358 -0.00645544 0.000889637 -0.00101606 0.00097513 0.122798 0.416062 339.293 
0.00531214 0.0503897 -0.000889406 0.00103773 -0.00409457 0.00155762 0.149871 0.481654 338.438 
0.00984845 0.0452253 -0.000772165 0.00152268 -0.0052268 0.00151495 0.0773196 0.508247 337.58 
-5.86118e-05 0.0499897 -0.00139537 0.00142931 -0.00138406 0.00128175 0.0642674 0.50437 336.743 
-0.0168605 0.0517292 -0.00818615 0.00164718 -0.0011359 0.000808718 0.109744 0.460513 335.867 
-0.010267 0.0557095 -0.00463939 0.00219386 -0.00335294 0.000752941 0.105882 0.391304 335.035 
0.00351837 0.0528923 0.0011648 0.00218418 -0.00262296 0.00154898 66.927 0.365816 267.391 
0.00670585 0.0429618 -0.00166616 0.00135064 -0.00520204 0.00171145 166.772 0.365903 166.709 
-0.00528883 0.0509036 -0.00499492 0.00115482 -0.00148223 0.00113046 99.8685 0.348731 232.783 
-0.0190684 0.0533473 -0.00958329 0.00147646 -0.00132354 0.000802532 0.15443 0.349873 331.678 
-0.0119495 0.0517899 -0.00645909 0.00124242 -0.00364091 0.00103535 0.172222 0.340909 264.691 
0.00524685 0.0501713 -4.03023e-05 0.00110831 -0.00186751 0.00181411 0.123426 0.287657 165.069 
0.0119759 0.0407648 -0.00134221 0.00115427 -0.00324824 0.00200201 0.0718593 0.267839 164.671 
-0.00117544 0.0423594 -0.00789173 0.000976942 -0.000690727 0.0012817 0.0696742 0.297243 164.248 
-0.014387 0.047965 -0.0096015 0.0015295 -0.0016925 0.000824 0.089 0.275 163.86 
-0.00444539 0.0547287 -0.000918703 0.00241097 -0.00459451 0.000938653 0.0912718 0.208978 163.475 
0.00738607 0.0538856 0.00391592 0.00204925 -0.00354328 0.00162388 0.0726368 0.189055 163.068 
0.00972556 0.0462829 5.01241e-05 0.00112705 -0.00417767 0.0018129 0.0873449 0.172705 97.6278 
-0.0052505 0.0480302 -0.00513168 0.00143762 -0.000622277 0.00101683 0.143564 0.126733 64.9228 
-0.0152296 0.0487551 -0.00566765 0.0018084 -0.00292691 0.000804938 64.8899 64.7921 161.791 
0.000762562 0.0490429 -0.00225123 0.00241429 -0.00602463 0.00129803 226.049 161.449 96.8901 
0.0100025 0.044426 -0.000754791 0.00215971 -0.00346437 0.00172826 257.62 96.6934 64.5007 
0.00599755 0.0435402 -0.00381961 0.00111373 -0.00327108 0.00150735 96.4157 0.129412 224.86 
-0.0103853 0.0517941 -0.005511 0.00138386 -0.00104401 0.000808802 0.109535 0.0870416 256.308 
-0.0148473 0.0494117 -0.00610537 0.00132537 -0.00387366 0.000873659 0.166341 0.0668293 159.82 
-0.00108273 0.0472774 -0.00568029 0.0010253 -0.00482628 0.00143552 0.184428 0.122141 159.422 
0.00756214 0.0497665 -0.00141311 0.000912621 -0.00234417 0.00152087 0.178155 0.102427 95.4238 
-0.00162809 0.0485085 -0.00132155 0.0010184 -0.0012431 0.00133317 0.164649 0.0261501 0.042615 
-0.0150314 0.0442517 -0.00801063 0.0014372 0.000131884 0.00084686 0.151691 0.0135266 95.0145 
-0.00760096 0.0437778 -0.00685639 0.00165253 -0.00312 0.00081012 0.14506 94.7369 252.635 
0.00710625 0.0451399 -0.00154856 0.00165 -0.00392837 0.00116442 0.125962 252.007 315.006 
0.0103818 0.0458086 0.000378417 0.00131751 -0.00197986 0.00127194 0.0892086 220.004 314.2 
0.000679426 0.0469234 -0.00328995 0.000973684 -0.000219617 0.00112727 0.0516746 62.755 313.339 
-0.0106444 0.0456802 -0.00992792 0.000954177 -0.000940334 0.000601432 0.0811456 93.8883 312.537 
-0.00601238 0.0480514 -0.00590286 0.0016019 -0.00297619 0.000741905 93.7095 249.661 311.836 
0.00712304 0.0445591 -0.00107458 0.00196152 -0.00146746 0.00105321 155.727 217.938 311.16 
0.0103555 0.0383374 -0.00057109 0.00142986 -0.000877725 0.000934597 62.21 62.1995 310.453 
-0.000595272 0.0409612 -0.00487423 0.00121844 0.000382033 0.000958392 0.162648 0.144681 309.665 
-0.0115193 0.0437703 -0.0120387 0.0015684 -0.00136604 0.000689151 0.240094 0.190094 308.838 
-0.00907482 0.0524122 -0.00597082 0.000269176 -0.00419388 0.00109788 0.224 0.239059 308.074 
0.00333286 0.0502831 0.000583099 0.000312676 -0.00259859 0.00187042 0.130516 0.207512 307.4 
0.011045 0.0430468 0.00036815 0.00137002 -0.00273817 0.00151101 0.0875878 0.146604 306.716 
0.0010028 0.0455491 -0.00239299 0.000936916 -0.000320561 0.00103458 0.13972 0.156542 305.997 
-0.0129315 0.041579 -0.0103184 0.00120699 -0.000981352 0.000676923 0.244755 0.21958 305.246 
-0.00776884 0.0446116 -0.00572279 0.00189302 -0.00343395 0.00072093 0.289302 0.244651 304.479 
0.00480046 0.045974 0.00149838 0.00193596 -0.00199675 0.00147332 0.211137 0.234339 303.781 
0.0123819 0.0379042 -0.00385926 0.001175 -0.00196389 0.00149491 0.142593 0.235185 303.083 
-0.00208776 0.0431441 -0.00782771 0.00126374 -0.0006097 0.00081709 0.144111 0.265127 302.395 
-0.0166318 0.046324 -0.00895668 0.00148295 -0.00376728 0.000812903 0.186636 0.324885 301.754 
-0.00404322 0.0454736 -0.00686943 0.00133839 -0.00564598 0.00137103 0.204598 0.369195 301.064 
0.00453807 0.0477578 -0.00198807 0.00115688 -0.00028945 0.00173303 0.183945 0.352752 300.344 
0.00536522 0.0427396 -0.00195332 0.00116339 0.000606865 0.00132906 0.153318 0.350114 299.673 
-0.00359087 0.0411635 -0.00501826 0.00133699 -0.000505936 0.000613699 0.150685 0.365297 298.963 
-0.00728656 0.0432952 -0.00542506 0.00134579 -0.0034861 0.000747153 0.175399 0.366743 298.257 
0.00484727 0.0452614 -0.00196 0.00177818 -0.00536773 0.000934091 149.027 0.345455 297.686 
0.00840816 0.0480463 0.00112336 0.00175374 -0.000770522 0.000980045 148.605 0.342404 297.154 
0.00380905 0.046229 -0.00105656 0.00125068 0.000562896 0.00120498 0.133484 0.346154 296.45 
-0.00855305 0.0443661 -0.00802483 0.00145869 -0.00110339 0.000790068 0.23702 0.37246 295.655 
-0.0101185 0.043018 -0.00741171 0.000772523 -0.00369459 0.00100991 0.148649 0.396396 295.068 
0.00363506 0.0435829 -0.00208539 0.00104584 -0.00417843 0.00142247 0.134831 0.413483 294.418 
0.00661435 0.0461655 0.000218386 0.00160942 -0.00286054 0.00134439 0.127803 0.428251 293.67 
-0.000642953 0.0483141 -0.00145682 0.0011396 -0.00113333 0.00128456 0.0447427 0.438479 293.11 
-0.00903438 0.0464835 -0.00598348 0.00154866 -0.000491518 0.000695982 0.0446429 0.424107 292.509 
-0.00786102 0.0459296 -0.00398263 0.00179109 -0.0026784 0.000694878 0.0890869 0.356347 291.831 
0.00258267 0.0456036 -0.00176222 0.00185911 -0.00263022 0.00117111 0.104444 0.291111 291.193 
0.00747406 0.0425792 -0.00105765 0.00139468 -0.00376364 0.00126075 0.0931264 0.305987 145.29 
0.000239381 0.0439018 -0.00134646 0.000992478 -0.0020677 0.00109469 0.0951327 0.320796 0.050885 
-0.0103731 0.0428437 -0.00823576 0.00121722 -0.000694481 0.000628256 0.0905077 0.253863 0.0728477 
-0.00655771 0.0431295 -0.00587401 0.00181013 -0.00300529 0.0006837 0.10793 0.226872 0.0418502 
0.00446989 0.0423987 0.00217978 0.00195736 -0.0016233 0.00134989 0.162637 0.197802 0.0351648 
0.00701491 0.0370066 0.000512719 0.00130833 -0.00159035 0.00156491 0.100439 0.187281 143.711 
-0.00482232 0.0396713 -0.00627002 0.000921663 -1.9256e-05 0.000938293 0.04814 0.196937 258.067 
-0.0156131 0.0452886 -0.00645852 0.00118253 -0.00169563 0.000517031 0.10917 0.153712 143.082 
-0.00702179 0.0471246 -0.000252288 0.00195599 -0.00367669 0.000816558 0.142048 0.121133 142.763 
0.00549304 0.0441748 0.00153391 0.00177522 -0.00198391 0.00141565 0.13 0.112609 113.957 
0.00873145 0.0413336 -0.000460738 0.000821692 -0.00352842 0.00154707 0.106291 0.0993492 0.0516269 
-0.00726667 0.0387498 -0.00699524 0.000859307 -0.00108355 0.000864069 0.0848485 0.132468 28.432 
-0.0136263 0.0338678 -0.00860778 0.0012635 -0.00236026 0.000666091 0.0742981 0.165875 169.835 
-0.000280603 0.0388629 -0.00456897 0.00178836 -0.00440431 0.000978017 0.0711207 56.6297 225.912 
0.00615355 0.0441888 -0.00190366 0.00160387 -0.00286409 0.00124559 0.0580645 140.986 140.914 
0.00558112 0.0438086 -0.00138498 0.000915451 -0.00197167 0.00127253 0.0639485 84.4004 196.853 
-0.00656531 0.0415546 -0.00755118 0.00116317 -0.00185096 0.000778587 0.0501071 84.1846 280.567 
-0.0088265 0.0396966 -0.00612692 0.00166197 -0.00303761 0.000841453 0.0252137 140.003 279.965 
0.00637015 0.0386657 -0.00018678 0.00151684 -0.0033049 0.00161663 111.748 55.9036 167.632 
0.0108962 0.0335332 -0.00194894 0.00101447 -0.00349745 0.00156681 139.392 111.546 139.337 
-0.0023104 0.0361427 -0.00541189 0.000996178 -0.000347346 0.000804246 27.8909 250.419 250.297 
-0.0134242 0.0403386 -0.00683814 0.00140169 -0.00193644 0.000547458 0.126271 166.622 277.529 
-0.00265243 0.0406761 -0.00301818 0.00185243 -0.00355687 0.000909091 0.147146 138.552 276.914 
0.00885232 0.0426498 0.000922785 0.00144937 -0.00100886 0.00127722 0.100844 138.23 276.284 
0.00603453 0.0398838 -0.00135495 0.000770947 -0.00172211 0.00123537 110.394 27.6 275.723 
-0.00857773 0.0379046 -0.00713025 0.00116471 -0.000698319 0.000728992 137.706 110.15 275.143 
-0.0133333 0.0388973 -0.00856771 0.00145031 -0.00358826 0.00072369 27.6105 247.294 274.51 
0.000268619 0.0396791 -0.00322469 0.00122594 -0.00428577 0.00145481 0.156904 164.544 273.906 
0.00938747 0.0419474 0.000615866 0.000891858 -0.00118622 0.00180877 0.0947808 27.4125 273.342 
0.0108742 0.0389721 -0.00282875 0.000636667 -0.00200042 0.001375 0.0758333 0.0541667 272.775 
-0.00352973 0.0367501 -0.00569272 0.000958836 -0.000655717 0.000720582 0.146362 0.0889813 272.1 
-0.0123224 0.0390328 -0.00418672 0.00120788 -0.00307967 0.000725311 0.170539 0.134025 271.535 
-0.000643478 0.0375789 -0.00453872 0.00175114 -0.00544969 0.00109482 0.0939959 0.121325 271.077 
0.00668636 0.0388045 -0.00178017 0.00159876 -0.00159298 0.00128843 0.0578512 0.142149 270.538 
0.00625113 0.0382755 -0.00191258 0.000974021 -0.000981031 0.00115052 108.131 0.204536 270.002 
-0.0038786 0.0385967 -0.00520741 0.00125144 -0.00146502 0.000646091 134.91 0.216461 269.408 
-0.0105926 0.0420382 -0.00377372 0.00135729 -0.00360411 0.000808624 27.0189 0.235318 268.808 
0.00084959 0.0412357 -0.00454959 0.00170656 -0.00429426 0.0011623 0.0963115 0.246311 268.258 
0.00863313 0.0397497 -0.00423804 0.00146871 -0.000794274 0.00127853 0.0789366 0.250716 267.689 
0.00218286 0.03918 -0.00528612 0.00100408 -0.000267347 0.00101429 0.062449 0.24449 267.169 
-0.00768187 0.0367173 -0.00981059 0.00122525 -0.000795519 0.000427699 0.0720978 0.222811 266.653 
-0.0057748 0.0371752 -0.00794797 0.00127764 -0.00273618 0.000753252 0.0621951 0.207724 266.145 
0.00625477 0.0367704 -0.00369939 0.00151684 -0.00409249 0.00100406 0.0572008 0.216227 265.611 
0.0090004 0.0346368 -0.00148502 0.00128623 -0.00176923 0.00105709 0.0680162 0.28502 265.12 
0.00370909 0.0361091 -0.0036004 0.000918384 0.000356768 0.00103919 105.954 0.334949 264.672 
-0.00588105 0.037848 -0.00556169 0.00134839 -0.00076129 0.00053629 132.198 0.308871 264.159 
-0.0085992 0.0389505 -0.00547364 0.00174286 -0.0034334 0.000734406 26.493 0.344869 263.57 
0.00186386 0.0406904 -0.00403936 0.00166827 -0.00398434 0.00111245 0.0742972 0.389157 263.044 
0.00751383 0.0400966 -0.00107255 0.00120521 -0.00167575 0.00106613 0.0521042 0.353507 262.519 
-0.0006948 0.035944 -0.0055688 0.0008724 0.0004456 0.000904 0.1076 0.3164 261.946 
-0.0108683 0.038909 -0.00887385 0.00112455 -0.000951297 0.0005501 0.187226 0.323752 261.426 
-0.00514622 0.0400024 -0.00502351 0.000866534 -0.00280359 0.000651793 0.145817 0.333068 260.963 
0.0043825 0.0361897 -0.00102068 0.000908549 -0.00242028 0.00109145 0.0421471 0.324453 260.521 
0.00675556 0.0346139 -4.36508e-06 0.00115635 -0.00337183 0.0011377 0.0198413 0.321429 156.036 
-0.00214851 0.0371248 -0.00632198 0.000846337 -0.00122337 0.000813465 103.827 0.30495 129.785 
-0.0142458 0.0414229 -0.00940119 0.00107866 -0.00131067 0.000514229 129.528 0.271937 233.09 
-0.00734043 0.0424067 -0.00361657 0.00178304 -0.00312071 0.000618935 25.9416 0.212229 258.449 
0.00468701 0.0371461 -0.00164803 0.00186102 -0.00159331 0.00125866 103.283 0.205118 154.801 
0.00644322 0.0346896 -0.00177485 0.00118743 -0.00176149 0.00138625 128.762 0.239293 25.8189 
-0.00506471 0.0376941 -0.00326471 0.000758431 0.000687843 0.000728235 25.7635 0.209804 0.0388235 
-0.0115988 0.0393143 -0.00291037 0.00101918 -0.0016544 0.000527593 0.109589 0.144814 0.0430528 
-0.000421875 0.0380504 -0.000858203 0.00167227 -0.00413867 0.000686328 25.7125 0.170313 102.429 
0.00562651 0.0345372 -0.000474854 0.00151228 -0.00236374 0.000955556 127.751 0.179727 127.785 
0.000463813 0.0348082 -0.00172335 0.000907782 -0.00171167 0.00119416 101.972 0.114397 153.021 
-0.00750951 0.0382105 -0.00401748 0.00111612 -0.000382913 0.000822524 0.0982524 0.0959223 254.465 
-0.00890426 0.0389477 -0.00225814 0.00130543 -0.00238488 0.000746124 0.107364 0.0872093 228.554 
0.0012089 0.0389265 -0.000526499 0.00144333 -0.00273114 0.00100232 25.3985 0.0738878 126.722 
0.00609073 0.0410189 -0.000129344 0.00132432 -0.00261158 0.00123822 126.499 0.0826255 151.793 
-0.00220732 0.0382428 -0.00272331 0.000877842 -0.00175337 0.00126551 101.049 0.0805395 252.48 
-0.0104515 0.036005 -0.00698192 0.00123731 -0.000691538 0.00072 0.121923 0.0765385 251.937 
-0.00607754 0.0392223 -0.00337735 0.00148522 -0.00355969 0.000653359 0.128983 25.2115 251.446 
0.00376207 0.039031 -0.00049272 0.00160575 -0.00252414 0.00113678 25.1747 125.546 251.002 
0.00584092 0.0382998 0.000749904 0.00120229 -0.00165354 0.00120765 125.312 125.302 250.545 
2.25191e-05 0.0355458 -0.00344962 0.000781298 -0.000864504 0.000893511 100.125 75.0767 250.023 
-0.00617943 0.0334838 -0.00554324 0.00113333 -0.00240229 0.000905524 0.119238 124.854 249.476 
-0.00258669 0.0367601 -0.00163726 0.00177681 -0.00339886 0.00108365 99.7293 99.6821 249.022 
0.00482619 0.0366467 -0.00158065 0.00167742 -0.00168918 0.00112106 223.838 24.9317 248.513 
0.00195644 0.0401659 -0.00155568 0.00106742 -0.00170947 0.00107121 148.967 0.0734848 247.988 
-0.00818526 0.0412302 -0.00456219 0.00124953 -0.000746692 0.000561059 24.8408 0.0597353 247.502 
-0.00938151 0.0385068 -0.00563698 0.00134226 -0.00367245 0.00072717 0.0988679 0.0898113 247.031 
0.0012742 0.0375793 -0.00320942 0.000981921 -0.00425913 0.00135066 0.109981 0.0934087 246.573 
0.0063609 0.0352959 7.96992e-05 0.000704511 -0.00162594 0.00128496 0.0703008 0.0605263 246.173 
-0.000308068 0.0402371 0.00115497 0.000758349 -0.000311445 0.00109418 0.100563 0.04803 245.74 
-0.00935356 0.0380371 -0.00495206 0.00117603 0.000146816 0.000653933 0.137453 0.0468165 245.22 
-0.00761271 0.0330464 -0.00654729 0.00147925 -0.00235065 0.000650093 0.146916 0.037757 244.746 
0.00222649 0.0368616 -0.0023459 0.00143582 -0.00311791 0.00120784 0.157836 0.0608209 244.315 
0.00594078 0.037368 -0.000204842 0.00112104 -0.0016365 0.00125587 97.6976 0.102793 243.833 
0.000510037 0.0312914 -0.00495242 0.000966543 -0.000394796 0.00090855 121.843 0.126394 243.315 
-0.00774026 0.0328876 -0.00914286 0.00129462 -0.00186568 0.000564007 24.4416 0.142486 242.89 
-0.00558889 0.0369007 -0.00589 0.00153815 -0.00316889 0.000742222 0.111111 0.114815 242.433 
0.00328725 0.0324436 -0.00383734 0.00127985 -0.0019586 0.0013512 0.0591497 0.12939 241.982 
0.00647454 0.0307502 -0.00120369 0.000972325 -0.00156974 0.0011321 0.0535055 0.197417 241.622 
-0.00201142 0.0340836 -0.0043919 0.000662983 0.000616575 0.000567219 0.092081 0.235727 241.197 
-0.00963088 0.0396511 -0.00765221 0.000885294 -0.00172463 0.000526838 0.198529 0.268382 240.636 
-0.00157908 0.0399094 -0.00159339 0.00162972 -0.00369468 0.000700183 0.181651 0.280734 240.189 
0.00746227 0.0376055 0.00109707 0.00125385 7.65568e-05 0.00106703 0.0952381 0.263736 239.853 
0.00714845 0.0356804 -0.00105558 0.00071883 6.17916e-05 0.000972212 119.846 0.26691 239.411 
-0.00125584 0.0356449 -0.00494489 0.000837956 0.000416058 0.000532117 239.172 0.321168 238.964 
-0.0102539 0.0363811 -0.00724372 0.00119672 -0.00200765 0.000578506 119.395 0.306011 238.554 
-0.00436945 0.0370949 -0.00438473 0.00190945 -0.00431782 0.000868 0.04 0.221818 238.171 
0.00565771 0.0383176 -0.000697278 0.00153866 -0.00108929 0.0011833 0.0362976 0.217786 237.775 
0.00162246 0.0379938 0.00223913 0.000959058 -0.00152899 0.00105906 0.0721014 0.21413 237.368 
-0.00900108 0.034008 -0.00282387 0.0011613 -0.00158843 0.000528029 0.109584 0.20868 236.937 
-0.00842274 0.0358567 -0.00422635 0.00111155 -0.00208087 0.000531769 0.101444 0.301444 236.499 
0.00170919 0.0375852 -0.00194919 0.00141946 -0.00364288 0.00071964 23.6548 0.335135 212.475 
0.00649676 0.0351392 -0.00130647 0.0012554 -0.000692086 0.000955396 117.863 0.292086 117.832 
0.00259892 0.0348873 -0.00153537 0.000704129 0.000467145 0.000932136 94.1792 0.262478 141.117 
-0.00716308 0.034962 -0.00579211 0.00107419 -0.00135233 0.000483871 0.107527 0.236559 211.313 
-0.00842326 0.0387728 -0.00416029 0.000674061 -0.00318175 0.00067907 0.0636852 0.185331 93.7696 
0.00148179 0.0338825 -0.00278679 0.000788929 -0.00317536 0.0009025 23.4329 0.192143 23.4086 
0.00654581 0.0309002 -0.00148021 0.00114795 -0.00164742 0.000967201 140.183 0.234581 116.798 
0.00111779 0.0348534 -0.00201601 0.000737722 -0.000294662 0.000984698 209.878 0.242349 116.615 
-0.0067865 0.0320767 -0.00455915 0.000943162 -0.00122984 0.000586856 93.1503 0.217407 139.677 
-0.00680035 0.0342482 -0.00265319 0.00123333 -0.00283617 0.00055 0.0900709 0.163121 209.13 
0.00133735 0.0367395 0.000730265 0.00139363 -0.00270159 0.000871858 23.2453 0.133097 92.829 
0.00572261 0.0340505 0.00229682 0.00107527 -0.00288551 0.00101413 115.768 0.122261 0.0855124 
8.85362e-05 0.0324952 -0.000550617 0.000652557 -0.000953792 0.000960141 92.5238 0.104762 23.1771 
-0.0068993 0.0334032 -0.00326338 0.000808099 -0.00120845 0.000611268 0.107394 0.109507 115.383 
-0.00416661 0.0353821 -0.00347979 0.00133954 -0.0029051 0.000469596 0.0769772 0.085413 115.172 
0.00473368 0.0339793 -0.00216351 0.00134596 -0.00201193 0.00102491 23.0516 0.0747368 137.958 
0.00763678 0.0303496 -0.00126095 0.000886515 -0.00286515 0.0012613 114.785 0.095972 229.501 
-0.000152797 0.0290822 -0.0049014 0.000737762 -0.000919231 0.000833566 91.6906 0.0730769 229.069 
-0.00963072 0.0332321 -0.00655148 0.00107365 -0.000754276 0.00047993 0.0746946 0.0460733 228.649 
-0.00644669 0.0373571 -0.0033453 0.00149791 -0.00231986 0.000488153 22.8934 0.0585366 205.422 
0.00391652 0.0350174 -0.000188522 0.00133635 -0.00181565 0.000976348 136.761 0.0643478 91.1489 
0.00841042 0.0311472 -0.000578819 0.00085 -0.00284236 0.00120937 204.764 0.0454861 0.00729167 
-0.00414801 0.0342471 -0.00435078 0.000968111 -0.0011227 0.00067279 90.8984 45.462 45.4052 
-0.0114197 0.0364574 -0.0044917 0.00116332 -0.00271557 0.000557785 0.102768 113.396 158.642 
-0.000119862 0.0343092 -0.00249706 0.00169085 -0.00328428 0.000893955 0.109499 67.9865 226.255 
0.00653414 0.0336238 0.000276552 0.00159103 -0.00149724 0.00109759 0.09 45.2838 225.876 
0.00495869 0.0331842 -0.000682616 0.00067642 -0.00234561 0.00105232 0.0798623 112.821 225.461 
-0.00558419 0.0326144 -0.0036512 0.000862887 -0.000538488 0.000580069 0.0962199 67.567 225.042 
-0.00912693 0.0327828 -0.00283533 0.00100172 -0.00236398 0.000658319 0.128988 44.9647 224.647 
-0.000855822 0.0324493 -0.00232774 0.000892466 -0.00314521 0.00109486 0.109932 112.202 224.251 
0.00533128 0.0292568 -0.0028906 0.000808547 -0.00066188 0.00113504 44.8667 67.2202 223.876 
0.00468191 0.0325618 -0.00216382 0.000579863 -0.000658703 0.00113072 111.859 0.0539249 223.532 
-0.00570596 0.0353612 -0.00492129 0.000807155 0.000391482 0.00069506 67.0337 0.0824532 223.156 
-0.00884524 0.031401 -0.00570918 0.00100952 -0.0021449 0.000541837 0.112245 0.10068 222.714 
-0.000130051 0.0334014 -0.00216401 0.00139321 -0.00352258 0.000921562 0.13854 0.134465 222.29 
0.00418949 0.0359573 -0.000293898 0.00135559 -0.00131119 0.000996271 0.0932203 0.159661 221.92 
0.00141827 0.0386863 0.00152589 0.000836548 -0.000861252 0.000964129 0.056176 0.154315 221.531 
-0.00663311 0.0360189 -0.00242736 0.000955068 -0.000688851 0.000571284 0.0581081 0.12973 221.148 
-0.00932074 0.0296708 -0.00586105 0.00113929 -0.00236863 0.000695784 0.0849916 0.0957841 220.801 
0.000323232 0.0302047 -0.00465084 0.00140909 -0.00216936 0.0011468 0.122896 0.0952862 220.46 
0.00585176 0.0317234 -0.00293849 0.00118017 -0.000664874 0.00106622 0.126723 0.169076 220.118 
0.000772148 0.0329289 -0.00288221 0.000754027 -0.000113087 0.000934564 0.11745 0.224161 219.74 
-0.0089665 0.0316921 -0.00648643 0.00104891 -0.000475712 0.000518258 0.106533 0.215075 219.341 
-0.00804281 0.0342472 -0.00458963 0.00126321 -0.00279398 0.000568227 0.0722408 0.220736 218.975 
0.00192454 0.036413 -0.000943907 0.00134825 -0.00278831 0.00102938 0.0490818 0.234057 218.59 
0.00611833 0.032811 -0.000354667 0.00107 -0.001436 0.000994333 0.0736667 0.238333 218.192 
-0.000772047 0.0300483 -0.00366889 0.000825957 -0.000141431 0.000723794 0.0968386 0.257903 217.832 
-0.0101601 0.0296611 -0.00736844 0.00114585 -0.000681728 0.000387708 0.0671096 0.260465 217.52 
-0.00904013 0.0311818 -0.00679701 0.00144113 -0.00238706 0.000612272 0.0311774 0.246766 217.195 
0.000658609 0.0320424 -0.00445497 0.00133046 -0.00215728 0.00110894 0.0268212 0.269205 216.821 
0.00642579 0.0338615 4.92562e-05 0.000899174 -0.00280694 0.00105653 0.0208264 0.305785 216.454 
0.000527393 0.0346723 -0.000972607 0.000777228 -0.000843564 0.000772607 0.0326733 0.321782 216.111 
-0.00907051 0.0335684 -0.00634563 0.00106557 -0.000674794 0.000430313 0.0560132 0.301153 215.762 
-0.00499704 0.0343434 -0.00400724 0.0014125 -0.00282796 0.000459539 0.04375 0.285197 215.437 
0.0053734 0.0325977 0.000642365 0.00135764 -0.00247685 0.00102594 43.0752 0.299507 215.128 
0.00679049 0.0282193 0.000765902 0.00088918 -0.00207115 0.0010977 107.454 0.29377 214.81 
-0.00324059 0.0307656 -0.00311293 0.000723732 0.000392799 0.000680524 64.3781 0.272668 214.452 
-0.0126507 0.0340706 -0.00688464 0.00095915 -0.000823203 0.000461111 0.0545752 0.246078 214.058 
-0.00488874 0.0312502 -0.00418042 0.00143883 -0.00288254 0.000543556 0.0522023 0.210114 170.972 
0.00460163 0.028127 0.000105212 0.00134691 -0.00168567 0.00101401 42.7068 0.228664 106.699 
0.00512195 0.028559 -7.02439e-05 0.000794146 -0.00132911 0.00117724 106.552 0.259837 149.142 
-0.00244773 0.0327984 -0.00279091 0.000638312 0.000450974 0.000704545 63.8545 0.24026 212.715 
-0.00922496 0.0344288 -0.00299125 0.000917666 -0.00154846 0.000442788 0.0719611 0.23987 212.367 
-0.00391456 0.0338893 -0.00137767 0.00154887 -0.00233916 0.000591586 0.102589 0.23657 212.035 
0.00461163 0.0303431 -0.000723748 0.00143877 -0.00027399 0.00101357 0.0807754 0.193861 169.386 
0.00622097 0.0291074 -0.000686452 0.000710968 -0.00206484 0.00106323 0.0532258 0.170645 63.47 
-0.00500032 0.0298641 -0.00448438 0.000771014 -0.000381643 0.000543961 0.0589372 0.155556 0.078905 
-0.0139794 0.0278707 -0.00625305 0.00114502 -0.00151479 0.000444695 0.0581994 0.119936 0.0736334 
-0.00440289 0.0286414 -0.00419486 0.00150562 -0.00298523 0.00070947 0.082504 0.104334 0.0619583 
0.00478237 0.0305753 -0.00209038 0.00129872 -0.000896474 0.00112115 42.0843 0.101603 42.0561 
0.00409184 0.0307072 -0.00267392 0.00081312 -0.00145024 0.00114496 104.877 0.09312 146.806 
-0.00407476 0.0272345 -0.00692812 0.00102204 -0.000363259 0.000522364 62.8556 0.0779553 167.489 
-0.0069681 0.0279547 -0.00485646 0.00102743 -0.00242648 0.000463796 0.0685805 41.8587 62.7384 
-0.000599363 0.0307067 -0.00286465 0.00145701 -0.00321656 0.000795223 41.7541 104.392 0.0318471 
0.00305787 0.0306153 -0.00271447 0.00134785 -0.000729094 0.000874086 145.826 62.5819 41.6827 
0.000714286 0.0339813 -0.0014181 0.00084254 -0.000834603 0.000886032 166.419 0.0844444 145.626 
-0.00582694 0.0336954 -0.00317655 0.00118288 -0.0004729 0.000602536 62.3506 0.0767036 207.679 
-0.00620918 0.0299326 -0.00378797 0.00116804 -0.00283038 0.000645886 0.0822785 0.0702532 207.299 
8.594e-05 0.0321179 -0.00118989 0.00143254 -0.00358547 0.00092891 41.4885 0.0470774 165.57 
0.00294353 0.0332091 0.000457729 0.00133849 -0.00206656 0.000935962 103.39 0.0470032 103.354 
0.000423937 0.0318602 -0.000247559 0.000772283 -0.00149197 0.000931024 61.9594 41.3219 144.459 
-0.00528553 0.0330566 -0.00304214 0.000949686 -0.000400314 0.000569497 0.0657233 144.244 205.997 
-0.00449137 0.0334207 -0.0029529 0.00112402 -0.00203014 0.000530612 0.0461538 164.576 205.643 
0.00244639 0.0308875 -0.000282759 0.00119122 -0.0026489 0.000976176 41.1038 61.6561 205.297 
0.00542723 0.0301577 0.00119437 0.000965258 -0.00181659 0.00102504 102.537 41.0548 204.947 
-0.000679062 0.0329372 0.00191375 0.000772812 -0.000783125 0.000892188 61.4616 143.347 204.595 
-0.0102771 0.0312521 -0.00280468 0.00101373 -0.000735101 0.000580343 0.0867395 163.584 204.264 
-0.00810748 0.0296704 -0.00533801 0.00126885 -0.00225358 0.000672274 0.0859813 102.11 203.948 
0.000910731 0.0312333 -0.00176143 0.00132939 -0.00189767 0.00117201 40.8233 101.945 203.64 
0.00552609 0.0301481 -0.000351553 0.000889441 -0.00257547 0.00107112 101.771 61.0854 203.329 
-4.43411e-05 0.0296118 -0.0011262 0.000607442 -0.00141519 0.000786047 60.982 0.0418605 202.993 
-0.00839876 0.0328322 -0.00245759 0.000842105 -0.000536533 0.000493189 0.080805 0.0442724 202.633 
-0.00427883 0.0341314 -0.00245904 0.00120927 -0.00191777 0.000498609 0.106028 0.0627512 202.315 
0.00466512 0.0297914 -0.000236111 0.00120093 -0.00158025 0.00102685 0.066358 0.0972222 202.028 
0.00561572 0.0259042 0.000571032 0.000805855 -0.00188228 0.00105824 0.0292758 0.106934 201.724 
-0.00291323 0.0288615 -0.00339015 0.000604308 -0.000150769 0.000663692 0.0575385 0.108615 201.383 
-0.00902611 0.0300535 -0.00750261 0.00084086 -0.000654378 0.000419662 0.110292 0.139785 201.021 
-0.00490613 0.0290344 -0.00520092 0.00132331 -0.00195307 0.000567485 0.097546 0.148466 200.744 
0.00321531 0.0282579 -0.00215681 0.00125758 -0.000913017 0.00111302 0.0367534 0.164165 200.518 
0.00698012 0.0246979 -0.00211315 0.000735168 -0.00130856 0.00110642 0.00978593 0.207951 200.235 
-0.000937099 0.0253081 -0.00501557 0.000603969 0.00049771 0.000634504 0.0247328 0.221985 199.912 
-0.00971372 0.0278591 -0.007 0.000940854 -0.00117439 0.000446341 0.0670732 0.239024 199.582 
-0.00491476 0.0320761 -0.00242405 0.00141461 -0.00304871 0.000577473 0.104414 0.261492 199.271 
0.00538328 0.0307581 7.59878e-05 0.00123647 -0.0013693 0.00097538 0.102736 0.257143 198.969 
0.00876722 0.0264774 -0.00217117 0.000649165 -0.00188134 0.000929894 0.0716237 0.257967 198.685 
-0.00256364 0.0296215 -0.00488485 0.000748788 -0.000280909 0.000472424 0.0451515 0.256667 198.44 
-0.0103343 0.0298363 -0.00714584 0.000932224 -0.00163419 0.000483812 0.0429652 0.240242 198.187 
-0.00370846 0.0309792 -0.00379063 0.000293051 -0.00361752 0.000799396 0.0347432 0.225076 197.933 
0.00358793 0.0313668 0.00013635 0.000211463 -0.00149804 0.00109894 39.5499 0.244947 197.668 
0.00715964 0.0297295 -0.00188645 0.000582831 -0.00126114 0.000943373 98.7051 0.29006 197.361 
-0.00335038 0.0304803 -0.00467549 0.000681805 -0.000108271 0.000432481 59.1835 0.29203 157.627 
-0.00948859 0.0290351 -0.00346276 0.000825225 -0.00188799 0.00044024 0.0972973 0.288889 98.3622 
-0.00193943 0.0295001 -0.00123238 0.00137211 -0.00253073 0.000589805 0.0818591 0.310345 137.518 
0.00360659 0.0291428 0.000495509 0.00147395 0.00021018 0.000717964 0.0712575 0.3 196.187 
0.00239821 0.0292158 -0.00057429 0.00084843 -0.000749178 0.000828401 0.0914798 0.263079 156.731 
-0.00556507 0.0283884 -0.00536836 0.000885075 -0.00044597 0.000528955 0.102985 0.242687 97.8021 
-0.00712548 0.027639 -0.00568554 0.000847094 -0.00207004 0.000546349 0.107601 0.257824 97.645 
-0.00131518 0.0289664 -0.00376845 0.000206845 -0.00295149 0.000758036 0.100298 0.275298 58.5158 
0.00280178 0.0284648 -0.00231828 0.000179792 -0.000780684 0.000923328 39.0042 0.265379 0.0454681 
0.00281454 0.0269792 -0.00306914 0.000544214 -0.000700593 0.000847478 97.2519 0.22997 0.0537092 
-0.00358874 0.0265064 -0.00475378 0.000811259 -0.000395852 0.000444148 58.2975 0.169481 38.8711 
-0.00635828 0.0272524 -0.00248846 0.00101479 -0.00239615 0.000473669 0.0730769 0.10858 96.9695 
7.8582e-05 0.0294641 -0.000216544 0.00127001 -0.00246174 0.000724077 0.0779911 0.0986706 58.1341 
0.00392773 0.0307855 0.000126549 0.00112301 -0.00141976 0.000825664 0.0917404 0.141888 0.0929204 
-0.00304124 0.0291973 -0.00361797 0.000641826 -0.000375552 0.000718409 0.119293 0.164654 57.985 
-0.0101876 0.0303665 -0.00622412 0.000895294 -0.000134706 0.000405882 0.124412 0.156765 96.415 
-0.00619794 0.0314347 -0.00446461 0.000761233 -0.00226109 0.000580617 0.0883994 0.145374 96.2646 
0.00229795 0.0290815 -0.000659531 0.00079824 -0.00124047 0.0011217 0.0659824 0.118182 153.751 
0.00646384 0.0276594 0.00219971 0.000845095 -0.00175988 0.00108931 0.075549 0.104832 191.885 
0.000366959 0.0318892 7.4269e-05 0.000610234 -0.0009 0.000642398 0.071345 0.115789 134.143 
-0.00722073 0.0317501 -0.00333547 0.00097927 -0.000767591 0.000334891 0.0642336 0.106861 95.6806 
-0.00430933 0.0282898 -0.0017895 0.0013895 -0.00251166 0.000442274 0.0676385 0.0927114 95.5201 
0.00326288 0.0268332 0.000890247 0.00123464 -0.00148501 0.000921689 0.0742358 0.0841339 95.3907 
0.00600756 0.0302026 0.00147791 0.000734012 -0.00181308 0.000960174 0.0761628 0.0843023 152.397 
-0.00322816 0.0330369 -0.00144238 0.000692308 -0.000369521 0.000491147 0.0746009 0.0809869 190.175 
-0.0102052 0.029322 -0.0044229 0.00093971 -0.00162203 0.000414783 0.0721739 0.0576812 189.863 
-0.00195572 0.0302425 -0.00150217 0.00153488 -0.00259595 0.000726194 56.9398 56.9381 189.612 
0.00459162 0.0299538 0.00130925 0.00141012 -0.00122543 0.00093526 94.7023 94.7341 189.378 
0.00450996 0.0276003 0.000344012 0.000561039 -0.00228716 0.000875036 37.8332 37.8644 189.1 
-0.00385476 0.0281303 -0.00285014 0.000666282 -0.000498559 0.000536599 0.0432277 0.0299712 188.76 
-0.00965784 0.0273194 -0.00484662 0.000963741 -0.00176029 0.000456691 0.0923741 0.0394245 188.403 
-0.0032 0.0284888 -0.00393161 0.000883908 -0.00276868 0.00088592 0.100575 56.5339 188.126 
0.0040198 0.0295214 -0.000777905 0.000679484 -0.000819512 0.0011122 56.4514 94.0433 187.89 
0.00738711 0.0242885 -0.00233954 0.000380229 -0.00118367 0.000951576 93.894 37.5794 187.631 
-0.00285236 0.0262003 -0.00406009 0.000504721 0.000190558 0.000562518 37.5522 0.0649499 187.342 
-0.00919914 0.0288003 -0.00307571 0.000778857 -0.00149 0.000468 0.0708571 56.2411 187.05 
-0.000465335 0.0291312 -0.00206619 0.00124051 -0.00307447 0.000745221 0.0485021 93.5418 186.786 
0.00426724 0.0308305 5.29915e-05 0.00116467 -0.00113419 0.000910256 0.0293447 37.4305 186.513 
0.00352176 0.0292464 -0.00158777 0.000525178 -0.00121223 0.000778094 0.0455192 0.0978663 186.211 
-0.00358608 0.0263199 -0.00429602 0.00065625 -0.000494034 0.000430966 0.0826705 0.090625 185.911 
-0.00798865 0.0244306 -0.00485674 0.000802553 -0.00215858 0.000529078 0.110638 0.121986 185.645 
-0.00203909 0.0252116 -0.00572833 0.0012255 -0.00325496 0.000882436 0.113881 0.141643 185.395 
0.00372136 0.0245918 -0.00382207 0.00111881 -0.000661952 0.00098925 0.0678925 0.121075 185.175 
0.00250085 0.0262079 -0.00220339 0.000564407 -0.000107345 0.000796893 0.0522599 0.121751 184.961 
-0.00562877 0.0254398 -0.00517715 0.000735966 -0.000305219 0.000410719 0.0868829 0.132017 184.699 
-0.00654113 0.0255099 -0.00377944 0.000814085 -0.00242676 0.000509296 55.4454 0.118028 184.437 
0.00264754 0.0294965 -0.000842757 0.00113136 -0.00314008 0.000741491 92.1927 0.128551 184.211 
0.00602163 0.0283388 -0.000612921 0.00105899 -0.000105337 0.000943539 92.0528 0.184831 183.961 
0.00454137 0.0265198 -0.00231893 0.000806171 0.000382889 0.00078317 91.9461 0.221599 183.648 
-0.00266779 0.0258445 -0.00472381 0.00105238 -0.000466387 0.000289356 36.8134 0.221849 183.364 
-0.00695636 0.0276792 -0.00339804 0.000544895 -0.00208252 0.00052 0.119161 0.216503 183.136 
0.00106536 0.0301363 -0.00202011 0.000641061 -0.00261313 0.000661732 0.076257 0.209218 182.913 
0.00540335 0.0284441 -0.00049205 0.000938354 -0.000614505 0.000655788 0.0393305 0.216736 182.715 
0.00105989 0.0256903 -0.00175822 0.000641504 0.000442061 0.000614763 0.0259053 0.237604 182.503 
-0.00598108 0.0257663 -0.00421836 0.000869263 -0.000438387 0.000294019 0.067872 0.24701 182.206 
-0.00548278 0.0287161 -0.00324528 0.00107389 -0.00184389 0.000460833 0.102222 0.250556 181.898 
0.00178863 0.0289226 -0.00166463 0.00114286 -0.00167157 0.000680999 0.0737864 0.247434 181.673 
0.00482853 0.0294014 0.000549584 0.000890028 -0.000579224 0.000710803 0.0409972 0.222161 181.457 
-0.000783679 0.0297444 -0.00107026 0.000676072 0.000272476 0.000648409 54.4041 0.204979 181.196 
-0.00841271 0.0277809 -0.00571519 0.00084116 -0.000764917 0.000378177 90.5271 0.197238 180.959 
-0.00870676 0.0263862 -0.00766759 0.000245241 -0.00149931 0.00045931 36.1735 0.167448 126.524 
0.000111019 0.0248807 -0.0040584 0.000165289 -0.00116804 0.000863912 0.0319559 0.156474 108.323 
0.00582393 0.0223453 -0.000820083 0.000677029 -0.00182008 0.000842641 0.0541953 0.163686 90.1631 
-2.08791e-05 0.0241577 -0.00366786 0.000535989 -0.000319231 0.00048489 0.0766484 0.157418 18.0294 
-0.00739726 0.0270165 -0.00619506 0.00066118 -0.00123649 0.000361866 0.0710562 0.175857 71.913 
-0.00448877 0.0278485 -0.00304932 0.00122685 -0.00272219 0.000454521 71.8395 0.179726 161.572 
0.00475732 0.0253179 -0.00104706 0.00122462 -0.00168016 0.000825718 161.349 0.15513 107.572 
0.00660601 0.0216713 -0.0025582 0.000564208 -0.00169536 0.000881148 107.457 0.146721 89.497 
-0.00447476 0.0239937 -0.00399045 0.000566166 -0.000665211 0.000439563 17.9408 0.120873 160.885 
-0.00960218 0.0266362 -0.00324142 0.000755858 -0.00200381 0.000334332 71.4496 0.0697548 107.141 
-0.000794014 0.0269543 -0.00193741 0.00120027 -0.00282612 0.000590204 89.1665 0.0726531 17.8653 
0.0064769 0.0270168 -0.000337228 0.000936413 -0.000842391 0.000894837 89.025 0.098913 71.2413 
0.00349118 0.0309813 0.00108928 0.000281954 -0.000799457 0.000779919 160.028 0.0860244 160.034 
-0.00524634 0.0277818 -0.00273089 0.000454472 -0.00240488 0.000417344 88.8463 0.0598916 177.542 
-0.00644032 0.0252687 -0.00210041 0.000790257 -0.00300785 0.00037862 0.143437 0.0433018 177.307 
0.000692432 0.0283135 0.000577838 0.00111054 -0.00202162 0.000497297 0.101351 88.5581 177.112 
0.00396626 0.0279196 -0.000320648 0.0010915 -0.000550607 0.000652092 0.0161943 176.853 88.4696 
0.000477898 0.0250792 -0.00171563 0.000706199 -0.000147978 0.000774124 0.0606469 88.3194 88.3329 
-0.00510983 0.0219777 -0.00537739 0.000711709 -0.000997577 0.000535935 0.0955585 88.1925 176.349 
-0.00542608 0.0224398 -0.00559839 0.000969086 -0.00225941 0.000518011 0.0524194 176.155 176.13 
0.00175114 0.0233893 -0.00258577 0.000592215 -0.00161423 0.000858255 0.085906 87.9812 175.86 
0.00548311 0.0243051 -0.00114531 0.000430563 -0.00171796 0.000931099 0.113941 87.8646 175.564 
0.00159465 0.0246806 -0.00243989 0.000615797 -0.00133333 0.000779116 87.7697 87.7537 175.363 
-0.00605053 0.0256615 -0.00360668 0.000826471 -0.000461765 0.000451872 87.6805 87.6297 175.084 
-0.00527637 0.027918 -0.00383551 0.00106676 -0.00219493 0.000461949 0.124166 87.5287 174.837 
0.00200907 0.0278515 -0.0016952 0.00104 -0.00316053 0.000866933 0.0546667 87.388 174.649 
0.00517044 0.0259252 0.000133688 0.000691611 -0.00210386 0.000871372 0.0332889 87.2477 174.435 
0.00105186 0.0245223 -0.00163511 0.000477926 0.000346809 0.000636702 0.0545213 0.0385638 174.227 
-0.00709429 0.0248135 -0.00391076 0.000696414 -0.000587251 0.000404781 0.065073 87.0531 173.94 
-0.00392069 0.0265568 -0.00324111 0.00105146 -0.00215464 0.000428382 0.0503979 86.9231 173.69 
0.00368026 0.0260366 0.000205828 0.00108424 -0.00129536 0.000895099 0.026755 0.0511258 173.484 
0.00503042 0.0222616 -0.000569841 0.000650529 -0.0015672 0.000894709 0.0425926 0.0780423 173.2 
-0.00176143 0.0230605 -0.00488507 0.000486658 -0.000343197 0.000480053 0.0422721 0.0766182 172.938 
-0.00843615 0.0257675 -0.00595092 0.00079314 -0.00137203 0.000382058 0.0672823 0.0757256 172.731 
-0.00264269 0.0260922 -0.00351542 0.00128011 -0.00230303 0.000685112 0.108827 0.100395 172.475 
0.00456421 0.0268916 -0.000750263 0.00101447 -0.000707895 0.000992105 0.124474 0.120789 172.229 
0.00552194 0.0250081 -0.000254402 0.000469645 -0.00102943 0.000836794 0.100657 0.0917214 172.028 
-0.0037336 0.0255102 -0.00427874 0.00043937 -0.000122572 0.000468766 0.0551181 0.0944882 171.836 
-0.00695046 0.0267575 -0.00428178 0.000632503 -0.00164797 0.000401311 0.049017 0.12713 171.619 
0.00139058 0.0266424 -0.000503665 0.00108063 -0.00271152 0.000527749 0.0408377 0.109948 171.381 
0.0055668 0.0272957 0.000736993 0.000860131 -0.00107242 0.00073281 34.2818 0.122353 171.17 
0.00291462 0.0279684 -0.000639687 0.000512272 -0.000617232 0.000712272 119.771 0.178068 170.957 
-0.00465658 0.0271859 -0.00344485 0.000691265 -0.000311604 0.000406258 136.701 0.194785 170.722 
-0.00638568 0.0259669 -0.00289531 0.000759896 -0.00164583 0.000448437 51.2271 0.185417 170.467 
0.00194096 0.0259303 -0.00203329 0.00096619 -0.00221326 0.000592198 0.0564369 0.170871 170.25 
0.00590545 0.0274078 -0.000692727 0.000867013 -0.000563636 0.000713506 0.0576623 0.176104 170.074 
0.00175927 0.0274991 -0.000432166 0.000625162 0.000449805 0.000698054 0.0511025 0.179767 169.863 
-0.00431088 0.0255847 -0.00387953 0.000773834 -0.000293264 0.000396891 0.038601 0.196114 169.633 
-0.00453609 0.0263301 -0.00341423 0.000941527 -0.00207193 0.000416818 33.9415 0.239069 169.435 
0.00179819 0.0255775 -0.000925323 0.00104755 -0.00208217 0.000592248 118.546 0.245478 169.243 
0.00474426 0.0243396 1.62581e-05 0.000788129 -0.00115252 0.000656774 135.305 0.226581 169.047 
-0.000427577 0.0269925 -0.000838144 0.000600258 -0.000121907 0.000583505 50.716 0.220103 168.834 
-0.00765817 0.025314 -0.00504633 0.000826512 -0.000484427 0.00038713 0.0543115 0.199485 168.636 
-0.00675861 0.0249129 -0.00502622 0.000592031 -0.00193342 0.000487147 33.7229 0.163496 168.445 
0.00190603 0.0254275 -0.00180513 0.000637484 -0.00114172 0.000752246 84.1338 0.160976 168.216 
0.00653949 0.0222508 -0.00109026 0.000733846 -0.00172359 0.000781026 84.0159 0.187692 134.388 
0.000617414 0.0208484 -0.00337849 0.000494494 -0.000882714 0.000563124 83.9173 0.197951 83.8901 
-0.00447442 0.0231611 -0.0056289 0.000753453 -0.000771355 0.000306905 50.3366 0.173402 83.7678 
-0.00207816 0.0286465 -0.00204368 0.000614815 -0.00247663 0.000445466 0.0773946 0.149425 83.6616 
0.00293954 0.0268952 0.000762245 0.000602041 -0.00153138 0.00087398 33.4676 0.155357 83.589 
0.00528841 0.0222808 -0.000207134 0.000612739 -0.00208739 0.000895032 83.4759 0.157707 50.122 
-0.00187048 0.0252837 -0.00402341 0.000448092 -0.000754198 0.00050458 50.0412 0.138931 33.3796 
-0.0095014 0.0281039 -0.00541372 0.000869632 -0.000658704 0.000311817 33.3553 0.119187 116.558 
-0.00456396 0.0253033 -0.00318376 0.00116041 -0.00209162 0.000467513 83.1924 0.106599 133.048 
0.00335741 0.0226284 -0.00207072 0.000936122 -0.000758428 0.000860583 49.8395 0.104689 83.0695 
0.00514354 0.0212023 -0.00042557 0.000649367 -0.00107038 0.000925823 33.181 0.103038 82.9527 
-0.0017957 0.0240991 -0.00209836 0.000581795 -0.000183818 0.000552465 82.8546 0.0905183 82.8268 
-0.00808384 0.025874 -0.00423712 0.000748737 -0.00131313 0.000375758 49.6896 0.0866162 115.796 
-0.00161665 0.0251887 -0.00199067 0.00127163 -0.00292333 0.00047768 0.0615385 0.0882724 165.232 
0.00526826 0.0239708 -7.00252e-05 0.00115013 -0.00128413 0.000775315 0.0357683 0.0584383 132.031 
0.00528101 0.0236569 -0.00116151 0.000482516 -0.00165459 0.000771572 0.0352201 0.0196226 82.4347 
-0.00263065 0.0268186 -0.00275503 0.000501508 -0.000298241 0.00043191 0.0650754 32.9354 115.258 
-0.00873174 0.02533 -0.00332647 0.000714178 -0.00121982 0.000384944 0.0697616 82.2148 164.414 
-0.00252406 0.0237659 -0.00198346 0.000669424 -0.00226441 0.000578697 0.0749373 82.1115 164.206 
0.00327209 0.0249344 -0.000273091 0.000675344 -0.00105056 0.000725907 0.0633292 114.824 163.982 
0.00091875 0.0250428 -0.0019445 0.00056175 -0.00114775 0.00067375 0.03725 163.832 163.727 
-0.00446991 0.0244077 -0.00391211 0.00064794 -0.000412984 0.000383021 0.0689139 163.63 163.518 
-0.00487756 0.0249117 -0.00263242 0.000846883 -0.0015399 0.00044813 0.113217 163.426 163.313 
0.000807721 0.0245445 -0.00193076 0.00106301 -0.00205753 0.000738232 0.0971357 163.218 163.098 
0.00432065 0.0255736 -0.000433333 0.000866418 -0.000550746 0.00073209 0.0435323 114.122 162.924 
-1.49068e-05 0.0268733 -0.000704099 0.000444472 0.000385093 0.000615404 0.0129193 32.5978 162.735 
-0.00591315 0.0241581 -0.00471712 0.000605707 -0.000439206 0.000361538 0.0372208 0.0401985 162.49 
-0.0050109 0.0253866 -0.00289665 0.000844114 -0.0020166 0.000396035 0.0815366 0.0498141 162.24 
0.00176485 0.0241869 -0.000245297 0.000936634 -0.00180297 0.000652723 48.729 0.0641089 162.056 
0.00491051 0.0227592 -0.000246477 0.000766378 -0.000927565 0.000616564 81.0354 0.0538937 161.862 
0.000143704 0.0262272 -0.0010358 0.000477531 -0.00020963 0.000508889 32.397 0.0459259 161.609 
-0.00697213 0.0230345 -0.0047635 0.000651541 -0.000534895 0.000364982 0.0414303 0.0394575 161.399 
-0.00706626 0.0212278 -0.00712537 0.00106601 -0.00156847 0.000543103 0.0571429 0.0182266 161.228 
0.00122927 0.0230367 -0.00405191 0.00104034 -0.00143985 0.000928167 0.0710947 0.0391144 161.047 
0.00603538 0.0222209 0.000136364 0.000642506 -0.00207862 0.000829975 0.0687961 0.0845209 160.865 
0.00111656 0.0199679 -0.00305325 0.000432393 -0.000768589 0.000571779 0.0831902 0.0998773 160.676 
-0.00545809 0.0224723 -0.00568554 0.000678676 -0.00111495 0.00042598 0.0833333 0.122549 160.466 
-0.002953 0.0262318 -0.00278066 0.00108005 -0.0028683 0.000480294 0.0614443 0.157405 160.243 
0.00464132 0.0245401 0.000151834 0.000928606 -0.00107628 0.000746944 0.0327628 0.171638 160.049 
0.00552405 0.0221289 -0.000554335 0.000499145 -0.000549206 0.000700855 0.0239316 0.150916 159.839 
-0.00294561 0.0231966 -0.00472829 0.000674146 -0.000230732 0.000355122 0.0495122 0.13439 159.637 
-0.00572862 0.0248991 -0.0044497 0.000822168 -0.00199269 0.000446041 0.0372716 0.137637 159.492 
0.00050219 0.0236173 -0.0023219 0.000650365 -0.00306326 0.000653528 0.0486618 0.184915 159.311 
0.00367242 0.023312 -0.00122989 0.000484569 -0.000689186 0.000748481 0.0741191 0.229648 159.075 
0.0030585 0.0223257 -0.00176553 0.000627913 -0.000165534 0.000651214 0.0703883 0.228155 158.905 
-0.00371952 0.0226497 -0.00293794 0.000793939 -0.000312727 0.000323394 0.070303 0.201212 158.72 
-0.00552252 0.024015 -0.00206562 0.0007477 -0.00199734 0.000356174 0.0738499 0.223971 158.515 
0.00209794 0.0245287 -0.000819831 0.00093688 -0.00247231 0.000477388 0.0652963 0.224909 158.365 
0.00494879 0.0236645 -0.000706522 0.000844928 -0.00043599 0.000602657 0.0603865 0.183575 158.215 
0.000576116 0.0244427 -0.00312014 0.000496743 0.000190591 0.000565501 0.0620024 0.202413 158.049 
-0.00577783 0.0258304 -0.00361807 0.00068747 -0.000860482 0.000349639 0.0339759 0.204578 157.835 
-0.00292467 0.0250188 -0.000647172 0.000640433 -0.00181998 0.000490012 0.0211793 0.192539 157.659 
0.00405769 0.021768 0.000438462 0.000506731 -0.00141947 0.000829327 0.0245192 0.206731 157.485 
0.00512917 0.0197152 -0.0005006 0.000518607 -0.00152365 0.000753902 31.4876 0.206002 157.281 
-0.00171079 0.0232806 -0.002447 0.000564988 -0.00031271 0.000370983 78.5873 0.175779 157.101 
-0.00802635 0.0229138 -0.00484695 0.000771257 -0.00144719 0.000311138 47.1298 0.172216 156.916 
-0.00332632 0.0241892 -0.00357344 0.00118828 -0.00235407 0.000472967 0.0660287 0.180383 156.728 
0.00298829 0.026189 -0.00054313 0.00110562 -0.00116392 0.000769176 0.042055 0.160096 125.242 
0.00511695 0.0231964 -0.000165871 0.000477327 -0.00148329 0.000797375 0.027685 0.132697 46.9284 
-0.00233778 0.0219647 -0.00334613 0.000571871 0.000122288 0.000422884 0.0510131 0.113468 0.0328963 
-0.00730619 0.0227893 -0.00427143 0.000772381 -0.00129024 0.000363095 0.0585714 0.0828571 0.0352381 
-0.00154197 0.024785 -0.00104946 0.00104114 -0.00272105 0.000531034 0.0416171 0.0558859 0.0382878 
0.00414751 0.0243059 -0.000191449 0.000906888 -0.00113729 0.000762708 31.1461 0.0638955 0.0401425 
0.0054586 0.0214878 -0.00297604 0.00050866 -0.00101661 0.000748517 77.7246 0.0918149 31.1068 
-0.00233886 0.0204398 -0.00434621 0.000659005 -0.000333886 0.000390047 46.6033 0.0909953 77.6299 
-0.00661491 0.0225948 -0.00323385 0.000780592 -0.00121751 0.00040568 0.0423669 0.0636686 93.0544 
5.24823e-05 0.0236447 -0.00285792 0.000556028 -0.00172151 0.000593144 0.0245863 0.0401891 77.4582 
0.00354711 0.0234541 -0.00157733 0.00041039 -0.00110083 0.000663046 0.0144038 0.0323495 30.9655 
0.00117618 0.0214285 -0.00153538 0.000422877 -0.000639387 0.000641509 0.0242925 0.0290094 0.0299528 
-0.00447044 0.0209807 -0.00353804 0.000566078 -0.000338751 0.000424735 0.0614841 0.0341578 46.3027 
-0.00420212 0.0224395 -0.00253694 0.000760941 -0.00182376 0.000395765 0.0783529 0.0472941 123.305 
0.00152691 0.0228256 -0.0006 0.000852644 -0.00177673 0.000627732 46.2383 0.0437133 107.773 
0.00354272 0.0221336 -0.000213146 0.000816901 -0.00147559 0.000711737 76.9218 0.0368545 76.8749 
-0.000346073 0.0206975 -0.00345393 0.000606331 -0.000667995 0.000576553 30.762 0.0398593 122.824 
-0.0076096 0.0212361 -0.0064363 0.000745199 -0.000533724 0.000339578 0.0449649 0.028103 153.362 
-0.00622854 0.0217883 -0.0052262 0.000594386 -0.00166433 0.000475556 0.0533333 45.9906 153.208 
0.00221028 0.0210023 -0.00239182 0.000581776 -0.00148154 0.000840888 45.9797 76.5638 153.053 
0.00647188 0.0209755 2.33372e-07 0.000662077 -0.00104901 0.00073909 76.4742 30.6343 152.873 
0.000549883 0.0212259 -0.00161981 0.000431235 0.00031049 0.000482984 30.5695 0.0641026 152.679 
-0.00690314 0.0216198 -0.00404075 0.000606752 -0.000410943 0.000285448 0.0558789 0.0498254 152.501 
-0.00307953 0.0231744 -0.00189767 0.000877907 -0.00174558 0.000311163 0.0597674 0.0355814 152.295 
0.00344878 0.0224151 -8.5482e-05 0.000841812 -0.00153775 0.000691289 0.0385598 0.0292683 152.068 
0.00511763 0.0205784 -0.000893271 0.000537123 -0.00182738 0.000690487 0.0229698 0.0410673 151.881 
0.000954809 0.0235523 -0.001492 0.000394206 -0.00021993 0.000408111 0.031518 0.0463499 151.719 
-0.00569977 0.0255634 -0.00354722 0.000624769 -0.00117361 0.000337731 0.0643519 0.0259259 151.529 
-0.00181526 0.0231852 -0.00191422 0.000643468 -0.00246127 0.000500347 0.0739884 0.0208092 151.348 
0.00479769 0.0217099 0.000191455 0.000523095 -0.000639261 0.000797691 0.0464203 0.0441109 151.176 
0.00518039 0.019269 -0.0010346 0.000563783 -0.000447751 0.000716494 0.033218 0.0835063 151.002 
-0.000863364 0.0217058 -0.0025424 0.000475115 0.000172581 0.000426267 0.0407834 0.100691 150.814 
-0.00755489 0.0240097 -0.00418228 0.000639816 -0.00063061 0.000349137 0.0448792 0.0863061 150.627 
-0.00381563 0.0235761 -0.00255609 0.00105724 -0.00135586 0.000514713 0.0365517 0.103218 150.467 
0.00308037 0.0231658 -0.000930654 0.000937084 -0.000555454 0.000708152 0.0323766 0.135706 150.308 
0.00198716 0.0228227 -0.00259839 0.000615826 -0.00107202 0.000581881 0.0206422 0.137156 150.145 
-0.00486323 0.0202765 -0.0052126 0.000620848 -0.000259794 0.000328522 0.0290951 0.133104 149.959 
-0.00554805 0.0199275 -0.00241968 0.000541419 -0.00152883 0.000412586 0.0640732 0.118993 149.767 
0.000538286 0.0225785 -0.000636571 0.000764571 -0.00295177 0.000685714 0.0493714 0.117943 149.646 
0.00408744 0.021626 -0.00082968 0.000698402 -0.00189315 0.000731279 74.8116 0.14726 149.508 
0.00240912 0.0222442 0.000126112 0.000451083 -0.000579475 0.000622349 74.7651 0.160775 149.315 
-0.00430023 0.0213364 -0.00349636 0.000619818 -0.000366287 0.000407973 0.0922551 0.16287 149.124 
-0.00508077 0.021846 -0.00336837 0.000769283 -0.00138294 0.000393402 0.0739477 0.169511 148.975 
0.00188818 0.0241241 -0.000164773 0.000766364 -0.000675 0.000601364 0.0440909 0.168182 148.841 
0.00522043 0.021017 -5.74347e-05 0.000601135 -0.000344835 0.000601135 0.0528944 0.155959 148.676 
0.000875964 0.0190322 -0.00308163 0.000537642 0.000115193 0.000453061 0.0907029 0.161905 148.516 
-0.00564507 0.0221878 -0.00459003 0.000774405 -0.000851869 0.000362627 0.0822197 0.156512 148.352 
-0.00290905 0.0236704 -0.00258778 0.000674434 -0.0022371 0.000573529 0.0628959 0.141176 133.38 
0.00399119 0.0222798 -0.00118328 0.000431186 -0.00177853 0.000908475 0.040452 0.148927 74.0246 
0.00582325 0.0172451 -0.0010921 0.00057991 -0.00180745 0.000792099 0.0158014 0.151242 88.735 
-0.000702593 0.0189899 -0.00356528 0.000591206 -0.000133935 0.000437204 0.0365276 0.167306 132.94 
-0.00690653 0.024236 -0.00355023 0.000661712 -0.00110833 0.000351351 0.0635135 0.171171 73.7739 
-0.00323172 0.0252574 -0.000423847 0.00106637 -0.00246322 0.000392351 0.0542182 0.144207 88.4362 
0.00278652 0.0243043 0.000545843 0.000876629 -0.000534382 0.000592584 14.7685 0.144719 132.513 
0.00521033 0.020292 -0.00158339 0.000398878 -0.000883277 0.000657015 88.2797 0.139618 58.8575 
-0.00186906 0.0217747 -0.00225224 0.000369955 -0.000616592 0.000404036 132.241 0.124439 14.7352 
-0.00658119 0.0231536 -0.00151064 0.000420605 -0.00138679 0.000369093 58.7281 0.129227 73.4 
-7.85235e-05 0.0198573 -0.00177136 0.000934452 -0.0018443 0.00046868 0.0337808 0.125056 58.6396 
0.00481453 0.0198456 -0.000226145 0.000956425 -0.000892737 0.000693631 0.0189944 0.10257 14.6545 
0.00569174 0.0201694 -0.00170915 0.000455357 -0.0014221 0.000726116 0.0145089 0.107813 87.7641 
-0.00177079 0.0196667 -0.00363144 0.000455741 -0.00149989 0.000419398 0.0332219 0.106355 146.09 
-0.00682494 0.0218766 -0.00166726 0.000585746 -0.00249532 0.000353675 0.0356347 0.0659243 131.338 
-0.000730812 0.0232501 -0.000749055 0.000899666 -0.00220044 0.000433148 14.6058 0.0375973 58.3268 
0.00325822 0.0220849 -0.000547778 0.000800889 5.17778e-05 0.000635778 72.8216 0.0291111 0.0428889 
0.00147991 0.0221017 -0.00229856 0.00031343 0.000326526 0.000630189 58.2082 0.0293008 29.1392 
-0.00413282 0.0216055 -0.0050847 0.000477827 -0.000867406 0.000355654 0.0685144 0.0210643 72.6743 
-0.00373156 0.0219798 -0.00281085 0.000821041 -0.0018423 0.000382281 0.0790698 0.0232558 72.5734 
0.00156438 0.0234177 -0.000265708 0.000881858 -0.00186018 0.000666372 29.0608 0.0329646 72.4772 
0.0038042 0.021638 -0.00074895 0.000692597 -0.00145436 0.00074895 72.4307 28.9797 72.3985 
0.000395806 0.0200868 -0.00277506 0.000522075 -0.000609051 0.000583885 43.4152 72.3305 101.228 
-0.00635788 0.0197982 -0.00421544 0.000674531 -0.000449835 0.000367806 0.0575524 72.2538 144.441 
-0.00437819 0.021687 -0.00302775 0.000846696 -0.00139559 0.00037467 0.0707048 72.1698 144.287 
0.0022066 0.0199932 -0.00205853 0.000807481 -0.0012264 0.000694169 0.0664466 72.0823 144.128 
0.00501099 0.017802 -0.000586593 0.000584176 -0.00133275 0.000703956 0.0496703 100.804 143.956 
0.000274424 0.0202349 -0.00221778 0.000513721 -0.000211636 0.000422832 0.0458836 115.096 143.791 
-0.00677281 0.0210318 -0.00550768 0.000696272 -0.000668421 0.000291228 0.0758772 43.1491 143.62 
-0.00517809 0.023069 -0.0037437 0.00055356 -0.00150778 0.0005023 0.0922234 28.7446 143.451 
0.00169365 0.022172 -0.000462363 0.000441138 -0.000769584 0.000783807 0.0555799 100.365 143.317 
0.00476 0.0190345 0.00075235 0.000483716 -0.00134339 0.000662295 0.0474317 143.21 143.181 
-0.000815066 0.0222413 -0.00163188 0.000389956 -0.000228821 0.000426638 0.0875546 114.462 143.013 
-0.0071289 0.022858 -0.0041313 0.000553762 -0.000593675 0.000344384 0.0985823 71.4796 142.819 
-0.00328998 0.0210266 -0.00164052 0.000918519 -0.00167625 0.000436383 0.0860566 71.4028 142.647 
0.00375147 0.0209476 0.000984984 0.000861806 -0.000908814 0.000678999 0.0557127 42.8165 142.508 
0.00478848 0.018877 -0.00026913 0.000509348 -0.00085413 0.000651522 0.0328261 0.0415217 142.35 
-0.00204973 0.0195779 -0.00375961 0.000507709 6.84039e-05 0.000395223 0.0631922 0.034962 142.167 
-0.00688503 0.0202898 -0.00537028 0.000679826 -0.00126811 0.000344035 0.0876356 0.0446855 142.003 
-0.00139653 0.0210228 -0.00206176 0.000660672 -0.00242795 0.000590466 0.0710726 0.0615385 141.865 
0.0040842 0.0222937 0.000615368 0.00052684 -0.000609091 0.000833333 0.0580087 0.0645022 141.723 
0.00422984 0.0196166 -0.00142443 0.000463135 -0.000869405 0.000686703 0.0836757 0.0642162 141.572 
-0.00325292 0.0200445 -0.00443823 0.000480778 -0.00028121 0.000359611 0.113391 0.0788337 141.412 
-0.00736332 0.0218639 -0.00414326 0.00061726 -0.00106861 0.000331392 0.109817 0.0800431 141.241 
-0.000524138 0.0214358 -0.00159246 0.000949784 -0.00263168 0.000499569 0.093319 0.06875 141.09 
0.00463402 0.0200874 -0.000488698 0.000876857 -0.000426911 0.000629494 28.262 0.077718 140.976 
0.00515398 0.0175159 -0.00281032 0.000485376 -1.56989e-05 0.00050172 70.4714 0.12043 140.843 
-0.000912997 0.0194739 -0.00346294 0.000544791 -0.000292374 0.000293448 42.2767 0.153813 140.667 
-0.00392661 0.021785 -0.00244292 0.000543133 -0.00171803 0.000453004 0.0881974 0.146567 140.507 
0.000220579 0.0205248 -0.00346774 0.00100965 -0.00252326 0.000562701 0.0926045 0.137621 140.354 
0.00321242 0.0210831 -0.00200321 0.000925696 -2.05567e-05 0.000620557 28.1334 0.149251 140.214 
0.00369711 0.021643 -0.00218139 0.000409626 -1.47594e-05 0.000531123 70.1194 0.16 140.095 
-0.00236346 0.0195812 -0.00368718 0.000543162 -0.000647436 0.000284402 42.0335 0.175855 139.969 
-0.00566958 0.0202602 -0.0019714 0.000564995 -0.00127556 0.000331057 0.034365 0.176948 139.835 
0.000920682 0.0213446 -0.000777612 0.000833902 -0.00162964 0.00036162 0.0307036 0.148827 139.687 
0.00409244 0.0218754 0.000237487 0.000846006 7.77423e-05 0.000472843 0.0302449 0.153781 139.537 
0.00015383 0.023613 -0.000626383 0.000537021 0.000205957 0.00056383 27.9043 0.175745 139.405 
-0.00405505 0.0217809 -0.00282891 0.000624867 -0.000443571 0.000383634 69.6506 0.160255 139.26 
-0.00464459 0.0209792 -0.0015121 0.000647558 -0.00190106 0.000422081 41.7607 0.135669 139.086 
-0.000826935 0.0217113 -0.000961824 0.000852386 -0.00237455 0.000533616 27.8136 0.131707 138.937 
0.00253072 0.0211443 -0.00103453 0.000829025 -0.00183199 0.000614195 69.4292 0.135593 138.814 
0.000613545 0.0219041 -0.000482116 0.000407619 -0.00137228 0.000654392 41.6353 0.14328 138.669 
-0.00530338 0.0217423 -0.00214292 0.000535518 -0.000342495 0.000416702 0.0384778 0.142918 138.517 
-0.00507117 0.0194228 -0.00244118 0.000660401 -0.00144266 0.000341288 0.0411827 0.131996 138.382 
0.00144241 0.018931 -0.00183608 0.000807384 -0.00140928 0.000512869 27.6905 0.135654 110.605 
0.0036118 0.0207357 -0.000674816 0.000712329 -0.00100042 0.000653952 96.6736 0.139094 41.4685 
0.000839158 0.0202076 -0.00119853 0.000473474 -0.000580421 0.000596211 110.359 0.123158 0.0376842 
-0.00534406 0.0161613 -0.00501682 0.000646057 -0.000268139 0.000333123 41.3886 0.10368 27.5712 
-0.00460651 0.0179947 -0.00411113 0.00074979 -0.00126492 0.000377311 27.5992 0.0903361 68.8256 
0.00232403 0.0218319 -0.000851417 0.000747954 -0.00125771 0.000675131 68.7941 0.060021 68.7505 
0.00427212 0.0201562 -9.30818e-05 0.000581761 -0.00134361 0.000730398 68.6887 0.0559748 68.682 
0.0015267 0.0173939 -0.00181152 0.000467853 -0.000465969 0.000615079 68.6153 0.0665969 68.6216 
-0.00491946 0.0188347 -0.00416067 0.000649582 -0.000723013 0.000368201 41.1467 0.042887 68.5404 
-0.00308673 0.0224169 -0.00199206 0.000881296 -0.00175528 0.0003093 0.0284222 0.0355277 68.4631 
0.00238038 0.0215733 0.000414823 0.00085595 -0.00109937 0.000650731 0.0179541 0.0634656 68.4058 
0.00322649 0.0202377 0.000305318 0.000539937 -0.00168133 0.000683212 0.0131387 0.080292 68.3435 
-0.000460417 0.0228427 -0.000512708 0.000393958 -0.000547292 0.000426667 0.0254167 0.0595833 95.5571 
-0.00520291 0.023758 -0.00195796 0.0006077 -0.000890739 0.000295942 0.0443288 27.3039 136.325 
-0.00270603 0.0209486 -0.00187152 0.000931809 -0.00174886 0.00035052 27.2769 68.138 136.187 
0.00255223 0.0190528 -0.00111589 0.000865213 -0.000519003 0.000667913 68.0631 40.8876 136.055 
0.00338651 0.0199627 -0.000819917 0.000513693 -0.000786515 0.000725519 68.0035 0.0744813 108.713 
-0.0038143 0.0211913 -0.00211337 0.000458031 0.000210777 0.000381969 67.9341 0.0493264 67.8632 
-0.00790166 0.0211052 -0.0030911 0.000698137 -0.00107495 0.000275155 40.746 0.0503106 94.9108 
-0.00187198 0.0207988 -0.00105005 0.00109576 -0.0022484 0.000542503 0.0670114 0.0583247 135.456 
0.00347252 0.0216568 0.000838017 0.00094876 -0.00132149 0.000745248 0.0518595 0.0452479 135.334 
0.00539628 0.0218553 0.000341796 0.000466873 -0.00166316 0.000627657 0.0357069 0.0344685 135.215 
-0.000840206 0.0203701 -0.00142268 0.00041134 -0.000236495 0.000354433 0.0494845 27.0495 135.045 
-0.00577508 0.0188179 -0.00252688 0.000509166 -0.000999794 0.000329969 0.0523172 94.4844 134.851 
-0.000136214 0.0192272 -0.00118272 0.000846091 -0.00175782 0.000515432 26.9899 134.82 134.724 
0.0036518 0.0202127 0.000918191 0.000847071 -0.000815416 0.000702775 67.3488 107.757 134.608 
0.00438645 0.0186971 -0.00157598 0.000485216 -0.00127392 0.000744148 40.378 40.4006 134.434 
-0.00283015 0.0161902 -0.00554646 0.000516718 -0.000330462 0.000467282 0.0328205 0.0422564 134.275 
-0.00708709 0.01566 -0.00473094 0.000636885 -0.00163299 0.00038627 0.0418033 0.0430328 134.152 
0.00105977 0.0187713 -0.0017259 0.00101617 -0.0024739 0.000660184 0.0323439 0.0679632 134.025 
0.00562945 0.0200231 0.000352147 0.000857055 -0.00141493 0.000703885 0.0349693 0.0881391 133.9 
-0.000617365 0.0195009 -0.00138958 0.000479673 -0.000525434 0.000519918 0.0604699 0.0751788 133.751 
-0.00645878 0.0195037 -0.00430327 0.000739592 -0.000870408 0.000402857 0.0804082 0.0914286 133.601 
-0.00130153 0.0198045 -0.00276738 0.000902141 -0.0016055 0.000448318 0.0764526 0.0846075 133.473 
0.00465092 0.0192766 -0.00117128 0.000731568 -0.000477393 0.000643585 0.0784114 0.0743381 133.331 
0.00536562 0.0148796 -0.00262726 0.000479959 -0.000453306 0.000614039 0.0651068 0.120041 133.202 
-0.000205488 0.0161626 -0.00442947 0.000550407 0.000187195 0.000377439 0.0325203 0.123984 133.071 
-0.00601706 0.0212014 -0.00411127 0.000717766 -0.00125401 0.000349848 0.0477157 0.106599 132.905 
-0.00309838 0.0200394 -0.0042858 0.000739351 -0.00325822 0.000599797 0.0649087 0.11359 132.757 
0.00232036 0.01931 -0.00227153 0.000481256 -0.0013613 0.000711651 0.0435664 0.122594 132.666 
0.00484332 0.0167796 -0.000382186 0.000508502 -0.000402227 0.000530567 0.0364372 0.137652 132.579 
-0.000253387 0.0182382 -0.00221011 0.000496461 -0.00094095 0.000348837 0.0667341 0.137513 132.427 
-0.00512242 0.0221968 -0.00219556 0.000536162 -0.00208586 0.000313737 0.0474747 0.106061 132.304 
-0.000320484 0.0195271 -0.00116993 0.000906357 -0.00197679 0.00036448 0.0413724 0.101917 132.209 
0.00398125 0.0193171 -0.000133871 0.000856452 -0.000303629 0.000491532 0.0524194 0.127016 132.087 
0.00191561 0.0220099 -0.00138651 0.000510977 -0.000427996 0.000480564 0.0483384 0.155086 131.97 
-0.00500966 0.0190692 -0.00419376 0.000560161 -0.000196982 0.000279074 0.0774648 0.157948 131.824 
-0.0062195 0.0171811 -0.00416302 0.000597387 -0.00149829 0.000371256 0.0633166 0.137688 131.655 
-0.000154618 0.0187388 -0.00287229 0.000510241 -0.00239839 0.000589759 65.8163 0.10743 131.533 
0.00279659 0.0198939 -0.00130411 0.000462788 -0.000821063 0.000740622 131.446 0.114343 131.434 
0.00176874 0.0195627 -0.00208116 0.000416232 -0.000743888 0.00061503 65.6713 0.162325 131.289 
-0.00334054 0.0159165 -0.00434695 0.000516316 -0.000133534 0.000283884 0.036036 0.162162 131.157 
-0.004762 0.0169516 -0.0024626 0.0004854 -0.0011918 0.0003162 65.549 0.129 65.535 
0.00097043 0.0191832 -0.000684116 0.000777023 -0.0020951 0.000389211 65.4745 0.147852 65.4745 
0.00465509 0.0182689 -0.00124731 0.00075988 -0.000403992 0.000511976 65.3992 0.163673 130.778 
0.00221256 0.0183707 -0.00229472 0.000451047 -8.07577e-05 0.000555334 130.647 0.152542 65.337 
-0.0032747 0.0185633 -0.00335757 0.000547012 -0.000331873 0.00032012 65.2709 0.129482 65.2689 
-0.00382209 0.0208107 -0.002159 0.000720995 -0.000857313 0.000267065 13.0834 0.0959204 117.343 
0.00243121 0.020497 -0.000822664 0.000739165 -0.00122068 0.000469781 78.1879 0.0689861 52.127 
0.00491341 0.017856 0.000140814 0.000517378 -0.000830189 0.000618272 117.13 0.0516385 0.0528302 
0.00074881 0.0196046 -0.000119444 0.000352976 0.000209325 0.000556548 52.0504 0.0599206 13.0405 
-0.00141401 0.0119403 -0.00137036 0.000187463 0.00072803 0.000265225 0.0444356 0.0420551 26.006 
-0.000385043 0.00139952 -0.000693712 1.8052e-05 0.000161278 1.03154e-05 0.00238048 0.00991867 12.9998 
