1.5349 9.0568 -0.6571 0.2522 0.271 0.108 19669.3 104.9 65458.7 
1.00053 5.83773 -0.917933 0.1076 0.1502 0.112133 21849.2 68 43636.7 
-0.53735 4.65555 -0.82195 0.0554 0.0914 0.08125 16387.1 52.1 32726 
-0.80556 3.73432 -0.35264 0.07276 0.06352 0.06668 20969.9 43.92 26183.4 
0.0911667 3.2702 -0.284367 0.0998 0.0841 0.0558 21842.6 38.6 21820.6 
0.523914 2.8276 -0.274771 0.0641429 0.0768 0.0271143 11234.8 30.8571 18702.1 
0.026525 2.336 -0.159475 0.03315 0.0479 0.04885 1641.9 27.45 16362.6 
-0.427867 2.16667 -0.0998667 0.0479556 0.0495333 0.0332444 4.57778 24.4 14544.1 
-0.45904 1.80336 -0.21362 0.08076 0.03288 0.02936 5244.22 21.02 13092 
0.0699818 1.61418 -0.441582 0.0683273 0.0317818 0.0315273 10721.8 19.7091 11903.3 
0.367617 1.60415 -0.353 0.0416833 0.0561167 0.0180667 6552.45 16.65 10909.8 
0.148215 1.29202 -0.136646 0.0376923 0.0498769 0.033 1009.58 15.6769 10068.9 
-0.139029 1.18991 -0.0438857 0.0305857 0.0284429 0.0235143 2.74286 14.4857 9348.97 
-0.248653 1.1942 -0.0325067 0.0263867 0.0218933 0.0226933 3496.77 13.4667 8726.56 
0.0742 1.26514 -0.060475 0.0269125 0.024875 0.0271875 7372.01 13.6375 8182.64 
0.205682 1.22488 -0.0253176 0.0353765 0.0295765 0.0223765 6938.69 12.2471 7701.24 
-0.0575667 0.9916 -0.137656 0.0299222 0.0360556 0.0250778 3642.11 11.3111 7272.13 
-0.232916 0.995516 -0.152053 0.0388211 0.0328632 0.0196105 3450.49 10.3684 6888.62 
-0.01315 0.98865 -0.09426 0.05688 0.03168 0.01621 2623.11 10.69 6544.15 
0.159295 0.842867 -0.243086 0.0761333 0.0590286 0.012219 626.124 10.8667 6232.66 
0.0806545 0.725991 -0.283891 0.107982 0.0638545 0.0112182 2979.11 9.54545 5949.75 
-0.00813913 0.749043 -0.367357 0.0943478 0.0471913 0.0120696 2280.7 9.2087 5690.27 
-0.0249167 0.633792 -0.465383 0.0744083 0.0343667 0.0112083 4.14167 8.14167 5451.96 
0.064728 0.681736 -0.449136 0.079344 0.025592 0.02196 3.936 6.672 5234.51 
0.0813692 0.613923 -0.487769 0.0707077 0.0312923 0.0360462 2.26923 6.94615 5034.45 
0.0165852 0.397096 -0.59683 0.072763 0.0317778 0.0370741 2.84444 7.62963 4848.36 
-0.0598143 0.357 -0.616414 0.07075 0.0339571 0.0264571 3.81429 7.12857 4675.56 
-0.0539172 0.235152 -0.581641 0.0725103 0.0252897 0.0103931 4.93103 6.62759 4514.14 
0.02538 0.163753 -0.661927 0.0814067 0.0164933 0.00386 6.04 6.74667 4363.24 
0.0379806 0.128 -0.697794 0.0576452 0.0181161 0.0121806 6.25161 6.71613 4222.87 
0.0020625 0.107069 -0.638837 0.034375 0.0148563 0.0145313 6.6 6.5 4091.33 
0.00592121 0.0761697 -0.621776 0.0225333 0.00899394 0.00755152 6.72727 6.15758 3967.54 
0.0125706 0.0478235 -0.599529 0.00878824 0.0042 0.00463529 6.82941 5.84118 3850.92 
0.00347429 0.0389314 -0.557714 0.00580571 0.00346857 0.00555429 6.88 5.49714 3740.78 
0.0105222 0.0367611 -0.554294 0.00654444 0.00337222 0.0047 6.67222 5.30556 3636.66 
0.0164486 0.0249676 -0.549405 0.00286486 0.00384865 0.00188108 6.56216 5.25405 3538.34 
0.0179526 0.0194105 -0.531168 0.00155789 0.00203684 0.00105263 6.6 5.01053 3445.12 
0.0135538 0.0188667 -0.508251 0.00232308 0.000323077 0.000907692 6.50769 4.70256 3356.57 
0.01249 0.02163 -0.492255 0.002395 0.000665 0.001165 6.34 4.53 3272.4 
0.013239 0.0221268 -0.480439 0.0019122 0.000804878 0.00117561 6.25854 4.45366 3192.24 
0.0123905 0.0198952 -0.466657 0.0010619 0.00111905 0.000766667 6.19048 4.39048 3116.03 
0.0111209 0.0185442 -0.457535 0.00100465 0.00150698 0.000725581 6.17674 4.22326 3043.55 
0.0113364 0.0147636 -0.452314 0.00113182 0.00117273 0.000609091 6.22727 4.08182 2974.24 
0.0155511 0.0125511 -0.441662 0.000817778 0.000671111 0.000808889 6.28889 3.93333 2907.99 
0.0156435 0.0116348 -0.429491 0.000547826 0.00106957 0.000634783 6.25652 3.76957 2844.71 
0.0140128 0.00748511 -0.419489 0.000957447 0.00174894 0.00108936 6.22128 3.73617 2784.14 
0.0151708 0.00594583 -0.411742 0.001525 0.0016875 0.002275 6.22083 3.72083 2726.09 
0.0173347 0.00506122 -0.406257 0.00107347 0.00125714 0.00253878 6.17143 3.69796 2670.48 
0.023304 0.004172 -0.399408 0.000928 0.000756 0.0022 6.172 3.644 2617.08 
0.0225098 0.00601961 -0.388859 0.00135294 0.000611765 0.00120392 6.10588 3.58039 2565.54 
0.0601962 0.191669 -0.187619 0.00577308 0.00612692 0.00287692 3.26154 3.84615 2517.53 
0.0592453 0.351011 0.00156981 0.0102604 0.0109208 0.00589811 989.479 4.09057 2471.67 
-0.0459556 0.368181 -0.0387815 0.00775185 0.00945185 0.00584444 1213.74 3.88148 2426.06 
-0.0979309 0.389207 -0.0639382 0.00637455 0.00835636 0.00497091 238.913 3.92364 2381.76 
-0.0242464 0.347304 -0.0567464 0.01165 0.0100786 0.00672857 0.985714 3.73571 2338.99 
0.0529088 0.3318 -0.0471474 0.0112526 0.0115158 0.0063614 1.00702 3.54737 2297.86 
0.0500655 0.312734 -0.0366069 0.00661034 0.00946552 0.00615517 904.348 3.74138 2258.56 
-0.0300271 0.327685 -0.0446576 0.00528814 0.00830847 0.00620339 1110.8 3.4339 2220.48 
-0.0798133 0.33697 -0.0472567 0.00535 0.00815333 0.00433 219.02 3.28667 2183.22 
-0.0146689 0.339302 -0.011 0.0104 0.00844262 0.00651803 0.822951 3.29508 2147.24 
0.0618968 0.325781 -0.00418387 0.0105903 0.00932258 0.00603548 0.825806 3.24516 2112.46 
0.0443937 0.281959 -0.0100222 0.00581905 0.00848889 0.00595556 832.632 3.31746 2079.21 
-0.0466063 0.308666 -0.0052625 0.00410938 0.00615 0.00629687 1024.09 3.15937 2046.98 
-0.0748308 0.30748 -0.0237815 0.00462769 0.00524615 0.00402154 202.148 3.27385 2015.27 
-0.0281455 0.279618 -0.0257212 0.00935758 0.0075 0.00478182 0.666667 3.28485 1984.61 
0.0289463 0.257418 -0.0114 0.014606 0.00950149 0.00418209 0.826866 3.15522 1954.91 
0.0374824 0.277024 0.0106853 0.0240118 0.0151765 0.00499706 0.794118 3.19412 1926.23 
-0.0261507 0.292545 -0.0277652 0.0292029 0.0255304 0.00744928 0.571014 3.13913 1898.21 
-0.0487143 0.252466 -0.0875543 0.0297886 0.0212914 0.00561429 749.314 2.94857 1870.83 
0.00171549 0.235992 -0.112862 0.0308789 0.012738 0.00552113 923.279 2.80563 1844.4 
0.0147056 0.217778 -0.145019 0.0352083 0.0153444 0.00636389 182.933 2.99444 1818.64 
0.0115342 0.185107 -0.211101 0.0384 0.0243781 0.00682192 1.46849 3.15616 1793.4 
0.0236622 0.157554 -0.223186 0.0322892 0.0192243 0.00717027 1.43514 2.98649 1768.98 
0.00192 0.108389 -0.23472 0.03424 -0.000104 0.006088 1.536 2.37333 1745.3 
0.00299737 0.0672421 -0.261855 0.0315921 -0.00185263 0.0129395 1.84737 2.23158 1722.11 
0.0229065 0.0588935 -0.256862 0.029761 0.0058026 0.0165688 2.35325 2.54026 1699.75 
0.00625897 0.0319385 -0.27549 0.0283795 0.0123154 0.0081641 2.85641 2.37436 1678.23 
-0.0332557 0.0262861 -0.29521 0.0138203 0.0114532 0.00472152 3.10633 2.43291 1657.25 
-0.0303325 0.0350175 -0.27788 0.0101775 0.004995 0.005705 3.5325 2.6775 1636.55 
-0.00325679 0.0191728 -0.24801 0.00752593 0.00272593 0.00327407 3.34568 2.57531 1616.46 
0.00388537 0.00881707 -0.243395 0.000882927 0.00129268 0.00182195 3.05854 2.48293 1596.95 
0.00606024 0.00604096 -0.23672 0.000742169 0.000920482 0.00224337 3.16867 2.44578 1577.77 
0.00355 0.00694048 -0.235114 0.000902381 0.000733333 0.00147619 3.05476 2.27381 1559.02 
0.00557882 0.00654824 -0.235689 0.000701176 0.000461176 0.000350588 2.86588 2.08941 1540.67 
0.0087907 0.00756977 -0.231995 0.000909302 0.000569767 0.000334884 2.73721 1.98837 1522.77 
0.00934943 0.0080092 -0.226777 0.0010069 0.000436782 0.000609195 2.67126 1.89885 1505.21 
0.00843636 0.00735909 -0.22417 0.000820455 0.000329545 0.000579545 2.60909 1.83636 1488.03 
0.00772809 0.00569663 -0.221488 0.000653933 0.000334831 0.000253933 2.53708 1.77303 1471.27 
0.00756667 0.00596444 -0.219184 0.000337778 0.000228889 8.66667e-05 2.50889 1.7 1454.91 
0.00719341 0.00778022 -0.217815 0.000296703 0.000375824 0.000164835 2.52747 1.66154 1438.83 
0.00815217 0.00821522 -0.215467 0.000486957 0.00038913 0.000178261 2.45435 1.67174 1423.05 
0.00868172 0.0332796 -0.190953 0.00127742 0.000933333 0.00023871 143.03 1.74409 1407.8 
-0.0125085 0.151909 -0.0910149 0.00266596 0.00241915 0.00357872 558.626 1.94468 1393.26 
-0.0433032 0.218566 -0.0255537 0.00363158 0.00451579 0.00387789 414.16 2.24842 1378.76 
-0.0328979 0.2074 -0.0225625 0.00457083 0.00623333 0.00321042 0.59375 2.41458 1364.27 
0.00190928 0.18554 -0.0386247 0.00775464 0.00744124 0.00405979 0.678351 2.28247 1350.25 
0.0293388 0.181953 -0.0348388 0.00644286 0.00713061 0.00228163 267.976 2.00408 1336.54 
0.0197212 0.203721 -0.0199616 0.00265657 0.00443434 0.00447273 662.055 1.90909 1323.18 
-0.035492 0.18185 -0.036804 0.003178 0.003676 0.003814 393.37 2.066 1309.97 
-0.0471287 0.191501 -0.0255663 0.00457228 0.0049703 0.00305149 0.328713 2.27723 1296.99 
0.00178431 0.190404 -0.0278157 0.00690784 0.00697647 0.0039902 0.3 2.21373 1284.32 
0.0341883 0.182598 -0.0208214 0.00521359 0.00600971 0.00226019 254.874 1.90291 1271.84 
0.00777115 0.200838 -0.0036 0.00204423 0.00271538 0.00408269 630.371 1.775 1259.67 
-0.0431962 0.177556 -0.0250571 0.00224952 0.00256952 0.00357143 624.263 1.90857 1247.76 
-0.0528491 0.173872 -0.0303 0.00386604 0.00338868 0.0028283 865.577 2.04151 1236.07 
-0.0108953 0.184604 -0.0232579 0.00680748 0.00605421 0.00360374 979.95 2.02804 1224.5 
0.0352611 0.170156 -0.0200352 0.00494074 0.0062463 0.00206481 364.428 1.96111 1213.01 
0.0148312 0.176736 -0.0199541 0.00173394 0.00264404 0.00284037 0.433028 1.82752 1201.85 
-0.0396073 0.185398 -0.02688 0.00178545 0.00216727 0.00286364 238.458 1.84 1191.01 
-0.0512775 0.175045 -0.0180342 0.0029027 0.00276396 0.00402883 826.526 2.01441 1180.37 
0.00699821 0.165384 -0.0101857 0.00407321 0.00618036 0.00425714 936.293 1.97857 1169.76 
0.0411168 0.17452 -0.00349204 0.00330973 0.00745841 0.00194867 580.227 1.80177 1159.31 
0.0118246 0.181514 -0.00658772 0.00305965 0.00823684 0.00464561 574.982 1.8386 1149.24 
-0.022633 0.164694 -0.0266539 0.00397739 0.0192504 0.00632696 342.056 1.99304 1139.15 
-0.037569 0.162009 -0.0294724 0.00570517 0.0214759 0.00560345 0.298276 2.0569 1129.16 
-0.0176017 0.148626 -0.0335009 0.00568889 0.0140838 0.00451453 0.394872 1.94359 1119.37 
0.000723729 0.14628 -0.0499729 0.0111356 0.0130814 0.00437966 0.594915 1.66271 1109.67 
-0.00471261 0.157024 -0.0594269 0.0146303 0.0158605 0.00452437 0.529412 1.55798 1100.28 
-0.010505 0.124883 -0.0775033 0.0145167 0.0109417 0.00355833 0.338333 1.585 1091.13 
-0.0077686 0.108379 -0.0998248 0.0149917 0.00569421 0.00336364 0.327273 1.45124 1082.02 
-0.00240984 0.117334 -0.107315 0.0113525 0.00442623 0.00319836 0.596721 1.3082 1073.02 
0.000734959 0.102976 -0.107234 0.0144829 0.00346829 0.0019935 0.899187 1.41301 1064.2 
8.06452e-05 0.0818548 -0.11931 0.0179403 0.00416129 0.00109839 1.14516 1.34516 1055.47 
0.0062096 0.0680656 -0.128922 0.0184176 0.0031168 0.001176 1.3504 1.2864 1046.97 
0.00831746 0.0504333 -0.140673 0.0206698 0.00287778 0.00159841 1.3873 1.42857 1038.68 
0.00782205 0.0346157 -0.15535 0.0192457 0.0035748 0.00206142 1.45984 1.4252 1030.56 
0.00694687 0.0215094 -0.162498 0.0153047 0.00345938 0.00164219 1.61875 1.44375 1022.62 
0.00370543 0.0112062 -0.165616 0.0112171 0.00293178 0.00169457 1.77364 1.41085 1014.73 
0.00397692 0.00378615 -0.162702 0.00659385 0.00216462 0.00118308 1.91538 1.31846 1006.94 
0.00658321 0.00302443 -0.157855 0.00327939 0.00078626 0.000731298 1.99237 1.30229 999.345 
0.00484242 0.00221818 -0.15398 0.00140909 0.000781818 0.000972727 2.00455 1.25909 991.832 
0.00305564 0.00186316 -0.15002 0.000416541 0.000681203 0.000742857 2.0406 1.22857 984.359 
0.00414627 0.00303731 -0.146567 0.000341791 0.000565672 0.000252239 2.04328 1.25821 976.954 
0.00456889 0.0045837 -0.145822 0.000779259 0.0006 0.000299259 2.04741 1.22963 969.71 
0.00506029 0.00507794 -0.145844 0.000841176 0.000602941 0.000682353 2.125 1.17206 962.575 
0.00688759 0.0061781 -0.145727 0.000480292 0.000345985 0.000675912 2.18394 1.15912 955.46 
0.00775507 0.00656232 -0.145146 0.000295652 0.00026087 0.000334783 2.17536 1.14638 948.486 
0.00643597 0.00757122 -0.147502 0.000788489 0.000316547 0.000230216 2.16403 1.11942 941.66 
0.00304714 0.00769857 -0.157553 0.00369286 0.000544286 0.000288571 2.17286 1.08429 934.879 
0.00313759 0.00512057 -0.163867 0.000287943 0.00114043 0.000442553 2.18014 1.04255 928.194 
0.00718451 0.00933099 -0.157838 -0.013662 0.00168028 0.000652113 2.12394 1.0507 921.625 
0.00622517 0.0243105 -0.142575 -0.0240965 0.00205035 0.000937063 1.98601 1.03776 915.119 
0.00617083 0.0461903 -0.122082 -0.0263722 0.00204861 0.001025 1.78889 1.02778 908.65 
0.00749517 0.0682979 -0.0998731 -0.0255655 0.00180414 0.0010731 1.52828 1.07586 902.281 
0.00654795 0.0885233 -0.0820205 -0.0230329 0.00282877 0.00100959 1.27397 1.06575 896.066 
0.00589524 0.102744 -0.061849 -0.0197646 0.00451156 0.00128844 1.04898 0.983673 889.993 
-0.00640405 0.1103 -0.0447824 -0.0108514 0.00352432 0.00252432 0.8 0.964865 884.035 
-0.00603624 0.119705 -0.034847 0.00270738 0.0016443 0.00393826 0.583893 0.991946 878.189 
-0.00606533 0.125004 -0.0258973 0.00631333 0.00227067 0.003804 87.764 1.08133 872.54 
-0.0292424 0.127959 -0.0247338 0.00402384 0.00302252 0.00184768 434.128 1.20397 867.095 
-0.0316816 0.130971 -0.0218724 0.00423026 0.00263158 0.00238684 345.071 1.20263 861.487 
0.00887451 0.12432 -0.0164641 0.00380523 0.00351111 0.00255686 0.471895 1.16732 855.701 
0.026987 0.118192 -0.00801299 0.00292987 0.00432597 0.00137143 0.507792 1.20649 850.178 
0.00112774 0.119209 -0.0139174 0.00199355 0.00397032 0.00210581 84.9523 1.32387 844.828 
-0.0247846 0.118332 -0.0271244 0.00212179 0.00386667 0.00169872 420.287 1.29231 839.5 
-0.022893 0.116861 -0.0291389 0.00204968 0.0029949 0.00202166 334.061 1.16178 834.107 
0.0110316 0.116591 -0.0191873 0.0026481 0.00264557 0.00201772 0.381013 1.12025 828.654 
0.0196969 0.115659 -0.00491824 0.00398113 0.00299371 0.00114969 0.324528 1.14214 823.507 
-0.00983875 0.118259 -0.0106737 0.00298875 0.0032675 0.00210125 82.175 1.145 818.495 
-0.0229602 0.12517 -0.0137814 0.00435776 0.00276894 0.00244969 488.534 1.1205 813.503 
-0.0133802 0.115568 -0.0075642 0.0044963 0.00464321 0.00152346 728.094 1.12099 808.464 
0.00932147 0.104401 -0.0131031 0.00747485 0.00654356 0.00105644 321.907 1.11902 803.21 
0.023511 0.107438 -0.029489 0.0164146 0.00866341 0.00126585 0.385366 1.19756 798.207 
0.00789576 0.0898679 -0.0470436 0.0192606 0.0142921 0.00124606 0.363636 1.26788 793.384 
-0.00591084 0.0665349 -0.0806301 0.0254229 0.00837711 0.0012241 0.608434 1.08313 788.435 
0.00901078 0.0558359 -0.105522 0.0285054 -0.00531138 0.00250659 0.849102 0.817964 783.57 
0.0128726 0.0386762 -0.11171 0.0197595 -0.00347143 0.00226429 1.00238 0.792857 778.907 
0.0017645 0.0257325 -0.122022 0.0157988 0.00723077 0.00264142 1.23195 0.966864 774.396 
-0.00758941 0.00355059 -0.131887 0.0102329 0.0121035 0.00312 1.50471 1.05294 769.921 
-0.0123754 -0.0208725 -0.130532 0.00684795 0.00832632 0.00145731 1.66082 0.863158 765.471 
0.012364 -0.00533837 -0.124798 0.00767326 0.00544651 0.0011186 1.70698 0.67907 761.088 
0.011289 -0.00324624 -0.132964 0.00391561 0.00443699 0.00179884 1.86821 0.689017 756.724 
-0.00775172 -0.00914023 -0.126177 0.00338161 0.00158161 0.0021931 1.9977 0.875862 752.434 
-0.00321143 -0.000753143 -0.113046 0.00401257 0.00102971 0.00229257 1.87086 0.965714 748.269 
0.00354318 0.000627273 -0.110718 0.00303523 0.000698864 0.00175341 1.82841 0.939773 744.024 
0.00371525 0.00374576 -0.107914 0.00170395 0.000810169 0.000884746 1.91864 0.924294 739.745 
0.00219326 0.0024809 -0.108415 0.000576404 0.000407865 0.000644944 1.88427 0.855056 735.563 
0.00374302 0.00289944 -0.110245 0.000301676 0.000480447 0.000381006 1.86145 0.802235 731.423 
0.00534 0.00430556 -0.110243 0.000344444 0.000444444 0.000292222 1.85889 0.761111 727.359 
0.00470939 0.0048674 -0.110241 0.000353591 0.000187845 0.000121547 1.83425 0.729282 723.359 
0.00429451 0.00421429 -0.10902 0.000468132 0.000135165 8.46154e-05 1.81648 0.697802 719.373 
0.00383607 0.00412787 -0.107938 0.000405464 0.000135519 9.28962e-05 1.80874 0.676503 715.393 
0.0040163 0.00435 -0.107629 0.00038587 0.000186957 0.000104348 1.81522 0.652174 711.461 
0.00418054 0.00435784 -0.106719 0.000428108 0.000153514 9.94595e-05 1.83568 0.637838 707.587 
0.00390968 0.00402688 -0.105774 0.00034086 0.000224731 0.000145161 1.83548 0.644086 703.765 
-0.0016631 0.0132727 -0.0972374 0.000382888 0.000298396 0.000207487 71.7155 0.680214 700.026 
-0.00825106 0.065167 -0.0504255 0.00151383 0.00129468 0.00107766 70.5298 0.774468 696.398 
0.00719577 0.102385 -0.0122762 0.00347831 0.00330265 0.00197037 0.169312 0.772487 692.762 
0.0250011 0.103998 -0.00774 0.00253895 0.00382632 0.00155579 0.226316 0.847368 689.068 
0.0145068 0.105264 -0.00267016 0.000965445 0.00250471 0.00163874 343.199 1.01047 685.597 
-0.016299 0.0891312 -0.0119354 0.00129271 0.00186667 0.00180833 682.542 0.989583 682.167 
-0.0156964 0.0954839 -0.0111606 0.00205492 0.0021171 0.00174197 339.648 0.911917 678.528 
0.0125763 0.093466 -0.0116392 0.00346289 0.00326186 0.00220412 0.226804 0.814433 674.918 
0.0168769 0.0910021 -0.0129087 0.00231077 0.00352205 0.00193231 0.215385 0.841026 671.395 
0.00675306 0.102982 -0.00693673 0.00110306 0.00213367 0.00176735 334.393 0.994898 668.158 
-0.0170711 0.095998 -0.0157086 0.00146802 0.00184365 0.00165381 665.218 0.964467 664.883 
-0.0265394 0.0971515 -0.0130737 0.00203232 0.00206162 0.00148687 331.061 0.949495 661.354 
0.00246834 0.107266 -0.000668342 0.00297286 0.00288844 0.00199497 0.251256 0.924623 657.94 
0.019466 0.103216 0.005484 0.006193 0.00367 0.001699 0.21 0.92 654.66 
0.0104557 0.100528 0.00366169 0.0102657 0.00480995 0.00143184 326.02 1.00498 651.572 
-0.00511782 0.0891475 -0.0126653 0.0115129 0.0067099 0.00165644 324.356 0.920792 648.356 
-0.012533 0.0793458 -0.0335192 0.0138818 0.00340985 0.00178128 0.192118 0.897537 644.888 
-0.00238824 0.0656216 -0.0621304 0.0139353 0.00111471 0.00293529 0.468627 0.927451 641.598 
-0.00544683 0.0520341 -0.0781707 0.0152185 0.00684195 0.00280195 0.558049 0.973659 638.5 
-0.00980194 0.0488553 -0.0807417 0.0153243 0.0129369 0.00158835 0.571845 0.958252 635.417 
-0.00331498 0.0274329 -0.0964628 0.0118908 0.010057 0.00168019 0.768116 0.808696 632.246 
0.00419231 0.0171192 -0.101934 0.0116115 0.00655 0.00169712 1.02212 0.718269 629.089 
0.0119455 0.0133464 -0.102416 0.00772536 0.00531866 0.00171866 1.10813 0.719617 626.096 
0.00587524 0.0144029 -0.104624 0.00692762 0.0032781 0.00166381 1.1181 0.80381 623.196 
-0.00248246 0.0128957 -0.100602 0.00596872 0.00447204 0.00176493 1.18863 0.811374 620.377 
-0.00630189 0.000966981 -0.101112 0.00256415 0.00348774 0.00143208 1.39906 0.710377 617.493 
0.00095493 0.000349296 -0.0980958 0.00244225 0.0017615 0.000932394 1.52864 0.69108 614.558 
0.00821682 0.00452617 -0.0913888 0.00130841 0.00101215 0.000737383 1.43925 0.740187 611.742 
0.00564744 0.00189953 -0.0903647 0.000588837 0.000307907 0.000257674 1.39907 0.818605 608.93 
0.00311852 0.00109167 -0.0909009 0.000291667 0.000143519 0.000286111 1.42037 0.864815 606.131 
0.00220184 0.00158341 -0.0917198 0.000262673 0.000128111 0.000265438 1.38157 0.843318 603.382 
0.00255596 0.00187615 -0.0911202 0.000288991 0.000190826 0.000155963 1.32661 0.816514 600.642 
0.00204932 0.00138813 -0.0899991 0.000289498 0.000156164 0.000153425 1.30137 0.791781 597.924 
0.00221091 0.00143455 -0.0898573 0.000242727 0.000305455 0.000260909 1.28636 0.775455 595.232 
0.00207511 0.00178552 -0.0897575 0.000266063 0.000297738 0.000209955 1.25973 0.78371 592.552 
0.0020982 0.00195856 -0.0889532 0.000254955 0.000130631 6.57658e-05 1.23784 0.792793 589.881 
0.00217578 0.00135874 -0.0886682 0.000189238 0.000148879 9.77578e-05 1.22422 0.772197 587.239 
0.00199196 0.000916964 -0.0885464 0.000224107 0.000129464 0.000103571 1.22768 0.76875 584.635 
0.00605956 0.0162702 -0.0739627 0.000556444 0.000449778 0.000463111 59.2533 0.784 582.023 
0.0116973 0.0589142 -0.0283504 0.00104602 0.00161062 0.000807965 348.292 0.8 579.432 
0.00750661 0.0938952 0.00553304 0.00169427 0.00185991 0.00138502 577.307 0.834361 576.926 
-0.0095114 0.0897281 -0.00700351 0.00205175 0.00180263 0.00172105 517.341 0.865789 574.383 
-0.0180943 0.0857066 -0.0170384 0.00256507 0.00243231 0.00213013 229.03 0.830568 571.713 
0.00534435 0.0899722 -0.00783304 0.00381826 0.00182957 0.00235478 57.14 0.811304 569.123 
0.0199602 0.0845818 -0.00288745 0.00257922 0.00194805 0.00143117 340.431 0.798268 566.752 
0.00207845 0.0894009 -0.00113276 0.000802586 0.00204397 0.00159138 564.846 0.793966 564.478 
-0.0152223 0.0891322 -0.00709871 0.00103176 0.00148584 0.00150386 506.225 0.817167 562.125 
-0.0146923 0.0842915 -0.00882479 0.00156581 0.00169915 0.00152564 224.104 0.77094 559.627 
0.00520511 0.0823345 -0.000676596 0.0023583 0.00233106 0.00192851 55.9268 0.782979 557.123 
0.0163941 0.0781907 0.000426271 0.00246186 0.00247627 0.00107881 333.234 0.816949 554.793 
0.00608186 0.0859308 0.000508861 0.00215527 0.00182616 0.00143713 552.889 0.835443 552.592 
-0.0138672 0.0850311 -0.00963445 0.00190756 0.0017 0.00157731 495.567 0.856303 550.318 
-0.016195 0.0831121 -0.012887 0.00228954 0.00218159 0.00151213 219.428 0.811715 547.874 
0.00514833 0.0811675 -0.0089225 0.00358 0.003195 0.002035 54.805 0.788333 545.455 
0.0126423 0.0825668 -0.00442241 0.0026639 0.00324647 0.00144398 326.368 0.773444 543.283 
0.000289256 0.0830198 -0.00156033 0.00119669 0.00190661 0.00145207 541.508 0.782645 541.201 
-0.0160008 0.072293 -0.0121037 0.00141975 0.00121893 0.00144115 485.409 0.795062 538.988 
-0.014759 0.0775549 -0.00763689 0.00178033 0.0012877 0.00155328 214.92 0.771311 536.64 
0.00363918 0.0764343 0.00229551 0.00348735 0.00220163 0.00151918 53.5951 0.8 534.366 
0.0127033 0.0767236 -0.000386992 0.0109959 0.00445122 0.00119187 319.7 0.771545 532.259 
0.0123757 0.0696664 -0.0155765 0.0152364 0.00608583 0.00147287 477.496 0.740081 530.191 
0.00381048 0.0517444 -0.0446315 0.0159016 0.00522258 0.000895161 211.398 0.752419 527.986 
-0.00204016 0.0427719 -0.0705735 0.0182562 -0.00225542 0.000955823 0.253815 0.690763 525.695 
-0.0006288 0.0289816 -0.079544 0.0129176 -0.0043664 0.00314 0.4536 0.684 523.508 
-0.00629482 0.0131785 -0.0860335 0.0110996 0.00335299 0.00375458 0.630279 0.730677 521.422 
-0.00708016 0.0096881 -0.0851921 0.0109683 0.00577143 0.00216032 0.746032 0.722222 519.435 
-0.00326877 0.0116379 -0.0875462 0.00635415 0.00429881 0.00138577 0.796047 0.672727 517.44 
0.00593071 0.00782047 -0.0881008 0.00513543 0.00312283 0.000958268 0.977953 0.680315 515.34 
0.00909804 0.00383686 -0.081618 0.00342745 0.00203216 0.00104078 1.11843 0.710588 513.329 
0.00471797 -0.00130078 -0.0842055 0.00254062 0.00135625 0.00133359 1.09375 0.745313 511.403 
0.0035144 -0.00225058 -0.0801603 0.00231907 0.000877821 0.00145214 1.07237 0.820233 509.444 
0.00220155 0.000763566 -0.0754217 0.00100853 0.00107752 0.00117519 1.14031 0.810078 507.529 
0.0025112 0.00162703 -0.0754687 0.000458687 0.000762934 0.000474903 1.19691 0.715058 505.617 
0.00118615 0.00186462 -0.07588 0.000348462 0.000193077 0.000170769 1.19308 0.665385 503.69 
0.000917241 0.00268506 -0.0762789 0.000333333 0.000215326 0.000100383 1.16782 0.675862 501.778 
0.00116718 0.00266641 -0.0762679 0.000180153 0.000199237 0.00010916 1.15954 0.660305 499.848 
0.00142966 0.00254677 -0.0755422 0.000144487 0.000114829 0.00011711 1.1673 0.627376 497.951 
0.00103485 0.00285455 -0.0747614 0.000211364 7.27273e-05 0.000113636 1.17879 0.612121 496.068 
0.00103019 0.00346491 -0.0744498 0.000178113 0.00014717 0.000111698 1.1834 0.590189 494.165 
0.00122481 0.00343684 -0.0740098 0.000115789 0.000182707 0.000137594 1.20226 0.557143 492.276 
0.000696629 0.00338951 -0.0740045 0.000103371 0.000227715 0.000122097 1.22772 0.520599 490.423 
0.000871642 0.00369179 -0.0738254 9.32836e-05 0.000297015 0.000176119 1.23955 0.503731 488.584 
0.00722379 0.0303621 -0.0492751 0.00128625 0.000377695 0.000827509 0.866914 0.548699 486.717 
0.0102519 0.0637926 -0.0114674 0.0022037 0.00107333 0.00157037 0.317037 0.574815 484.91 
-0.00779852 0.0792162 -0.00688118 0.00161697 0.0016524 0.00177048 0.096679 0.58524 483.165 
-0.019864 0.0832294 -0.00783015 0.00138971 0.00200147 0.00158603 0.116176 0.638235 481.351 
-0.00741245 0.0771538 -0.00538168 0.00133553 0.00210623 0.00172161 0.232967 0.638828 479.519 
0.00772555 0.0718044 -0.00648978 0.00175985 0.00132117 0.00183212 0.166423 0.617518 477.836 
0.0119687 0.0689316 -0.00244145 0.00163709 0.000826182 0.001544 0.0552727 0.621091 476.196 
-0.00858333 0.066779 -0.0111435 0.000778261 0.000572464 0.00123188 0.0985507 0.569565 474.439 
-0.0213661 0.0639978 -0.0112801 0.00110397 0.000600722 0.00116029 0.111191 0.564621 472.703 
-0.00904029 0.0669921 -0.00438058 0.00188201 0.00158129 0.0015295 47.3504 0.597842 470.959 
0.00771685 0.0676244 -0.00385591 0.00229104 0.00194552 0.00123369 282.007 0.605018 469.308 
0.0115607 0.065235 -0.00447071 0.00196357 0.00153143 0.00117429 421.276 0.633571 467.734 
-0.010679 0.0681281 -0.0120982 0.00154021 0.0018242 0.00120569 186.629 0.647687 466.016 
-0.018595 0.0734957 -0.00991418 0.0019227 0.00218014 0.00131206 0.114894 0.615603 464.288 
0.00170813 0.0685477 -0.00827986 0.00291025 0.00283958 0.00140636 0.20212 0.55265 462.615 
0.0129465 0.0627746 -0.00540845 0.00295634 0.00316831 0.00104225 46.3077 0.569718 461.037 
0.00875649 0.0602449 0.00650175 0.00383719 0.00210246 0.000967719 275.952 0.626667 459.511 
-0.0036014 0.0662182 -0.00238951 0.00947762 0.00257972 0.00121049 412.451 0.641259 457.885 
-0.00908641 0.0649547 -0.019476 0.0135401 0.00275958 0.00123833 182.705 0.620209 456.212 
0.00205208 0.0406528 -0.0367951 0.0134896 0.000391667 0.00142222 0.152083 0.64375 454.522 
0.0105211 0.0316886 -0.0597232 0.0135834 0.00163253 0.00201799 0.312803 0.675433 452.876 
0.00258552 0.0251855 -0.0689028 0.0113731 0.00749103 0.00143241 0.434483 0.604138 451.352 
-0.0073354 0.0153127 -0.0683869 0.00874296 0.00613608 0.000952577 0.537457 0.534708 449.813 
-0.00284589 0.0136699 -0.070239 0.00994932 0.000914384 0.000859589 0.643151 0.523973 448.213 
0.00370444 0.00696928 -0.0752171 0.00677474 0.00123072 0.00108942 0.742662 0.525597 446.702 
-0.00539048 0.00630204 -0.0781905 0.00342313 0.00241497 0.00134422 0.834014 0.609524 445.261 
-0.00815525 0.00432271 -0.0739851 0.00425831 0.00203051 0.00197559 0.854237 0.653559 443.832 
-2.2973e-05 0.00181351 -0.0685716 0.00293919 0.001075 0.00199122 0.9 0.541892 442.385 
0.00381953 0.00675758 -0.0631266 0.00191987 0.00118788 0.00126532 0.971717 0.49899 440.864 
0.00552282 0.00845101 -0.0607336 0.00132483 0.00106779 0.00109195 0.919463 0.536913 439.365 
0.00300602 0.00679331 -0.0649331 0.00105619 0.000547157 0.000482943 0.909699 0.583278 437.897 
0.00136667 0.003794 -0.0674893 0.000754667 0.00047 0.000375333 0.928667 0.608667 436.465 
0.00126246 0.00182458 -0.0664352 0.000299668 0.000268439 0.000382724 0.901661 0.585382 435.062 
0.00164702 0.0010245 -0.0656437 0.000178146 0.000190066 0.00016755 0.874172 0.566887 433.626 
0.00141452 0.000567657 -0.0649822 0.000118812 0.000246205 0.000150495 0.841584 0.559076 432.174 
0.00140461 0.000696711 -0.0653257 0.00015 0.000340132 0.000164474 0.822368 0.563158 430.732 
0.00157443 0.00138754 -0.0652715 0.000170492 0.000379672 0.000181639 0.808525 0.558033 429.33 
0.00119412 0.00174641 -0.0651098 0.000111765 0.000288235 0.000180392 0.794771 0.543791 427.937 
0.0010241 0.00208664 -0.068258 0.000566775 0.000239739 0.000192834 0.768078 0.557003 426.527 
0.00219221 0.00261494 -0.0732468 0.00254545 0.000238312 0.000212987 0.746104 0.578571 425.125 
0.00251521 0.00344142 -0.0734887 -0.000489968 0.000324919 0.00050356 0.733981 0.586408 423.739 
0.00124387 0.00767613 -0.0686103 -0.00742645 0.000400645 0.00110129 0.69871 0.591613 422.339 
0.00082701 0.0154521 -0.0622508 -0.0103293 0.000467524 0.00147846 0.619936 0.586495 420.939 
0.00245641 0.0253481 -0.0521654 -0.0105269 0.000617308 0.00160321 0.526923 0.580769 419.562 
0.0023278 0.0353936 -0.0427157 -0.00888307 0.000745687 0.00157891 0.427476 0.583387 418.199 
-0.000731847 0.0418217 -0.0379465 -0.00349045 0.00102994 0.00124968 0.332484 0.574522 416.838 
0.000690159 0.0459086 -0.0366533 0.00208063 0.00110857 0.000662857 0.265397 0.567619 415.492 
0.00324494 0.0488291 -0.0336241 0.00317215 0.000802532 0.000424051 0.208861 0.570886 414.19 
-0.000540694 0.0568833 -0.017841 0.00225426 0.000756467 0.00103659 0.186751 0.547634 412.907 
-0.0117711 0.0630226 -0.00638491 0.00162767 0.0010327 0.00096478 206.116 0.518868 411.745 
-0.0135348 0.0672665 -0.00194545 0.00148276 0.00115987 0.00116238 410.799 0.54232 410.567 
0.00859937 0.0667381 -0.00198063 0.00117563 0.00182125 0.00128875 204.841 0.540625 409.203 
0.0147059 0.0612897 -0.00375826 0.000796262 0.00218505 0.000677882 0.102804 0.52648 407.879 
-0.00594969 0.0618571 -0.00189379 0.000784472 0.00151988 0.0012882 0.158385 0.518634 406.593 
-0.0147808 0.0619975 -0.00481486 0.00124458 0.00114737 0.00112632 202.963 0.473684 405.384 
-0.00987407 0.0612 -0.00938519 0.00167778 0.00114753 0.00123395 202.312 0.459877 404.176 
0.007672 0.0597015 -0.00950277 0.00140677 0.00076 0.00128431 0.212308 0.44 402.846 
0.0131055 0.0610227 -0.00517853 0.000961963 0.0015411 0.000682209 0.162577 0.47546 401.61 
-0.00544098 0.0621761 -0.00354679 0.00108869 0.00204037 0.00135596 0.119266 0.510703 400.407 
-0.017247 0.0630098 -0.00517134 0.00140671 0.00140671 0.00109512 199.86 0.5 399.238 
-0.0179052 0.0550784 -0.0123362 0.00159818 0.00113739 0.00121277 398.365 0.49848 398.073 
0.00214303 0.0527382 -0.010937 0.00144545 0.00192 0.00126909 198.697 0.460606 396.758 
0.0135341 0.058765 -0.00551299 0.000998187 0.00264894 0.000567372 0.126888 0.459215 395.541 
-0.000891566 0.0540181 -0.00541325 0.00102048 0.00196807 0.00126325 0.105422 0.472892 394.37 
-0.0126168 0.0513616 -0.00236517 0.00232372 0.00134354 0.00104324 196.841 0.492492 393.231 
-0.0115413 0.0555754 -0.00273772 0.00493892 0.00114192 0.000876048 392.35 0.511976 392.147 
0.00599463 0.0546125 -0.0067403 0.00586806 0.00188716 0.00109493 195.701 0.477612 390.854 
0.0139214 0.0464125 -0.0178024 0.00786964 0.00286786 0.000526786 0.184524 0.488095 389.565 
0.00497092 0.0355739 -0.0295442 0.0100136 0.00528309 0.000553116 0.21365 0.492582 388.439 
0.000350888 0.0343231 -0.0409201 0.0115959 0.0043213 0.000831361 0.195266 0.443787 387.308 
0.00512802 0.031708 -0.0539162 0.0130324 0.000366962 0.00189971 0.20649 0.389381 386.136 
0.00627824 0.0195176 -0.0585553 0.00889059 0.000604118 0.00339529 0.45 0.379412 384.909 
-0.00126921 0.0115578 -0.0625982 0.00719062 0.00237713 0.00294956 0.609971 0.457478 383.795 
0.000135088 0.00540234 -0.0649316 0.00530117 0.00391111 0.00132164 0.69883 0.464912 382.74 
0.00412536 0.0029481 -0.062091 0.0022309 0.00314752 0.000540525 0.708455 0.469388 381.659 
0.0028343 0.00399767 -0.0586023 0.00285407 0.00153023 0.000609884 0.787791 0.468023 380.573 
0.00255246 0.00342957 -0.0582974 0.00192348 0.00117275 0.000746667 0.921739 0.492754 379.443 
0.00134509 0.00176069 -0.0589867 0.000580347 0.000591329 0.000494798 0.945087 0.540462 378.39 
-0.000262248 0.00195216 -0.0574963 0.000172911 0.000279539 0.000300288 0.971182 0.504323 377.352 
0.000467816 0.00119368 -0.0563471 0.000167241 0.000120115 0.000208046 0.936782 0.494253 376.27 
0.00191232 0.00113582 -0.0559553 0.000159885 0.000125501 0.000103725 0.922636 0.481375 375.198 
0.00125086 0.00184686 -0.0568543 0.000222286 0.000216571 0.000209143 0.917143 0.477143 374.157 
0.00139943 0.00165071 -0.0572125 0.000184046 0.000251282 0.000216524 0.91453 0.475783 373.103 
0.00185057 0.00133068 -0.0565278 0.0002 0.000155682 0.000110227 0.909091 0.460227 372.034 
0.00157337 0.00130652 -0.0558725 0.000190368 0.000124646 9.97167e-05 0.872521 0.464589 371.003 
0.00175706 0.00133559 -0.055665 0.00010791 0.000128814 7.57062e-05 0.844633 0.471751 369.963 
0.00181127 0.00148676 -0.0556079 7.5493e-05 0.000107606 5.80282e-05 0.850704 0.461972 368.901 
0.00176629 0.00136854 -0.0552753 8.93258e-05 0.000128652 7.07865e-05 0.848315 0.449438 367.854 
0.0015451 0.00127059 -0.0551496 0.000154062 0.000155742 8.12325e-05 0.834734 0.442577 366.801 
0.00747877 0.0214844 -0.0372659 0.000565922 0.000819553 0.000388827 0.552514 0.465363 365.763 
0.00971755 0.0437014 -0.0123772 0.000840111 0.00149248 0.000674652 109.665 0.506964 364.778 
-0.00547444 0.05515 -0.00326833 0.000968889 0.00126444 0.000868889 182.053 0.456667 363.76 
-0.0175845 0.0524898 -0.00877507 0.0014903 0.00092964 0.000821053 72.7097 0.414958 362.68 
-0.00912873 0.0471961 -0.0113591 0.00170055 0.00136685 0.00102707 0.145304 0.430387 361.667 
0.00699945 0.0490904 -0.00842534 0.00118182 0.00171791 0.00105344 0.11405 0.424793 360.686 
0.00891758 0.0472148 -0.00605055 0.00080989 0.00161429 0.000706593 108.08 0.441209 359.725 
-0.00260384 0.04872 -0.00888932 0.000964384 0.0016 0.000878356 179.605 0.434521 358.739 
-0.012071 0.0474038 -0.0149372 0.0012235 0.0019071 0.000818579 71.7454 0.44918 357.702 
2.99728e-05 0.0529673 -0.00904033 0.00209864 0.00238583 0.00113297 0.114986 0.473569 356.712 
0.0111125 0.0554109 -0.00360163 0.00179783 0.00175163 0.00121685 0.107609 0.434783 355.754 
0.00392846 0.0506065 -0.00103415 0.000825474 0.00116585 0.00102276 106.625 0.447154 354.858 
-0.00633081 0.0511195 -0.00616108 0.000787027 0.00138973 0.00106486 177.176 0.468108 353.922 
-0.0111553 0.0528102 -0.00726199 0.00145283 0.00127493 0.000708356 70.7725 0.439353 352.907 
-0.00156613 0.0525102 0.000932796 0.00171774 0.00130215 0.000887634 0.0989247 0.436559 351.952 
0.0084756 0.0494788 0.000223056 0.00390349 0.00179517 0.00121019 0.103485 0.475603 351.006 
0.00603957 0.0486652 -0.00570856 0.00667326 0.00215241 0.000947059 0.12246 0.491444 350.069 
0.000361067 0.0394165 -0.0125504 0.00726933 0.00251093 0.00068 0.1648 0.4528 349.099 
0.000624468 0.0300612 -0.0285819 0.0113122 0.00138404 0.00063617 0.269149 0.445745 348.088 
0.00589337 0.0287231 -0.0437905 0.0133379 -0.00184987 0.0017252 0.353316 0.478515 347.146 
0.00175714 0.0199116 -0.0516233 0.00940582 -0.000666667 0.00292222 0.418519 0.506349 346.249 
-0.0024781 0.0102702 -0.0565953 0.00701636 0.00393984 0.00215989 0.488654 0.512929 345.37 
-0.00194158 0.00390947 -0.0559905 0.00478579 0.00536632 0.000993684 0.572632 0.513684 344.463 
-0.00136745 -0.0017664 -0.05679 0.00386614 0.00378005 0.000869816 0.635696 0.456168 343.541 
0.00541414 -0.00131361 -0.0588979 0.00322932 0.00222618 0.000910471 0.731937 0.403141 342.673 
0.00341514 0.000513316 -0.0586606 0.00173264 0.00161149 0.000902872 0.888251 0.441253 341.814 
-0.000145313 0.000355729 -0.0538729 0.00186771 0.000801042 0.00124583 0.884375 0.458333 340.948 
0.000890909 0.00142338 -0.0497621 0.00116156 0.000313247 0.000938701 0.876364 0.468052 340.082 
0.00145337 0.000564767 -0.0491803 0.000467876 0.000217098 0.000258549 0.919689 0.484456 339.225 
0.00139328 0.00112093 -0.0499442 0.000421189 0.000205168 0.000150388 0.875969 0.4677 338.354 
0.00151031 0.00191495 -0.0515361 0.000501546 0.000257732 0.000196392 0.840206 0.453608 337.474 
0.00267095 0.00271054 -0.0512483 0.000198972 0.000320823 0.000214396 0.822622 0.447301 336.617 
0.00256462 0.00314205 -0.0507974 0.000108718 0.000228718 0.000142051 0.810256 0.420513 335.759 
0.00220665 0.00318107 -0.0508854 0.000153964 0.000180051 0.000121739 0.795396 0.386189 334.882 
0.00235612 0.00306429 -0.0506439 0.000158673 0.000144388 0.000116327 0.793367 0.354592 334.018 
0.00204427 0.00308753 -0.0504066 0.00013944 9.87277e-05 6.81934e-05 0.798982 0.346056 333.17 
0.00194822 0.00312487 -0.0502695 0.00017665 8.32487e-05 6.14213e-05 0.78934 0.34264 332.307 
0.00176557 0.00312506 -0.0500319 0.000176203 7.5443e-05 5.36709e-05 0.777215 0.331646 331.451 
0.00177071 0.00303485 -0.0500197 0.00014899 8.9899e-05 7.47475e-05 0.765152 0.320707 330.598 
0.00169642 0.00240343 -0.0399773 0.000133636 0.000100353 7.76601e-05 0.604135 0.243066 264.07 
0.00065053 0.000948563 -0.0149728 5.09329e-05 4.23601e-05 2.92486e-05 0.228442 0.0892587 99.0242 
