-1.8555 9.6747 -0.4516 0.2888 1.0947 0.2664 36.5 65519.5 65445.5 
0.549333 6.05273 -0.3316 0.2226 0.669933 0.0910667 16 43682.7 43648 
1.00635 4.94255 -0.0036 0.15935 0.52715 0.08965 12.55 29488.8 32739 
-0.47824 3.83128 -0.38624 0.15184 0.4406 0.09332 12.72 13107 26192 
-0.815633 3.20987 -0.366 0.118067 0.333833 0.0923333 12.1 13104.9 21828.2 
-0.142143 3.08389 -0.0380286 0.0874571 0.247914 0.0709143 9.6 16848.7 18708.1 
0.415825 2.88937 -0.05285 0.06605 0.238075 0.032125 9.025 6553.37 16369.4 
0.331822 2.40393 -0.213133 0.0646222 0.262333 0.0405111 9.4 1456.38 14555 
-0.30832 1.9914 -0.24544 0.07352 0.2222 0.05658 6.3 7861.02 13103.5 
-0.489018 1.56625 -0.223309 0.0719091 0.189491 0.0537636 4.05455 11910.7 10722.3 
-0.0787833 1.44608 -0.216783 0.05865 0.15215 0.0395167 3.56667 9827.73 5462 
0.266646 1.44838 -0.175031 0.0505385 0.154646 0.0199846 5.64615 5041.65 5040.17 
0.0706571 1.48677 -0.0893 0.0522714 0.147557 0.0193143 4.92857 4681.9 3743.84 
-0.218787 1.32251 -0.09456 0.04548 0.12464 0.0314133 4.57333 3496.15 873.853 
-0.251 1.08896 -0.0781625 0.0346875 0.141887 0.030925 5.8875 1.7625 4912.99 
-0.116282 1.07119 -0.174447 0.0303294 0.122588 0.022 4.22353 1.02353 7707.78 
0.1423 1.0665 -0.211633 0.0287667 0.121467 0.0160444 3.61111 1.43333 7280.77 
0.0760632 1.11727 -0.0799789 0.0348211 0.115895 0.0196737 4.63158 2.67368 6897.81 
-0.19885 0.91983 -0.11578 0.03415 0.09602 0.02957 4.15 1.91 5897.93 
-0.221867 0.769 -0.0806381 0.0319333 0.103171 0.0271429 3.84762 1.37143 2496.88 
0.0191182 0.924227 -0.0316727 0.0263182 0.0838909 0.0169455 3.82727 2.40909 1.11818 
0.2056 0.865722 -0.144357 0.0224348 0.0894087 0.0130609 2.9913 2.55652 1.06087 
0.0849333 0.778625 -0.12455 0.029475 0.0881 0.0145667 2.70833 2.925 0.725 
-0.083128 0.731304 -0.078632 0.0272 0.075752 0.025752 1.912 3.496 1.416 
-0.101131 0.672792 -0.0239615 0.0263231 0.0874154 0.0253615 1.04615 3.64615 2.07692 
0.0508815 0.752467 0.00252593 0.0216074 0.0721556 0.0125704 1.2 4.38519 2.17778 
0.166979 0.732257 -0.0689714 0.0177286 0.0763786 0.00965 1.71429 4.47143 2.2 
0.0275034 0.727097 -0.0278759 0.0248207 0.0724828 0.0116966 1.1931 5.28966 2.07586 
-0.115367 0.733227 -0.00536 0.0189267 0.06056 0.0186667 0.626667 5.82667 438.6 
-0.159665 0.614071 -0.0987484 0.0187677 0.0747032 0.0189613 1.63226 4.6 2536.85 
0.0268125 0.583875 -0.0778437 0.0184187 0.0616625 0.0104875 2.69375 4.81875 3685.16 
0.161588 0.568782 -0.0588606 0.0181939 0.0659576 0.0087697 2.58182 5.75758 1588.32 
0.0342412 0.540035 -0.0733353 0.0248765 0.0708941 0.0136824 772.447 5.67059 0.0941176 
-0.115943 0.569714 -0.0264057 0.0194571 0.0565714 0.0168057 1872.95 5.69143 0.0342857 
-0.0812056 0.580989 0.00128333 0.0167333 0.0528667 0.0139722 1093.14 5.75556 728.144 
0.0984432 0.556584 -0.0267297 0.0175351 0.0512054 0.00929189 1.73514 5.73514 2479.28 
0.102432 0.457679 -0.0651684 0.0203105 0.0625947 0.00840526 2.04211 6.10526 3448 
-0.0115128 0.515764 -0.0839795 0.0202462 0.0583026 0.0137179 1.66154 5.71282 3359.29 
-0.0751 0.561885 -0.051185 0.018665 0.0451 0.01641 1.525 4.775 3275.01 
-0.0452488 0.421249 -0.0701073 0.0190098 0.0400829 0.0118 2.08293 4.27805 3194.06 
0.056981 0.408067 -0.0974238 0.0166048 0.0473333 0.00743333 2.42857 4.19048 3117.26 
0.084186 0.450777 -0.0716558 0.0164744 0.0532419 0.00677209 2.26512 3.90233 3044.9 
-0.0310182 0.420305 -0.0585545 0.0178318 0.0487727 0.0115955 1.85455 3.20909 2976.01 
-0.0801911 0.38736 -0.0220578 0.0179156 0.0480311 0.0131022 1.41778 2.85778 2909.81 
-0.00366957 0.403617 -0.0283435 0.0131696 0.039613 0.00786087 1.35652 2.76522 2846.44 
0.0777234 0.428685 -0.0398043 0.0106766 0.0435362 0.00519574 1.59574 2.82128 2786.01 
0.0324 0.44505 -0.014 0.0124042 0.0453542 0.00636667 1.5625 3.10417 2727.81 
-0.0613755 0.372878 -0.0319959 0.0128857 0.0407592 0.0112857 1.42449 2.81224 2671.22 
-0.059232 0.32062 -0.024812 0.013484 0.043456 0.012736 1.404 2.164 2617.37 
0.0345686 0.389333 0.00507451 0.0115608 0.0356784 0.00708235 1.35686 2.07843 2566.23 
0.102442 0.353119 -0.0523769 0.0110577 0.0401731 0.00577308 1.17692 2.00769 2516.84 
0.0322981 0.340309 -0.0668792 0.0135736 0.040566 0.00849057 1.3283 2.16604 2469.46 
-0.0639148 0.382341 -0.0200926 0.0101667 0.0335111 0.0140222 1.61852 2.01852 2424.18 
-0.05884 0.382669 0.00328364 0.01596 0.0386727 0.0127745 2.17818 1.18909 2379.85 
0.04715 0.359168 0.00608571 0.0168071 0.0352214 0.00488214 2.325 0.896429 2337.12 
0.0683123 0.310116 -0.00837193 0.0136982 0.0351298 0.00406316 1.79298 1.16842 2296.79 
-0.0238897 0.315121 -0.0333931 0.0141379 0.0348379 0.00668276 1.40345 0.962069 2257.6 
-0.0676102 0.357586 -0.00867797 0.00819322 0.0332508 0.00842712 0.888136 0.745763 2219.2 
-0.0164967 0.34911 0.0112633 0.00976667 0.0329933 0.00846 0.98 0.993333 2182.19 
0.0643475 0.311249 -0.0186656 0.0110426 0.0307475 0.0066459 1.2 1.04918 2146.45 
0.0524097 0.288829 -0.0343419 0.0101161 0.0376645 0.0064871 1.08387 0.83871 2112.06 
-0.00872381 0.304876 -0.0589651 0.0121016 0.0331206 0.00923175 1.17143 0.561905 2078.68 
-0.0474031 0.302234 -0.0462656 0.0126031 0.0264125 0.0111781 1.43438 0.353125 2046.29 
-0.0154831 0.257375 -0.0295877 0.0117169 0.0276554 0.00802462 1.71077 806.695 2015.4 
0.0500121 0.297979 -0.0274273 0.0112061 0.0329303 0.00439697 1.78485 794.621 1984.7 
-0.00708358 0.341439 -0.00636716 0.0119164 0.0325701 0.00616119 1.40299 391.433 1954.99 
-0.0779 0.337097 0.00121765 0.00877941 0.0288912 0.00913529 1.08235 963.6 1926.71 
-0.0710899 0.274997 -0.016687 0.0077942 0.0316812 0.00802899 1.1971 949.794 1898.7 
0.0130143 0.239969 -0.0313514 0.00782571 0.02814 0.00468857 1.26286 1310.77 1497.22 
0.0584676 0.262265 -0.0263944 0.00683944 0.0319268 0.00469859 1.25915 1845.94 922.87 
-0.00933056 0.248756 -0.0469111 0.010075 0.0295861 0.00559722 1.18889 1456.35 1274.18 
-0.0561863 0.270222 -0.0288055 0.00766027 0.0241205 0.00760822 1.02192 539.082 1436.29 
-0.0266595 0.290324 0.0041973 0.00798919 0.0265 0.00720811 0.940541 0.432432 531.67 
0.039968 0.249011 -0.0167493 0.008104 0.0264053 0.00328267 1.008 0.330667 0.464 
0.0252474 0.221353 -0.0244184 0.00618684 0.0275211 0.00343684 1.04737 0.668421 0.321053 
-0.0360182 0.245922 -0.0150026 0.00784156 0.0251481 0.00555844 0.862338 511.221 0.290909 
-0.0571462 0.246546 -0.00962564 0.007 0.0263128 0.00665385 0.551282 840.454 0.248718 
-0.0296886 0.181529 -0.0438228 0.00673418 0.0257747 0.00649367 0.55443 332.291 497.749 
0.02637 0.191517 -0.0587575 0.0071375 0.02518 0.004225 0.825 0.66 819.17 
0.0270296 0.248869 -0.0309506 0.00780741 0.0278765 0.0044642 0.997531 0.592593 323.763 
-0.0376366 0.227988 -0.0295 0.00943659 0.0262512 0.0068122 1.09024 0.5 0.290244 
-0.0523566 0.195087 -0.0241735 0.00904819 0.0258434 0.00663133 1.06265 0.585542 0.624096 
0.0186143 0.23069 0.00124286 0.0074619 0.022331 0.00519286 0.940476 0.840476 0.754762 
0.0715059 0.2452 -0.0142659 0.00751294 0.0232424 0.00357647 0.783529 1.03765 0.745882 
0.0355 0.243472 -0.0308093 0.00853488 0.0249698 0.0038093 0.618605 1.43721 0.72093 
-0.0483149 0.21597 -0.0261655 0.00934253 0.0237494 0.00673333 0.682759 1.71724 0.462069 
-0.0625 0.161786 -0.0231523 0.00860682 0.0246159 0.00656591 0.795455 1.51364 447 
0.00322022 0.170517 -0.0379056 0.00706292 0.0203011 0.00402472 0.748315 1.39551 736.582 
0.05538 0.178224 -0.0657 0.00789333 0.0226511 0.00355778 0.666667 1.63111 291.653 
0.0288308 0.206429 -0.0389099 0.00887253 0.0241714 0.00452088 0.505495 1.74505 0.312088 
-0.0300826 0.208035 -0.0262761 0.00916739 0.0217783 0.00772174 0.51087 1.56739 427.302 
-0.0402452 0.179914 -0.0157032 0.0110602 0.022514 0.00728387 0.608602 1.49032 704.316 
-0.0143085 0.173704 -0.033183 0.00889362 0.0183404 0.00346383 0.512766 1.55106 696.964 
0.0234232 0.183556 -0.0551811 0.00797053 0.0221937 0.00280421 0.381053 1.69474 1103.5 
0.00334792 0.225081 -0.0270708 0.0088 0.0222729 0.00344792 0.39375 1.92292 1364.99 
-0.0256948 0.223981 -0.0168041 0.0068866 0.0188186 0.00688041 0.589691 1.94227 1350.89 
-0.0355224 0.168531 -0.0265429 0.00843469 0.0226755 0.00692449 0.644898 1.79184 1336.86 
0.00906667 0.181772 -0.0285859 0.00650101 0.0186242 0.00288687 0.642424 1.93535 1322.96 
0.052312 0.1952 -0.02848 0.005206 0.021622 0.002808 0.666 2.282 1309.69 
0.015899 0.186735 -0.0340218 0.0090297 0.0228535 0.00405149 0.479208 2.2099 1296.97 
-0.0242431 0.209033 -0.0149647 0.0074098 0.0188059 0.00598824 0.423529 1.71765 1284.14 
-0.0343631 0.205608 0.00084466 0.00694951 0.0219398 0.00563883 0.436893 1.59806 1271.37 
0.0184481 0.202298 0.00759808 0.00657308 0.0190077 0.00257115 0.488462 1.77308 1259.02 
0.0457657 0.181253 -0.00419238 0.00587048 0.0192724 0.00245524 0.647619 1.80571 1247.02 
-0.00556038 0.187013 -0.0218679 0.00734151 0.0177849 0.00367736 0.592453 1.69434 1235.25 
-0.0466692 0.202714 -0.00407477 0.0048243 0.0166692 0.00427664 0.549533 1.4243 1223.57 
-0.0232722 0.170624 -0.0128926 0.00473889 0.0187926 0.00463333 0.72963 1.23333 1212.19 
0.0354661 0.159828 -0.0248991 0.00516514 0.0159541 0.00337064 0.666055 1.20917 1200.97 
0.0485182 0.153256 -0.01582 0.00468364 0.0203945 0.00266545 0.385455 1.08364 1189.98 
0.00554414 0.162189 -0.0335441 0.00737658 0.0193495 0.00415856 0.308108 0.801802 1179.47 
-0.0301036 0.174027 -0.0215804 0.00643929 0.0159929 0.00629464 0.303571 0.653571 1168.93 
-0.0270478 0.181735 0.0101274 0.00573805 0.0172071 0.00495575 0.474336 0.764602 1158.2 
0.0174912 0.188404 0.00328246 0.00607018 0.0168965 0.00185263 0.696491 0.773684 1147.95 
0.02908 0.175002 0.00048 0.00611478 0.019447 0.00139478 0.646957 0.747826 1138.08 
-0.0313121 0.169379 -0.0104362 0.00809483 0.0180948 0.00270172 0.439655 0.712069 1128.46 
-0.0493316 0.167803 -0.0114496 0.00588205 0.0163453 0.00402735 0.299145 0.42906 1119.19 
-0.00165254 0.148731 -0.00536441 0.00489661 0.0151831 0.00374746 0.450847 0.308475 1109.89 
0.0394655 0.136242 -0.0269815 0.00621513 0.015842 0.00231765 0.707563 0.411765 1100.35 
0.0338317 0.161508 -0.0164217 0.00617667 0.0186783 0.00306167 0.736667 0.323333 1090.94 
-0.00710413 0.168878 -0.00771736 0.007 0.0170876 0.00557355 0.669421 325.03 1082.06 
-0.0227705 0.146797 -0.013518 0.00667869 0.0161508 0.00498852 0.652459 859.4 1073.41 
0.0112797 0.149498 -0.0175756 0.00582764 0.014387 0.0026748 0.645528 1065.45 1064.48 
0.047771 0.14911 -0.0269016 0.00610161 0.0164242 0.00185806 0.501613 1056.62 1055.85 
0.0057504 0.155851 -0.0168832 0.0066928 0.0176752 0.0029056 0.4832 628.944 1047.54 
-0.0340349 0.167649 -0.00990794 0.00548571 0.0148714 0.00488571 0.642857 520.087 1039.2 
-0.0263874 0.137197 -0.0240346 0.00509921 0.0155197 0.00475591 0.601575 928.513 1030.94 
0.0159891 0.11588 -0.0274562 0.00414688 0.0144172 0.00256875 0.510937 1023.65 1023.22 
0.0334791 0.126172 -0.0141643 0.00363411 0.0173597 0.00229922 0.627907 507.915 1015.43 
-0.00966154 0.140292 -0.0190708 0.00565077 0.0167215 0.00333077 0.430769 504 1007.8 
-0.0419542 0.1472 -0.0143328 0.00403511 0.0140198 0.00456031 0.312977 1000.31 1000.02 
-0.0204394 0.148635 -0.00289091 0.00417576 0.0157909 0.00384242 0.530303 992.727 992.439 
0.0233293 0.153132 -0.00637293 0.00508421 0.0149173 0.0017985 0.398496 492.654 985.226 
0.0254746 0.147131 -0.00829552 0.00528507 0.017297 0.00228507 0.261194 489.022 488.843 
-0.00779259 0.15619 -0.00905481 0.00631407 0.0176044 0.00321185 0.385185 485.422 485.319 
-0.0303324 0.162081 -0.00949559 0.00465441 0.0150162 0.00394412 0.507353 481.816 481.816 
-0.019165 0.118108 -0.0227474 0.00388029 0.013565 0.00368759 0.656934 956.555 478.307 
0.0129841 0.113723 -0.0320101 0.00357536 0.0139783 0.00205797 0.789855 474.978 949.514 
0.0245151 0.127945 -0.0216691 0.00317698 0.0170791 0.00273381 0.489209 0.230216 471.367 
-0.00705286 0.123551 -0.0190086 0.00525286 0.0156971 0.00350714 0.207143 0.135714 0.178571 
-0.0313206 0.131196 -0.0149206 0.00501135 0.0141574 0.00398156 0.368794 0.212766 0.283688 
-0.0160662 0.126607 -0.0119972 0.00375352 0.0136493 0.00391549 0.633803 0.28169 0.28169 
0.0113357 0.139491 -0.0135119 0.00413147 0.0130503 0.00195385 0.678322 0.398601 458.427 
0.009425 0.148015 -0.0064125 0.00449861 0.0150597 0.00215556 0.479167 0.409722 455.285 
-0.0245945 0.140808 -0.0112979 0.00566207 0.0144952 0.00293379 0.358621 0.537931 0.344828 
-0.0367658 0.130973 -0.0145808 0.00506986 0.0137877 0.00312603 0.287671 0.767123 449 
-0.00281769 0.108909 -0.0139878 0.00376735 0.0126136 0.00318503 0.292517 0.632653 891.612 
0.0268108 0.114069 -0.0223419 0.00342297 0.0125757 0.0021473 0.351351 0.675676 885.541 
0.00855705 0.135213 -0.0129597 0.00375705 0.0146295 0.00211946 0.442953 0.966443 439.866 
-0.0318133 0.139997 -0.007388 0.00490667 0.0137667 0.00314133 0.56 0.96 436.88 
-0.0309311 0.118774 -0.0134543 0.0047245 0.013743 0.00333113 0.509934 0.854305 867.821 
-0.00402895 0.131089 -0.00479605 0.00411184 0.0120329 0.00293947 0.381579 0.921053 431.079 
0.017668 0.146552 -0.00382876 0.00373203 0.0125098 0.00209542 0.339869 0.888889 428.248 
0.0202896 0.125183 -0.0131156 0.0037 0.014213 0.00198571 0.422078 0.941558 850.916 
-0.00788516 0.108187 -0.0174413 0.00445419 0.0130581 0.00342839 0.387097 1.01935 422.71 
-0.0244359 0.108312 -0.0101231 0.00467564 0.012859 0.00367436 0.25 1.07051 420.071 
0.00184841 0.123308 -0.000653503 0.00438599 0.0110764 0.0024879 0.33121 1.17197 834.752 
0.0243367 0.129125 -0.0103823 0.00460759 0.012443 0.00170633 0.341772 1.08861 829.392 
0.0106302 0.140594 -0.0136 0.0048566 0.013395 0.00193962 0.377358 1.18239 824.101 
-0.0206087 0.127416 -0.0109525 0.00477125 0.0130138 0.00342375 0.475 1.3625 818.913 
-0.029077 0.110343 -0.00966211 0.00502981 0.0131466 0.00351925 0.421118 1.27081 813.614 
0.0134469 0.110611 -0.00647407 0.00448642 0.0100259 0.0015963 0.512346 1.22099 808.396 
0.036119 0.103147 -0.0167399 0.00500736 0.0128233 0.00140613 0.460123 1.1865 803.589 
0.0086122 0.123128 -0.0170037 0.00558415 0.013122 0.00250976 0.362195 1.08902 798.662 
-0.0221915 0.135143 -0.00383273 0.00470182 0.010343 0.00431152 0.373333 1.09333 793.707 
-0.0228373 0.119047 0.0014494 0.00575542 0.0123253 0.00403735 0.409639 1.15663 788.877 
0.0169389 0.11846 0.00194371 0.00523832 0.0110683 0.00163353 0.51976 1.10898 784.101 
0.0320036 0.111494 -0.00633452 0.00505952 0.0124393 0.00150238 0.575 1.15357 779.425 
0.00360237 0.114825 -0.015484 0.00551006 0.0118935 0.00229467 0.497041 1.2 774.712 
-0.0224694 0.125842 -0.00966824 0.00313176 0.0107259 0.00336471 0.342353 0.996471 770.196 
-0.0184117 0.124794 -0.00138012 0.00324094 0.0122433 0.00306667 0.411696 0.767251 765.675 
0.0137291 0.125177 -0.00119535 0.00315698 0.0105453 0.00148488 76.6326 0.644186 761.021 
0.0235699 0.0985873 -0.0102578 0.0026289 0.0131029 0.00174798 379.021 0.532948 756.623 
-0.0018069 0.0996115 -0.0138828 0.00438506 0.0130414 0.00278506 301.589 0.565517 752.278 
-0.0212789 0.123424 -0.00425714 0.00346629 0.0104743 0.003648 0.308571 0.470857 747.817 
-0.00461591 0.100531 -0.00105114 0.00386364 0.0107136 0.00328182 0.245455 0.372727 743.543 
0.0175017 0.0935198 -0.00295367 0.00431751 0.010939 0.00164181 0.375141 0.549153 739.437 
0.00878202 0.110222 0.00184831 0.00333146 0.0127798 0.00126629 0.420225 0.737079 735.364 
-0.0153609 0.114031 -0.00668045 0.00392849 0.0119151 0.00234637 0.38324 0.602235 731.384 
-0.0237211 0.111402 -0.01138 0.00306667 0.0109222 0.00312333 0.396667 0.325556 727.39 
-0.00462099 0.0918033 -0.0101381 0.00329392 0.0101204 0.00266851 0.61547 0.306077 723.283 
0.0208659 0.0936736 -0.0107714 0.00358681 0.0105099 0.00163297 0.715385 0.240659 719.241 
0.0118645 0.116964 -0.00137049 0.00348087 0.0129049 0.00190383 0.530055 0.11694 715.472 
-0.0265478 0.111924 -0.0121913 0.00378478 0.0125859 0.00325978 0.394565 0.0858696 711.629 
-0.0300357 0.0960984 -0.0163265 0.00364324 0.0116973 0.0034173 0.423784 0.101622 707.79 
0.00346129 0.0854667 -0.00891935 0.00380753 0.00961613 0.00257312 0.610753 70.5419 704.118 
0.0241433 0.0889722 -0.0150267 0.00397005 0.0101241 0.00169305 0.705882 350.447 700.349 
0.00819468 0.114556 -0.0128372 0.00423617 0.0118766 0.00186596 0.575532 348.618 696.65 
-0.0176847 0.107067 -0.0141365 0.00395661 0.0114751 0.00274392 69.7005 346.767 693.157 
-0.0225958 0.0891032 -0.00972842 0.00337684 0.0116547 0.00289474 345.062 275.94 689.565 
5.44503e-05 0.105632 -0.000120419 0.00315497 0.0100838 0.00215707 274.734 0.101571 685.884 
0.0262146 0.105226 -0.0103302 0.00264896 0.0106604 0.00140208 0.407292 0.096875 682.359 
0.00872953 0.110862 -0.0109358 0.00285699 0.0108549 0.00165181 0.373057 0.0476684 678.972 
-0.0234278 0.116969 -0.0014701 0.00303402 0.00983711 0.00270309 0.290722 67.6041 675.544 
-0.0251077 0.094681 -0.00124 0.00277641 0.0114759 0.00280821 0.265641 336.083 671.978 
-0.00396224 0.0958908 -0.0108959 0.0031102 0.0100857 0.00206429 0.468367 267.509 668.519 
0.020131 0.0916416 -0.0211706 0.00319898 0.0106711 0.00176751 0.454822 0.0609137 598.674 
0.00992121 0.0892212 -0.0153677 0.00359596 0.011097 0.00196263 0.336364 66.2657 264.787 
-0.0161347 0.0978231 -0.00856181 0.00338794 0.0101327 0.00310955 0.263317 263.524 0.122613 
-0.025887 0.098595 -0.00953 0.00384 0.011393 0.002997 0.141 196.785 0.191 
0.00267164 0.100328 -0.00616716 0.0033403 0.00959502 0.00148557 0.19204 0.293532 0.164179 
0.0238248 0.0953554 -0.00686139 0.00220099 0.0102079 0.00123861 0.206931 0.272277 0.175248 
-0.00414089 0.104393 -0.00866995 0.00384828 0.00893103 0.0018197 129.255 0.321182 0.31133 
-0.0263196 0.109213 -0.00087549 0.00283039 0.00849412 0.00258627 321.314 0.319608 128.827 
-0.0257376 0.0877639 -0.0118244 0.00221659 0.01168 0.00253366 191.999 0.262439 447.615 
0.00218447 0.0796291 -0.0177107 0.00338447 0.0103961 0.00150485 0.424272 0.373786 508.95 
0.015028 0.0883681 -0.0093971 0.0037913 0.0115285 0.00164638 0.45314 0.484058 190.072 
-0.00273365 0.0971904 -0.0156038 0.00481635 0.0110625 0.00237019 126.255 0.520192 0.191346 
-0.0214718 0.103291 -0.0129904 0.00351388 0.00866029 0.0025378 313.606 0.602871 0.168421 
-0.0160495 0.0986657 -0.00596286 0.00325333 0.00927619 0.00211714 187.392 0.588571 0.215238 
0.0138521 0.0929346 -0.00966919 0.00334692 0.00862938 0.00127204 0.400948 0.58673 0.21327 
0.0187481 0.0884415 -0.00983396 0.00269623 0.00967547 0.00133491 0.404717 0.69717 0.148113 
-0.00281878 0.0899296 -0.00788545 0.00370423 0.00879906 0.0018939 123.246 0.731455 0.128638 
-0.0172916 0.0929168 -0.00617664 0.00270654 0.00862336 0.00215234 306.283 0.76729 122.569 
-0.0116586 0.0862605 -0.00691256 0.00228279 0.0101926 0.00224651 182.959 0.819535 426.715 
0.0103435 0.0833574 -0.0111157 0.00308056 0.00898519 0.0018037 0.127778 0.825926 606.711 
0.0171558 0.0845742 -0.00986359 0.00299908 0.0104276 0.00149862 0.207373 0.815668 603.865 
-0.00427706 0.0967991 -0.0104312 0.00371651 0.00993119 0.00221835 0.194495 0.811009 480.861 
-0.0235881 0.0942932 -0.00948493 0.003179 0.00915708 0.00281553 0.178082 0.835616 299.177 
-0.00809364 0.0833245 -0.00252727 0.00292 0.00889364 0.00222182 0.315455 0.837273 416.872 
0.0208226 0.0810063 -0.0105475 0.00348145 0.00850317 0.001181 0.314932 0.8 592.811 
0.0152703 0.083645 -0.0164099 0.00338739 0.00902793 0.000918919 0.245946 0.791892 590.172 
-0.00486547 0.093496 -0.00806726 0.00316682 0.00915695 0.00255785 176.493 0.791031 587.53 
-0.0127875 0.0871643 -0.000697321 0.00298304 0.0102304 0.00304732 292.628 0.852679 584.819 
-0.00108267 0.0791636 -0.00325778 0.00311733 0.00850311 0.00169333 116.68 0.968 582.09 
0.0164407 0.0833752 -0.00918319 0.00270177 0.00851681 0.00122655 0.338938 1.05044 579.491 
0.00581498 0.101312 -0.00522731 0.00290749 0.00891366 0.00109692 0.37533 0.98326 576.937 
-0.0101684 0.0950175 -0.00194737 0.00277719 0.00865175 0.00241754 0.278947 0.789474 574.353 
-0.00756594 0.0800996 0.00145939 0.00256507 0.00984454 0.0029607 0.289083 0.717031 571.793 
0.014393 0.0861322 -0.00516174 0.00268957 0.0074487 0.00155391 0.457391 0.718261 569.226 
0.0268684 0.0814571 -0.01829 0.00238701 0.00820346 0.00129091 0.422511 0.647619 566.76 
0.00166121 0.0782388 -0.0117707 0.0032819 0.00856034 0.00161293 0.287931 0.567241 564.314 
-0.0187648 0.0825657 -0.000813734 0.00252532 0.00770386 0.00244721 0.266953 0.522747 561.817 
-0.0158761 0.0786162 0.000770085 0.00196838 0.00981966 0.00264188 0.27265 0.493162 559.406 
0.00888 0.081434 0.000827234 0.00317447 0.00801617 0.00148936 0.380426 0.506383 556.946 
0.0195458 0.0812551 -0.000818644 0.00355085 0.00919322 0.00144492 0.40339 0.508475 554.525 
0.00417046 0.0787831 -0.00956624 0.00383629 0.00985063 0.00214852 0.214346 0.432068 552.331 
-0.014505 0.0859067 -0.0049563 0.00287143 0.00768319 0.0028 0.112605 0.270588 550.017 
-0.00869121 0.0876326 0.00591632 0.002759 0.00784184 0.00217992 0.164017 0.217573 547.63 
0.0184108 0.0839775 -0.000939167 0.0028575 0.00772083 0.00100667 0.309167 0.235833 545.339 
0.0161062 0.0759328 -0.00362905 0.00285643 0.00905809 0.00105311 0.317012 0.250622 543.162 
-0.00348347 0.0864058 -0.00173306 0.00378017 0.00872727 0.00168595 0.243802 216.794 540.958 
-0.0121638 0.0913852 -0.00157202 0.00257449 0.00828807 0.00217284 0.288889 485.43 538.7 
0.00530738 0.0755648 0.00022623 0.00197951 0.00787131 0.00189754 0.359016 537.146 536.572 
0.0240433 0.0755763 -0.00661714 0.00282612 0.00762286 0.00110694 0.240816 534.946 534.391 
0.014139 0.0797504 -0.0100911 0.00297642 0.00986748 0.00162276 0.145528 532.713 532.251 
-0.0105692 0.0775668 -0.0122016 0.00368502 0.00948097 0.00231579 0.249393 530.487 530.206 
-0.019275 0.076104 -0.0116847 0.00329839 0.00795161 0.00227016 0.200806 528.36 528.015 
0.0005751 0.0792466 -0.00153173 0.00240723 0.00731165 0.00177912 0.161446 526.322 525.792 
0.0148776 0.0810808 -0.0022552 0.0025416 0.0080136 0.0008784 0.2712 524.236 523.796 
0.00404143 0.0875147 -0.00056494 0.00298486 0.00843028 0.00117928 0.324303 522.141 521.83 
-0.011369 0.0780246 -0.00306984 0.00320476 0.00724762 0.00191032 0.33254 312.102 519.848 
-0.0168316 0.0649897 -0.00680949 0.00264348 0.00837549 0.00211225 0.316206 51.902 517.934 
-0.000501575 0.0813 8.0315e-05 0.00203386 0.0085 0.00179685 0.248031 0.0748031 309.594 
0.0191835 0.0838212 -0.00562745 0.00172392 0.00857098 0.00116392 0.275294 0.0666667 256.994 
0.00469219 0.088268 -0.00776641 0.00228359 0.00862188 0.00137031 0.285156 204.841 255.988 
-0.0182109 0.0825261 -0.00557743 0.00272062 0.00782179 0.00225525 0.24358 255.098 254.977 
-0.0194527 0.0636558 -0.00384341 0.00270698 0.00875891 0.00224109 0.232558 50.9798 457.129 
0.00215907 0.0810015 -0.000387645 0.00246486 0.00758378 0.00172587 0.185328 0.165251 505.926 
0.0185792 0.0886823 -0.00456615 0.00204615 0.00751462 0.00131462 0.182308 0.179231 504.013 
0.00303908 0.0797778 -0.00530038 0.00256398 0.00757165 0.00128659 0.294253 0.22682 502.129 
-0.0150183 0.077274 -0.00404198 0.00248321 0.00729008 0.00214122 0.256489 0.203053 300.249 
-0.0201954 0.0641932 -0.0107118 0.00243878 0.00885399 0.00227757 0.170342 0.13384 50.0259 
0.00144697 0.0642008 -0.0104242 0.00201212 0.0076053 0.00136818 0.215909 0.200758 0.0871212 
0.0180355 0.0714385 -0.00901358 0.00172755 0.00824302 0.00126792 0.109434 0.215094 0.162264 
0.00228947 0.0699699 -0.0141421 0.00280602 0.00792406 0.00164962 0.12406 0.221805 0.236842 
-0.0114075 0.0779124 -0.00719401 0.00197154 0.00701273 0.00220075 0.2397 0.254682 0.217228 
-0.0126515 0.0815985 0.000137313 0.0018291 0.0087 0.00202687 0.205224 0.287313 0.272388 
0.00263123 0.0777472 0.00136357 0.00208178 0.00699182 0.00121264 0.211896 0.39777 0.234201 
0.0143393 0.0716022 -0.00474667 0.00200074 0.00762741 0.00122667 0.17037 0.496296 0.148148 
-0.000377122 0.0748399 -0.00671365 0.00308044 0.00757343 0.00177565 0.0811808 0.523985 0.0885609 
-0.0166971 0.0772647 -0.00338015 0.00217132 0.00691691 0.00234559 0.0514706 0.485294 0.0661765 
-0.0196308 0.0691055 -0.0103392 0.00180586 0.00841612 0.00202491 0.117216 0.490842 240.051 
0.00236496 0.0681686 -0.0100796 0.00216934 0.00714161 0.00124891 0.20438 0.562044 478.321 
0.0196902 0.0646982 -0.00807418 0.00233164 0.00747709 0.00114836 238.393 0.538182 238.349 
0.00223913 0.0649536 -0.0111652 0.00297246 0.0069029 0.00137899 237.478 0.456522 0.0507246 
-0.0160643 0.0669386 -0.00916968 0.00199134 0.00678051 0.00166354 0.0758123 0.501805 236.487 
-0.0137065 0.0573827 -0.0119554 0.00178201 0.00757554 0.00165396 0.122302 0.510791 235.64 
0.00949176 0.0560875 -0.0153634 0.00182724 0.0064086 0.0012086 0.225806 0.562724 234.756 
0.0158336 0.0572779 -0.0106779 0.001525 0.00795429 0.00117357 0.207143 0.671429 233.907 
-0.000327402 0.0632107 -0.00978505 0.00289466 0.0072121 0.00167046 0.13879 0.658363 233.071 
-0.0151348 0.0704468 -0.0077461 0.00257163 0.00642411 0.002 0.159574 0.599291 464.564 
-0.0133463 0.0670509 -0.00328905 0.00199011 0.00723675 0.00170106 0.208481 0.632509 462.887 
0.00816127 0.0645437 -0.00629577 0.00276761 0.00642113 0.00112113 0.271127 0.735915 461.123 
0.0138309 0.0649867 -0.00706737 0.00283509 0.00753965 0.000963509 0.336842 0.785965 459.467 
-0.00235734 0.0752189 -0.00251818 0.00288252 0.00762587 0.00154825 0.185315 0.730769 457.962 
-0.0166132 0.0729359 -0.00210383 0.00234216 0.00742857 0.00197979 182.719 0.663415 456.367 
-0.00822778 0.060534 -0.00863333 0.00204167 0.00626042 0.00143472 182.206 0.66875 454.683 
0.0139301 0.0612125 -0.0122388 0.00197578 0.00631488 0.000878893 0.22699 0.651903 453.106 
0.00840897 0.0675731 -0.00928621 0.00227448 0.00690966 0.00103241 0.166897 0.62069 451.552 
-0.0102041 0.0665093 -0.00594227 0.00233471 0.00610241 0.00210241 0.105155 0.646735 449.999 
-0.0122205 0.0637301 0.00153356 0.0020363 0.00759863 0.0022863 0.0767123 0.624658 448.459 
-0.00214266 0.0683973 -0.000926962 0.00250375 0.00669352 0.00127986 0.176109 0.535154 446.912 
0.0116388 0.065619 -0.0113007 0.00264694 0.00681361 0.000987075 0.278231 0.551701 445.248 
0.010179 0.0664014 -0.00725763 0.0029322 0.00736881 0.00105898 44.6725 0.536949 443.675 
-0.00655068 0.0707088 -0.00135608 0.0023973 0.00705946 0.00206689 221.514 0.352027 442.293 
-0.0109333 0.0662377 -0.00112256 0.00241347 0.00758249 0.00233737 176.661 0.314478 440.755 
0.00818255 0.0645577 -0.00267248 0.00271946 0.00595772 0.00107517 0.216779 0.351007 439.172 
0.0192107 0.0601987 -0.00962007 0.00288562 0.00653712 0.000768562 0.212709 0.266221 437.771 
0.00397733 0.060782 -0.00912933 0.003546 0.00701333 0.00124067 0.242667 0.269333 436.352 
-0.0139402 0.0663847 -0.00267508 0.00227907 0.00569369 0.00177076 0.312292 0.263123 434.937 
-0.0079351 0.063306 -0.00384106 0.00199073 0.00571987 0.00177417 0.345695 0.181457 433.57 
0.0105558 0.0640997 -0.00483894 0.00206271 0.00560198 0.00112409 0.244884 0.169637 432.2 
0.0137645 0.0616145 -0.00388553 0.00186053 0.00719737 0.001025 0.143421 0.172368 430.799 
0.000494426 0.0670223 -0.0017423 0.00283475 0.00727541 0.00140328 0.183607 0.13377 429.374 
-0.0106183 0.0684203 0.000505229 0.0023719 0.00659412 0.00183203 0.265359 0.100654 427.898 
-0.00302932 0.0586573 -0.00150945 0.00185212 0.00663779 0.00181694 0.291857 0.100326 426.436 
0.00955974 0.0630227 -0.00795974 0.00238571 0.00654026 0.00107143 0.266234 0.120779 425.086 
0.00736181 0.0712019 -0.00998252 0.00265178 0.00722265 0.00117929 0.182524 0.0970874 423.869 
-0.00643935 0.0668516 -0.00650065 0.00278903 0.00706903 0.0020129 126.892 0.0574194 422.678 
-0.0142469 0.063463 0.000965916 0.00325852 0.0068135 0.00182894 168.595 0.0810289 421.3 
0.00298974 0.0664795 0.00025 0.00289551 0.0057891 0.00102885 42.1603 0.0833333 419.932 
0.0169738 0.0588051 -0.00997636 0.00271757 0.00642748 0.000814696 0.275399 0.0747604 418.663 
0.00115287 0.0538873 -0.00918662 0.00336943 0.00590382 0.00123248 0.329299 0.0808917 417.283 
-0.0114006 0.0596025 -0.00334984 0.00237968 0.0055219 0.00171746 0.247619 0.0444444 415.89 
-0.00976582 0.0694899 -0.000387975 0.00176519 0.00723291 0.00145823 0.252532 165.88 414.573 
0.00843028 0.0667539 -3.15457e-05 0.00152114 0.00586498 0.000837224 0.35205 206.7 413.281 
0.0158792 0.0604755 -0.00559057 0.0016434 0.00678176 0.000984906 0.311321 41.2459 412.037 
-0.000568652 0.057348 -0.0098627 0.00259624 0.00664013 0.00147649 0.239498 0.124138 246.54 
-0.013085 0.0534113 -0.0086425 0.001765 0.00549625 0.00203625 0.1875 0.13625 204.786 
-0.0135801 0.0632025 -0.00252025 0.0017352 0.00712212 0.00186168 0.145171 163.366 204.097 
0.00519938 0.0627006 -0.00170497 0.00172547 0.0060205 0.0010677 0.154037 203.583 203.461 
0.0144031 0.0555554 -0.0051839 0.00105387 0.00652879 0.000950464 0.118266 40.704 202.892 
0.00042037 0.0568562 -0.00674321 0.00220494 0.00594198 0.00125185 0.0635802 0.143827 202.315 
-0.0132197 0.0590148 -0.00513538 0.00183262 0.00543815 0.00169477 0.155692 0.105231 201.657 
-0.0109632 0.0547736 -0.00609939 0.00147055 0.00718589 0.00154172 0.244785 0.0460123 201.013 
0.00662813 0.0483878 -0.00979817 0.00208196 0.00633456 0.000960856 0.255046 0.0923547 360.649 
0.0128317 0.0551902 -0.00655305 0.00253476 0.00690183 0.000959146 0.194512 0.184756 239.71 
0.00117933 0.0619714 -0.00818845 0.00290395 0.00649119 0.00131854 0.0844985 0.240122 39.9143 
-0.0126491 0.0610097 -0.00693273 0.00183273 0.00570121 0.00144 0.0412121 0.209697 0.13697 
-0.0106471 0.0543644 -0.00669305 0.00157583 0.00608157 0.00119637 0.0459215 0.18006 0.159517 
0.0106458 0.050506 -0.0100464 0.00170301 0.00523434 0.000903614 0.0795181 0.268675 158.016 
0.0119201 0.0534042 -0.00669249 0.0015958 0.00588468 0.00123363 0.115916 0.305706 157.495 
-0.00183533 0.0620647 -0.00525629 0.00242515 0.00597844 0.00178982 196.26 0.332335 0.0688623 
-0.00915343 0.063003 -0.00345254 0.00224179 0.00607642 0.00187164 195.624 0.310448 195.624 
0.000338095 0.0548417 -0.00130595 0.00170417 0.00604583 0.00144524 0.142857 0.327381 389.988 
0.0155223 0.0573134 -0.00371751 0.00187359 0.00567893 0.000890208 0.216617 0.424332 388.798 
0.00601598 0.0600302 -0.00451775 0.00199586 0.00607574 0.00077574 0.147929 0.514793 387.71 
-0.0110153 0.054118 -0.00419351 0.00205251 0.0053705 0.00135221 0.100295 0.466077 386.59 
-0.0148218 0.0469094 -0.00594 0.00153706 0.00635882 0.00158529 0.0676471 0.408824 192.756 
-0.00364575 0.0500587 -0.00926745 0.00160704 0.00594018 0.00116305 0.170088 0.480938 0.0351906 
0.0119211 0.0560906 -0.0115181 0.00175205 0.0058152 0.000912281 0.181287 0.502924 191.573 
0.00924956 0.0574426 -0.00683499 0.00184023 0.00632362 0.00112012 0.058309 0.51312 191.02 
-0.00668314 0.0565849 -0.00410581 0.0021564 0.00557035 0.00198256 0.0319767 0.479651 190.515 
-0.0102684 0.0505588 -0.00175594 0.00200406 0.00624522 0.00201101 0.0637681 0.486957 379.774 
0.00331156 0.0583208 -6.53179e-05 0.00206879 0.00561098 0.0012289 0.112717 0.528902 378.512 
0.0135107 0.0627729 -0.00653084 0.00224265 0.00572853 0.000911816 0.144092 0.541787 377.516 
0.00491954 0.0609046 -0.00621092 0.0023454 0.00582299 0.00086092 0.163793 0.560345 376.44 
-0.00610716 0.0585083 -0.00513467 0.00190946 0.00588653 0.00168883 0.183381 0.590258 375.272 
-0.0117491 0.0504177 -0.00439486 0.00198514 0.006596 0.00202057 0.245714 0.542857 374.223 
0.00108433 0.0550638 -0.00432194 0.0017567 0.00485698 0.00106496 0.233618 0.48433 373.202 
0.0139273 0.0563244 -0.00963182 0.00120625 0.00542784 0.000764773 0.144886 0.536932 372.156 
0.00149462 0.0492895 -0.00865269 0.00195581 0.00553994 0.000839093 0.144476 0.603399 371.028 
-0.00936836 0.0525684 -0.00262768 0.00161412 0.00504915 0.00162938 0.19209 0.536723 369.955 
-0.0101341 0.0539172 -0.00238704 0.0015431 0.00669014 0.0018693 0.216901 0.419718 368.882 
0.00446236 0.0498854 -0.00379438 0.00220506 0.00525 0.00088427 0.22191 0.446629 367.711 
0.0155356 0.0517653 -0.00373725 0.00233725 0.00575462 0.000961905 0.196078 0.487395 366.644 
0.00241117 0.0559637 -0.00592402 0.00248547 0.00640726 0.00134413 0.103352 0.416201 365.791 
-0.00788189 0.0561894 -0.00396713 0.0017883 0.00525515 0.0015688 0.0885794 0.390529 364.821 
-0.00672278 0.0486156 -0.00503278 0.00162722 0.00506056 0.00151056 0.190556 0.388333 363.674 
0.00518172 0.052077 -0.00656343 0.00176565 0.00475235 0.000970637 0.299723 0.352909 362.691 
0.0113155 0.0530453 -0.00535249 0.00172762 0.00603702 0.000979006 0.29558 0.337569 361.794 
-0.0038551 0.0527091 -0.00895813 0.002227 0.00592231 0.00145344 0.20551 0.237466 360.738 
-0.0125456 0.0505511 -0.00806868 0.00215275 0.00516154 0.00160659 0.175824 0.151648 359.701 
-0.00153973 0.0532038 -0.00100274 0.00171068 0.0047589 0.00130356 0.292055 0.167123 358.751 
0.0094377 0.0589978 -0.00290055 0.00146885 0.00528525 0.000861202 0.346995 0.156831 357.731 
0.00290191 0.0593907 -0.00632153 0.0016921 0.00594714 0.000826158 0.255041 0.167847 356.76 
-0.00647826 0.0615995 -0.0020087 0.0019125 0.0055538 0.00151141 0.233696 0.201087 355.885 
-0.00901301 0.0507035 -0.000137669 0.00172575 0.00596314 0.00161301 0.24336 0.166396 354.979 
-0.00170108 0.0463324 -0.00554757 0.00163405 0.00488757 0.00101459 0.276216 0.103243 353.994 
0.0110043 0.0507962 -0.00738976 0.00154717 0.00544259 0.000884097 0.326146 0.0663073 353.025 
0.00481075 0.0528306 -0.00653871 0.0020086 0.0059543 0.00106398 0.287634 105.74 352.152 
-0.00864772 0.0539839 -0.00484933 0.00167775 0.00529223 0.00156032 0.172118 175.74 351.286 
-0.0069139 0.0580503 -0.00154813 0.00147273 0.00587059 0.00157059 0.141176 70.1818 350.375 
0.0138491 0.0480171 -0.00550453 0.00138347 0.00483093 0.0008752 0.204267 0.101867 349.445 
0.0198676 0.0408782 -0.00945266 0.0011883 0.00558298 0.000842021 0.223936 104.612 348.525 
0.00277294 0.0541581 -0.00537082 0.00214695 0.00560053 0.00130663 0.197347 173.866 347.619 
-0.0113571 0.0579365 -0.000526455 0.00160688 0.0049164 0.00165608 0.150265 69.4603 346.684 
-0.0141689 0.0586164 -0.00082058 0.00143588 0.0061029 0.00149657 0.169393 0.108179 345.719 
0.00357053 0.05571 -0.00201684 0.00169579 0.00507158 0.000981053 0.197368 0.0973684 344.815 
0.0113465 0.0472787 -0.00453753 0.00163517 0.0055643 0.000979528 0.155906 0.151706 240.78 
0.0004 0.0555325 -0.00573717 0.00229791 0.00561518 0.00135812 103.014 0.152356 68.6864 
-0.0100501 0.0548637 -0.00409922 0.0016329 0.00504595 0.00170548 171.133 0.115927 0.147258 
-0.0108021 0.0440646 -0.00413854 0.00158854 0.00586042 0.00142812 68.3422 0.105729 0.178646 
0.00697403 0.0435418 -0.0059039 0.00191584 0.00482649 0.000803636 0.176623 0.12987 102.249 
0.011685 0.0477461 -0.00554974 0.00200518 0.00509793 0.000806218 0.164249 0.143523 169.847 
-0.00389044 0.053832 -0.00346408 0.00247649 0.00498191 0.00110129 101.656 0.0847545 67.8822 
-0.0114588 0.0566242 -0.00134742 0.00169072 0.00489175 0.00130928 168.941 0.0664948 101.482 
-0.00424781 0.04731 -0.00515938 0.00136144 0.00526427 0.00117738 67.4838 0.156298 134.803 
0.00781333 0.044559 -0.00853538 0.00158821 0.00500205 0.000773846 0.147179 0.194359 33.6467 
0.00699949 0.0525724 -0.0048624 0.00173453 0.00555601 0.000888491 0.151407 0.225064 0.0705882 
-0.00456735 0.0530791 -0.00323776 0.00199847 0.00527857 0.0015648 0.142347 0.285204 0.0454082 
-0.0100051 0.0463059 -0.0037486 0.00170636 0.00557303 0.00168397 0.174555 0.291603 0.064631 
-6.75127e-05 0.0424838 -0.00444569 0.0016665 0.0051269 0.00118629 0.168528 0.291371 0.13401 
0.0108628 0.0458132 -0.00763038 0.00176759 0.0049038 0.000776203 0.176709 0.303291 0.161519 
0.00430455 0.0493732 -0.00784949 0.00197172 0.00457323 0.00089697 0.136364 0.345455 0.111111 
-0.00819597 0.053739 -0.00176423 0.00144081 0.00480554 0.00153199 0.0755668 0.39194 33.0791 
-0.0082206 0.0505111 -0.00410452 0.00126533 0.0059 0.00142714 0.131156 0.389447 197.529 
0.00484612 0.048203 -0.00640852 0.00148622 0.00482256 0.000764912 0.148371 0.35188 328.311 
0.0093505 0.0485455 -0.00383 0.0013875 0.0052455 0.000833 0.134 0.32 327.513 
0.00239152 0.0497955 -0.00362145 0.00208678 0.00498454 0.00121646 32.819 0.297257 294.081 
-0.00664229 0.0524109 -0.00248607 0.0016005 0.00464677 0.00138209 163.079 0.303483 163.004 
-0.00679752 0.0538467 -0.00195037 0.00118114 0.0053464 0.0012938 130.121 0.371712 162.592 
0.00757772 0.0516302 -0.00247871 0.00147327 0.00458564 0.000851485 0.0816832 0.401485 162.184 
0.0106948 0.0437664 -0.00384148 0.00166025 0.00546222 0.00066963 0.0898765 0.393086 194.148 
-0.00195369 0.0457404 -0.00673744 0.00210296 0.00538177 0.00111281 0.127094 0.470936 322.648 
-0.00845455 0.0505499 -0.00412973 0.0016516 0.00483096 0.00145553 0.127764 0.44914 321.719 
-0.00208382 0.0467029 -0.000644608 0.0014098 0.00490343 0.00117794 0.0759804 0.412255 320.97 
0.00817115 0.0483966 -0.00339658 0.00166504 0.00456822 0.000796577 0.111491 0.472372 320.197 
0.0056839 0.0556522 -0.0051039 0.00186488 0.00496976 0.000649268 0.13561 0.490732 319.4 
-0.00485499 0.0513552 -0.00573674 0.00168564 0.00507202 0.00121411 0.141119 0.491484 318.639 
-0.0109937 0.0452228 -0.00467184 0.00146796 0.00546699 0.00138883 0.2 0.454369 317.783 
0.00252978 0.0475729 -0.00366441 0.00156126 0.00433027 0.000725908 0.266828 0.408232 316.924 
0.0148208 0.0474657 -0.00522367 0.00143092 0.00482126 0.00066087 0.254106 0.390338 316.203 
0.00444723 0.0466386 -0.00461494 0.0019841 0.00506843 0.000900723 0.179277 0.35759 315.51 
-0.00769615 0.0470803 -0.00270433 0.00150577 0.00455721 0.00159615 0.0995192 0.334135 314.727 
-0.00920048 0.0496547 -0.000230695 0.00121535 0.0056518 0.00166523 0.0954436 0.33717 313.945 
0.004189 0.0497986 0.00194833 0.00164163 0.00438708 0.000852632 0.149761 0.330622 313.217 
0.0124282 0.0415924 -0.00344821 0.00169594 0.00470263 0.000799523 0.157041 0.276372 312.473 
-0.00103238 0.0453348 -0.00479905 0.00187762 0.00490905 0.00101619 0.129524 0.252381 311.697 
-0.0132922 0.0514233 -0.00164228 0.00117482 0.0044133 0.00129549 0.0874109 0.262233 310.946 
-0.00668152 0.0473682 -0.00419005 0.00129005 0.00493128 0.00128863 0.147393 0.204265 310.195 
0.00793239 0.0442908 -0.00564586 0.00145248 0.0042208 0.000785343 0.219385 0.18156 309.422 
0.0104358 0.0440142 -0.00413491 0.00133019 0.00513443 0.000835849 0.166038 0.207547 308.7 
0.000262118 0.0456221 -0.00582165 0.002 0.00529459 0.00111953 92.6028 0.155765 308.054 
-0.0102798 0.0469066 -0.00426948 0.00158967 0.00429484 0.00150376 153.879 0.0967136 307.42 
-0.00633536 0.0481077 -5.10539e-05 0.00167166 0.00457143 0.00138829 61.4848 0.115222 306.725 
0.00723972 0.0474762 -0.0016472 0.00158598 0.00440374 0.000703738 0.146729 0.115888 305.982 
0.00817855 0.0454089 -0.0035352 0.00130862 0.00481305 0.000662005 0.156643 91.7193 305.26 
-0.00462605 0.0472507 -0.00364512 0.00190093 0.00473209 0.00092186 0.186047 152.436 304.584 
-0.0120984 0.0483847 -0.00347285 0.0014297 0.00459629 0.00126032 0.155452 60.858 303.871 
-0.00587824 0.0382074 -0.00674306 0.00117593 0.00487222 0.00120093 0.132407 0.0342593 303.113 
0.00552794 0.0372836 -0.00876859 0.00123557 0.00512794 0.000661432 0.181986 0.0378753 302.467 
0.00330922 0.0470313 -0.00617281 0.00135945 0.00516912 0.000703687 0.167281 0.0317972 301.842 
-0.00909701 0.0454851 -0.00413931 0.00164 0.00465287 0.0010377 120.601 0.0648276 301.144 
-0.0103555 0.0397789 -0.00204174 0.00142752 0.00496239 0.00108257 150.336 120.306 300.514 
0.0004746 0.0434018 -0.000162014 0.00140503 0.00453684 0.00093135 30.0828 269.929 299.871 
0.0110219 0.04681 -0.0031758 0.00145205 0.00458311 0.000648402 0.13653 179.583 299.154 
0.0044082 0.0465121 -0.00570979 0.00154396 0.00494032 0.00087426 0.134396 29.9576 298.457 
-0.00722455 0.0447855 -0.00286409 0.00166545 0.00461773 0.00131091 119.239 0.100909 297.794 
-0.0104902 0.0408023 -0.000804535 0.00140816 0.00501451 0.0012517 148.62 0.075737 297.13 
-0.00182896 0.0440923 -0.0036543 0.00128416 0.00434796 0.0009181 29.6738 0.0520362 296.456 
0.00987494 0.046326 -0.00722393 0.00129436 0.00443928 0.000678555 0.075395 0.0654628 295.782 
0.00298423 0.0462095 -0.00496892 0.00156036 0.00464324 0.000731081 0.143694 0.0968468 295.12 
-0.00870337 0.0439622 -0.00152674 0.00159461 0.00440494 0.00144854 117.919 0.0764045 176.736 
-0.0070713 0.0402623 -0.000334978 0.00141166 0.00518475 0.0015287 147.031 0.0569507 29.4704 
0.00260224 0.0412541 -0.00414497 0.00143579 0.00441298 0.000838926 29.4783 0.0733781 117.315 
0.0116612 0.0383879 -0.00996429 0.00146429 0.00452679 0.000728571 0.127232 0.0763393 146.323 
0.00540935 0.038 -0.00711804 0.00174432 0.00452739 0.000793318 0.117595 0.116704 29.2775 
-0.00638356 0.0404316 -0.005024 0.00136489 0.00438089 0.00140311 116.568 0.146222 0.125778 
-0.00875122 0.0420009 -0.00162439 0.0013122 0.00524124 0.00147894 145.291 0.180931 0.134812 
0.00493982 0.0442177 -0.00188009 0.00151416 0.0040854 0.000754425 29.042 0.234071 0.131416 
0.0138256 0.0413108 -0.00834349 0.00136689 0.00426976 0.00072362 0.141722 0.273289 0.144371 
0.00167577 0.0411471 -0.00749604 0.00189339 0.00451013 0.000999559 0.190749 0.299119 115.54 
-0.0102743 0.0413442 -0.00580835 0.00149099 0.00437978 0.00127077 144.133 0.248352 259.233 
-0.00730307 0.0386044 -0.00507982 0.00104474 0.00452281 0.00105395 143.754 0.253509 172.47 
0.00566258 0.0393912 -0.0046267 0.00125602 0.0040954 0.000606565 0.0888403 0.326915 172.091 
0.00726201 0.040641 -0.00388166 0.00136987 0.00469432 0.000604367 0.090393 0.350655 257.525 
-0.0029634 0.0407316 -0.0058671 0.00163791 0.00444532 0.00104314 0.0840959 0.397821 142.761 
-0.00663652 0.041337 -0.00414739 0.00144348 0.00456783 0.00138261 0.120435 0.385652 170.913 
-0.00139957 0.043528 -0.00258438 0.00124772 0.00417831 0.00101171 0.156182 0.359219 284.191 
0.0068658 0.0445593 -0.00662684 0.00123983 0.00420996 0.000611255 0.17619 0.383117 283.57 
0.00412657 0.0493283 -0.00353823 0.0013676 0.0044933 0.000565011 0.155076 0.356371 283.017 
-0.00552716 0.0463047 -0.00164353 0.00138966 0.00431034 0.00136724 56.5733 0.340517 282.419 
-0.00601032 0.0344185 -0.00302753 0.00150667 0.00502108 0.00156344 140.993 0.366022 281.806 
0.00233519 0.0342502 -0.00456695 0.00163562 0.00409185 0.000816738 84.5219 0.396567 281.19 
0.00892848 0.0391272 -0.00669593 0.00150535 0.00410064 0.000663812 0.178158 0.386296 280.534 
0.00158462 0.0411017 -0.00391581 0.00170043 0.00417991 0.000690598 0.12735 0.382906 279.909 
-0.00738081 0.0420849 -0.00166652 0.0012661 0.00407079 0.0011774 0.0682303 0.420469 279.307 
-0.00610638 0.0430183 -0.0019583 0.00114766 0.00507021 0.00135149 0.0774468 0.42383 278.65 
0.00634098 0.0433023 -0.00105265 0.00126285 0.00403822 0.000725265 0.157113 0.401699 277.988 
0.0113551 0.0417894 -0.00293559 0.00105 0.00450551 0.000599576 0.133898 0.433051 277.395 
0.00165581 0.0421163 -0.00358689 0.00170317 0.00456956 0.000849894 55.4732 0.439746 276.863 
-0.00843291 0.0412004 -0.00155105 0.00134937 0.00395865 0.0012903 138.257 0.381435 276.352 
-0.00858568 0.0385162 -0.00323537 0.00115158 0.00477516 0.00132463 82.8063 0.354947 275.803 
0.00422689 0.0414689 -0.00262395 0.00152857 0.00363235 0.000676471 0.12563 0.353361 275.176 
0.0104193 0.0410734 -0.00367966 0.0015065 0.00417904 0.000641509 0.147589 0.32956 274.518 
-0.000999163 0.0432464 -0.00476318 0.00177908 0.0045523 0.000921339 0.0799163 0.28159 273.969 
-0.0128334 0.046901 -0.00189395 0.00123925 0.00405428 0.0011858 0.0551148 0.23048 273.429 
-0.0141496 0.0386529 -0.00547875 0.00112042 0.0045325 0.00113875 0.105 0.223333 272.753 
0.000202079 0.0350782 -0.00698503 0.00121164 0.0037264 0.000669439 0.146778 0.223285 272.143 
0.00998963 0.0376788 -0.00406432 0.0011834 0.00450166 0.000718257 0.156017 0.208299 271.656 
0.00241698 0.0417449 -0.00304513 0.00172298 0.00468654 0.00102857 0.125466 0.224017 271.139 
-0.00671612 0.043231 -0.00218595 0.00133554 0.00397727 0.00131612 0.143802 0.183471 270.595 
-0.0067101 0.0424449 -0.00213856 0.00122144 0.00438392 0.00120495 0.194227 0.110103 270.068 
0.00542222 0.0401325 -0.00286872 0.00140905 0.00382716 0.000692593 0.190947 0.0954733 269.537 
0.00891622 0.0355359 -0.00314949 0.00148871 0.00441437 0.000647228 0.169199 53.8957 268.991 
-0.000434016 0.0393053 -0.0042418 0.00160369 0.00458484 0.000880738 0.168033 134.341 268.403 
-0.0077182 0.0409264 -0.00476687 0.00111125 0.00402945 0.00108057 0.209407 80.4933 267.796 
-0.00779184 0.0364012 -0.00534571 0.00112041 0.00385306 0.00100776 0.208571 0.0877551 267.242 
0.00223625 0.0376468 -0.00546599 0.00115193 0.00363788 0.000687984 0.150305 0.0720978 266.727 
0.00762927 0.0399614 -0.00330285 0.00109919 0.00473293 0.00081748 0.125203 0.098374 266.211 
-0.00365436 0.040415 -0.00682069 0.0016998 0.00482637 0.0012215 0.130629 0.120081 265.717 
-0.0109672 0.0404211 -0.00550648 0.0017085 0.00400891 0.00143846 0.141296 0.105668 265.26 
-0.0063503 0.032857 -0.00497859 0.00140848 0.00379677 0.00110788 0.167677 0.0650505 264.761 
0.0047246 0.0313444 -0.00865 0.00129677 0.00402782 0.000597984 0.167742 52.8798 264.212 
0.00582857 0.0363408 -0.00546358 0.00124105 0.00444909 0.000575855 0.151308 131.862 263.679 
-0.00548072 0.0388193 -0.005349 0.00143012 0.00408835 0.000845783 0.159438 131.597 210.522 
-0.00922725 0.0363691 -0.0060982 0.00117074 0.004099 0.0010016 0.121042 131.342 131.297 
-8.84e-05 0.0352456 -0.00512 0.0010992 0.0037972 0.0008992 0.0984 78.6568 131.014 
0.00898563 0.0405257 -0.00574571 0.00108423 0.00394651 0.000613972 0.149701 0.0642715 130.773 
0.0057757 0.0403733 -0.00614542 0.00122072 0.00448008 0.000728287 0.175697 0.0984064 130.533 
-0.00444732 0.0377078 -0.00465885 0.00163897 0.00417694 0.00128191 52.2334 0.0584493 130.283 
-0.00861151 0.0357857 -0.0028373 0.00180238 0.00434286 0.00118849 104.079 0.0587302 104.063 
-0.000428119 0.0348178 -0.00449069 0.00161624 0.00385545 0.000723168 51.9865 0.110891 129.817 
0.00882095 0.0344277 -0.00802134 0.0016166 0.00394822 0.000579447 0.136364 0.118182 129.532 
0.00362564 0.0397278 -0.00628442 0.00195976 0.00367574 0.000613018 0.126233 0.151479 51.7633 
-0.00589016 0.0409394 -0.0032937 0.00149488 0.00369685 0.00107874 0.0874016 0.179528 0.100787 
-0.0101843 0.0338782 -0.00406798 0.00133988 0.00482515 0.00123458 0.0699411 0.154813 0.059725 
0.0009 0.0374835 -0.0030949 0.00109765 0.0037549 0.000744314 0.094902 0.14902 0.0196078 
0.0116493 0.0404947 -0.00332133 0.000855969 0.0038317 0.000626223 0.158121 0.165949 0.0375734 
0.000507813 0.039575 -0.00304336 0.00153633 0.00381953 0.000722656 0.155859 0.154297 0.0722656 
-0.00770175 0.0374402 -0.00202846 0.00108772 0.0035501 0.00112982 0.100585 0.152827 0.0873294 
-0.00689767 0.0334837 -0.00410661 0.000929183 0.00470117 0.0012323 0.107004 0.186381 0.107004 
0.00424621 0.0331169 -0.00425903 0.0013934 0.00364583 0.000626408 0.161165 0.192233 0.0998058 
0.0120074 0.0306066 -0.00562171 0.00156744 0.00381085 0.000572481 0.158527 0.174806 0.0569767 
0.00333926 0.0353427 -0.00510058 0.00173037 0.00450716 0.00105532 0.106383 0.217021 0.0321083 
-0.00625637 0.040161 -0.000220077 0.00122046 0.00410618 0.00132008 101.25 0.269498 101.205 
-0.00543353 0.0374254 -0.000169557 0.001242 0.00405202 0.00106127 126.336 0.272447 227.212 
0.00430769 0.0379615 -0.00279538 0.00134654 0.00348654 0.000682692 25.3115 0.276154 251.964 
0.00696775 0.0378626 -0.00248791 0.00131017 0.00385797 0.000565067 0.0733205 0.315163 251.514 
-0.0011364 0.0379521 -0.00230651 0.0015046 0.0038069 0.000743678 0.0678161 0.294636 251.036 
-0.00710516 0.0370501 -0.00345889 0.00121874 0.00393308 0.000954111 0.0611855 0.260803 250.556 
-0.00227901 0.0348454 -0.00292672 0.00119733 0.00389733 0.000866794 0.0729008 0.304198 250.083 
0.0073779 0.0368648 -0.0039619 0.00118629 0.00361219 0.000553905 99.9147 0.308571 249.6 
0.0060057 0.0376407 -0.00370951 0.00112814 0.00428213 0.000626996 124.64 0.3 249.124 
-0.00285882 0.0366425 -0.0043112 0.00140569 0.00383264 0.00110892 24.975 0.323719 248.64 
-0.00558371 0.036733 -0.00386856 0.00123864 0.00387386 0.00120189 0.125 0.337121 248.123 
2.53308e-05 0.0326991 -0.00404839 0.00112817 0.00373686 0.000894896 0.131191 0.330813 247.596 
0.00758038 0.0330913 -0.00529623 0.00120717 0.00368 0.000549057 0.153208 0.319245 247.147 
0.00236836 0.0399853 -0.0027371 0.00129341 0.00398079 0.000555179 0.155179 0.295292 246.689 
-0.00571541 0.0398481 -0.00230113 0.00123947 0.00370263 0.00102669 0.101504 0.327068 246.218 
-0.00539512 0.0367929 -0.000542214 0.000995497 0.00427655 0.00110769 0.0716698 0.367355 245.723 
-0.00121498 0.0352884 -0.0032236 0.00123895 0.00372322 0.000698876 0.0749064 0.340075 245.178 
0.00548374 0.0380303 -0.00352935 0.00125645 0.0036228 0.000560748 0.0856075 0.306916 244.686 
0.00260187 0.0399705 -0.00242687 0.00117015 0.0038097 0.000601866 0.0936567 0.300373 244.229 
-0.00421899 0.034397 -0.00426629 0.00110875 0.00362048 0.00113035 97.6845 0.307263 243.845 
-0.00458401 0.0313078 -0.000882156 0.00113234 0.00415985 0.00128178 121.886 0.292193 243.422 
0.00108571 0.0357269 -2.11503e-05 0.00123488 0.00343525 0.000709091 24.4672 0.253432 242.913 
0.0071337 0.0385181 -0.00240296 0.00103741 0.00368593 0.000537037 0.111852 0.198519 242.435 
0.00194603 0.0368802 -0.00232606 0.00128799 0.00376414 0.000550832 0.0831793 0.180776 241.992 
-0.00410959 0.0355993 -0.000567897 0.00115092 0.00341513 0.000962362 96.7834 0.183395 241.582 
-0.00568324 0.0352221 -0.00112707 0.00110055 0.00389319 0.00106777 96.5587 0.205157 241.116 
0.00152022 0.0349952 -0.0016739 0.00131654 0.00332868 0.000583088 0.0753676 0.233456 240.667 
0.00839376 0.0349728 -0.000976147 0.0013655 0.00392073 0.000595229 0.150459 0.256881 240.253 
0.00129121 0.0364802 -0.00330769 0.00148828 0.00411685 0.000891941 0.153846 0.172161 239.788 
-0.00905265 0.0366585 -0.00295283 0.000940768 0.00352687 0.00119086 0.0749543 0.0859232 239.329 
-0.0079365 0.0361347 -0.000590146 0.000903285 0.00378431 0.0010208 0.104015 0.118613 238.932 
0.00642914 0.0342947 -0.00312605 0.00102951 0.00342477 0.000570128 0.178506 0.105647 238.488 
0.00942327 0.0303876 -0.00457345 0.00105564 0.00408909 0.000621091 0.138182 0.08 238.033 
-0.00180254 0.0348519 -0.00422976 0.00139746 0.00420181 0.000855172 0.134301 0.134301 237.644 
-0.0082471 0.041146 -0.00184855 0.00105797 0.00350362 0.000999275 0.150362 0.121377 237.234 
-0.00585136 0.0389472 0.000190597 0.00104014 0.00351465 0.000876311 0.126582 0.0867993 236.796 
0.00243032 0.0366693 -0.00165668 0.00124332 0.00335848 0.000572202 0.142599 0.0884477 236.338 
0.0069373 0.0344144 -0.00315459 0.00119784 0.0039845 0.00064973 0.187387 0.0720721 235.942 
-0.00358381 0.0353525 -0.00513417 0.00120647 0.00412806 0.000873741 0.13777 94.3399 235.613 
-0.0104406 0.0346309 -0.00464201 0.00106643 0.00377163 0.000932496 0.0714542 94.1583 235.268 
-0.00257706 0.0325305 -0.00483548 0.00102867 0.00341075 0.000866667 0.0921147 0.0706093 234.867 
0.00588801 0.0340401 -0.00678784 0.000905903 0.00353166 0.000573524 0.118426 0.0683363 234.407 
0.00225643 0.0360843 -0.00468964 0.00106393 0.00372964 0.000579643 0.0914286 0.0478571 233.986 
-0.00597255 0.0344888 -0.00444884 0.00119715 0.00356221 0.000972193 0.059893 23.4068 233.595 
-0.00702918 0.0305808 -0.00309751 0.00108826 0.00392598 0.000961566 0.0412811 116.642 233.117 
0.00224476 0.0346611 -0.00245506 0.00109307 0.00336945 0.000736767 0.0408526 93.1655 232.666 
0.0112025 0.0364387 -0.00398333 0.00094078 0.00345851 0.000602482 0.0677305 0.0712766 209.049 
0.0038492 0.0349158 -0.00291965 0.00130903 0.0031554 0.000606372 0.0828319 0.0757522 139.138 
-0.00565972 0.0346686 -0.00176078 0.00111131 0.00310565 0.000935336 0.0738516 0.0491166 162.074 
-0.00564621 0.0338945 -0.00228959 0.000716402 0.0042709 0.000988713 0.103704 0.0261023 231.138 
0.00397465 0.0331398 -0.00304507 0.000884507 0.00338627 0.000560563 0.152465 0.053169 230.741 
0.00858348 0.0325466 -0.00403058 0.00097645 0.00369877 0.000549033 0.115993 46.1223 184.275 
0.00292526 0.0363891 -0.00305123 0.00146211 0.00368316 0.00087193 0.0470175 160.979 69.0295 
-0.00529982 0.038014 -0.000989842 0.00107005 0.00324308 0.00123993 0.0185639 183.661 0.0935201 
-0.00988636 0.036393 -0.00155734 0.00107238 0.00411364 0.00109476 0.0178322 68.8472 0.0870629 
-0.000742059 0.0355316 -0.000234555 0.00126003 0.00320908 0.000579407 0.0380454 0.160209 0.0659686 
0.0068554 0.0328373 -0.00146585 0.00111359 0.0032662 0.000617073 0.0696864 0.167247 0.0696864 
0.00100139 0.0349687 -0.00275757 0.00136591 0.00309635 0.000728348 0.104348 0.173913 0.0855652 
-0.00728542 0.0361097 -0.00198715 0.00088125 0.00310972 0.000826736 0.141667 0.192361 0.0798611 
-0.00469497 0.0357428 -0.000997227 0.0008513 0.00395598 0.000959445 0.15182 0.207972 0.0429809 
0.00727059 0.0359266 -0.00178512 0.000965398 0.00314152 0.000651903 0.114533 0.221107 0.0370242 
0.0102228 0.0320218 -0.00358307 0.000909154 0.00361174 0.000516753 0.0873921 0.220725 0.0694301 
0.00206172 0.0355679 -0.00359621 0.00139586 0.00351552 0.00087931 0.0782759 0.203103 45.2514 
-0.00648537 0.0371043 -0.00291773 0.00117005 0.00315628 0.00116627 0.0843373 0.2179 112.814 
-0.00588969 0.0367155 4.46735e-05 0.00109485 0.00382199 0.000974227 0.0914089 0.237113 67.5856 
0.00421852 0.035117 -0.000911835 0.00120274 0.003306 0.000535506 0.0823328 0.252487 0.0363636 
0.00695479 0.0312675 -0.00157295 0.00116507 0.00344829 0.000441096 0.0907534 0.296918 44.8997 
-0.00468479 0.0344209 -0.00117162 0.00131556 0.00323726 0.000706325 44.8807 0.324103 112.023 
-0.00979625 0.033913 -0.00201229 0.000894881 0.0033314 0.000865188 111.881 0.300341 111.844 
-0.00140818 0.0297083 -0.00315468 0.000923339 0.00341601 0.000774446 67.0811 0.27155 156.278 
0.00858946 0.0273306 -0.00724048 0.00101939 0.00327007 0.000552041 0.107143 0.264286 222.833 
0.00787199 0.0289317 -0.00531613 0.000933447 0.00403158 0.000665535 0.0519525 0.265874 222.449 
-0.00225424 0.033261 -0.00277119 0.00141797 0.00359085 0.0010522 44.4522 0.288136 222.068 
-0.00775025 0.0336609 -0.00139797 0.00135838 0.00329543 0.0011198 110.897 0.31269 221.662 
-0.00030473 0.0344865 0.00270135 0.00120845 0.00327939 0.000946959 66.4436 0.326014 221.269 
0.00862327 0.0336712 -0.00133761 0.00144452 0.00335852 0.000583474 0.0448567 0.337605 220.936 
0.00155185 0.0376364 -0.00266498 0.00143973 0.00328451 0.000404377 0.0757576 0.323569 220.549 
-0.00544504 0.0386837 -9.17647e-05 0.00116639 0.00337479 0.000896807 0.0981513 0.286387 220.077 
-0.00595436 0.0324836 0.000139597 0.00104362 0.00396711 0.00107483 0.0983221 0.284899 219.69 
0.0010469 0.0330415 -0.00188543 0.000960134 0.00296549 0.000538358 0.131993 0.298157 219.337 
0.00880669 0.0307946 -0.00517659 0.000895318 0.00305184 0.000415719 0.118729 0.267893 218.963 
0.00279499 0.0290437 -0.00467179 0.00129683 0.00327145 0.000637396 0.0994992 0.274457 218.598 
-0.007052 0.0325483 -0.00256467 0.00106633 0.00313633 0.000916 0.0993333 0.281333 218.271 
-0.00708852 0.0334459 -0.000648586 0.000940765 0.00350449 0.000877537 0.140433 0.212978 217.874 
0.00192425 0.0336551 -0.000252159 0.00111229 0.0031289 0.000560465 0.16113 0.187708 217.467 
0.00531642 0.0322411 -0.00145075 0.00100133 0.00373566 0.000526036 0.102819 0.225539 217.158 
-0.000691391 0.0314387 -0.0040043 0.00118013 0.00384172 0.000746358 0.0976821 0.203642 216.82 
-0.00691008 0.0331762 -0.00237025 0.00105091 0.00329653 0.000940826 0.0826446 0.191736 216.42 
-8.21782e-05 0.0327231 -0.0014538 0.00103234 0.00290066 0.000770957 0.0891089 0.188119 216.017 
0.00824217 0.034575 -0.00201384 0.00108501 0.00308863 0.000469852 0.103789 0.186161 215.692 
0.00438454 0.0329099 -0.00218224 0.000984211 0.00364605 0.000528289 0.0986842 0.171053 215.391 
-0.00479015 0.0308036 -0.00365583 0.00111757 0.00356125 0.000883744 0.0755337 0.144499 215.041 
-0.00826066 0.0294833 -0.00266787 0.000988852 0.00340787 0.000948852 0.052459 0.118033 214.711 
-0.00158691 0.0323201 -0.00135646 0.000971849 0.00291948 0.000708674 0.126023 0.0638298 214.394 
0.00648105 0.0344408 -0.00315882 0.000935948 0.00308464 0.000495752 0.171569 0.0996732 213.995 
0.00446852 0.0349015 -0.00414062 0.00100848 0.0035044 0.000626101 0.120718 0.0880914 213.644 
-0.00486287 0.032444 -0.00389642 0.00120847 0.00342508 0.000999674 0.0488599 106.733 213.388 
-0.00820098 0.0282504 -0.0020839 0.00108585 0.00365528 0.000943415 0.0731707 106.551 213.003 
4.25325e-05 0.0327195 -0.000691883 0.000995779 0.00306688 0.000677597 0.107143 0.0519481 212.588 
0.00915494 0.0306898 -0.00454652 0.00100486 0.00316499 0.000538088 0.110211 0.0615883 212.314 
0.00177249 0.0312272 -0.00488091 0.00109612 0.00346084 0.000691586 0.132686 0.0550162 212.013 
-0.00663328 0.033812 -0.00451535 0.00109435 0.0032601 0.00112924 0.150242 0.0533118 211.672 
-0.00481871 0.0276216 -0.00473968 0.0011271 0.00360774 0.000993226 0.195161 0.0177419 211.35 
0.00248857 0.0293188 -0.00225024 0.000949436 0.00295813 0.00050467 0.152979 0.00483092 105.509 
0.00833312 0.0317987 -0.00425338 0.00072283 0.00332219 0.000463344 0.0900322 0.0096463 0.0128617 
0.00252648 0.0302674 -0.00420674 0.00112777 0.00341188 0.000608026 0.094703 105.186 105.186 
-0.00630417 0.0312372 -0.0020234 0.00102436 0.00311442 0.00106731 0.0929487 105.071 210.019 
-0.0068176 0.029473 -0.0005408 0.00091584 0.00384448 0.00104672 0.0912 0.1008 209.662 
-0.00100288 0.0305693 -0.000604473 0.00106038 0.00323578 0.000626518 0.0830671 0.0670927 209.281 
0.00457352 0.0327659 -0.00292217 0.00106635 0.00322839 0.000550239 0.0845295 0.0749601 208.971 
0.00188312 0.0326933 -0.00245478 0.00147006 0.00298694 0.000489172 0.0971338 0.119427 104.349 
-0.00507568 0.0320795 -0.00101367 0.00102798 0.00295962 0.000668362 0.0588235 0.131955 0.0651828 
-0.00478984 0.030613 -0.0024127 0.000640635 0.00383365 0.000799365 0.0555556 0.103175 0.0936508 
0.00527036 0.0287987 -0.00350523 0.000836767 0.00293534 0.000557528 0.10935 0.0776545 103.891 
0.0105032 0.0276544 -0.00398513 0.00101519 0.00328576 0.000466772 0.0949367 0.0949367 103.718 
0.00151027 0.0307371 -0.00470711 0.00145592 0.00318515 0.000719115 0.0442338 0.113744 0.0947867 
-0.00609495 0.0327199 -0.00227855 0.00112177 0.00271167 0.00114069 0.0189274 0.138801 0.107256 
-0.00454425 0.0304283 -0.00125228 0.00106929 0.00372126 0.00100157 103.205 0.159055 0.0645669 
0.00423616 0.0297349 -0.000359748 0.00116667 0.00295189 0.000454088 103.101 0.169811 0.0754717 
0.0083686 0.0290841 -0.000582732 0.00113375 0.00290581 0.000512716 0.0941915 0.194662 0.11303 
0.00190094 0.031216 -0.00252602 0.00133605 0.00282382 0.000657053 0.0877743 0.194357 102.768 
-0.00499061 0.0340895 -0.000968701 0.000774022 0.00286917 0.000760876 102.581 0.179969 205.1 
-0.00275937 0.0307594 -0.0026575 0.000729687 0.0035275 0.000879687 102.423 0.195312 102.42 
0.00672699 0.029341 -0.00396755 0.000861466 0.00296443 0.000616537 0.131045 0.215289 102.225 
0.00742773 0.0266794 -0.00310156 0.00078567 0.00352679 0.000488162 0.0903427 0.205607 204.109 
0.0019944 0.028428 -0.00418476 0.00126128 0.00326065 0.000778538 0.0559876 0.248834 203.826 
-0.00479068 0.0314317 -0.00367764 0.00108292 0.00280621 0.00106677 0.0621118 0.232919 101.767 
-0.00410977 0.0306583 -0.000317829 0.000842791 0.0032555 0.000903566 0.110078 0.196899 101.54 
0.00505232 0.032504 -1.70279e-05 0.0011935 0.00285728 0.000480805 0.162539 0.236842 202.763 
0.00437558 0.0312226 -0.00277063 0.00145039 0.00318207 0.000438022 0.142195 0.268934 202.501 
-0.00346173 0.031788 -0.0026963 0.00171142 0.00338549 0.000710494 101.16 0.262346 101.111 
-0.00819106 0.0309368 -0.0021812 0.00123883 0.00312142 0.000852696 100.954 0.211094 100.935 
-0.00132954 0.0267449 -0.00311692 0.000807692 0.00279754 0.000707385 0.0292308 0.238462 201.602 
0.00665653 0.0269708 -0.00487158 0.000946237 0.00262796 0.000423656 0.0814132 0.271889 201.258 
0.00211166 0.0317442 -0.00390307 0.00112147 0.00258896 0.000490798 20.1853 0.276687 200.917 
-0.00575222 0.0308104 -0.00165605 0.00123063 0.00274303 0.000834916 100.366 0.266156 200.609 
-0.00693486 0.0279988 0.00041896 0.00104251 0.00320856 0.000916208 80.1722 0.217431 200.236 
-4.58015e-05 0.0293698 -0.00068855 0.000953893 0.0027316 0.000636641 0.0451908 0.230229 199.91 
0.00716341 0.0301436 -0.00410122 0.00117896 0.00279421 0.000439939 0.0865854 0.259146 199.596 
0.00346971 0.0323836 -0.00352146 0.000787519 0.00299665 0.000596651 0.0852359 0.252055 199.305 
-0.00502979 0.0321723 -0.00149301 0.000515198 0.00300881 0.000974468 0.0632219 0.19696 199.011 
-0.00116995 0.0295906 4.43096e-05 0.000963278 0.0029569 0.000855539 0.100152 0.152959 198.702 
0.00732909 0.0294521 -0.000550303 0.000873636 0.00252697 0.000372121 0.099697 0.149394 198.402 
0.00573041 0.0260769 -0.00239486 0.000954312 0.00324962 0.000416944 0.0626324 0.149773 198.108 
-7.40181e-05 0.0278991 -0.00251088 0.00124079 0.00293353 0.000629003 0.0450151 0.177341 197.835 
-0.0055822 0.0305288 -0.00247541 0.000889291 0.00266848 0.00075083 0.0374057 0.159879 197.508 
-0.00321355 0.0289277 -0.000357831 0.000850904 0.00297199 0.000591566 0.0493976 0.122289 197.137 
0.00579699 0.029382 -0.00185023 0.000998195 0.0028391 0.000346466 0.0673684 0.125714 196.858 
0.00633694 0.0267228 -0.00351201 0.000935736 0.00352492 0.000564565 0.0666667 0.127928 196.616 
-0.00125427 0.0277526 -0.00489085 0.00129895 0.00344888 0.000901649 0.0638681 0.105847 196.324 
-0.00781796 0.0308578 -0.00387365 0.00127066 0.00292186 0.000970958 0.0724551 0.0700599 196.034 
-0.00317967 0.0295468 0.000382063 0.00102601 0.00263857 0.000704634 0.096562 0.0565022 195.768 
0.00571313 0.0279537 -0.0031994 0.0011606 0.00284448 0.000341791 0.108955 0.0743284 195.474 
0.00351177 0.0307633 -0.003093 0.00121341 0.00328495 0.000403279 0.0971684 0.0965723 195.143 
-0.00346696 0.0301467 -0.00248661 0.00124911 0.00325595 0.000714286 0.1125 0.0952381 194.849 
-0.00500178 0.0291061 -0.0021266 0.00106895 0.0030419 0.000815453 0.136701 0.0641902 194.562 
0.00108309 0.0309914 -0.00173145 0.000845994 0.00244896 0.000543323 0.12819 0.0344214 194.26 
0.00711289 0.0280981 -0.0061203 0.000974222 0.00302667 0.000371852 0.12563 77.6753 194.004 
0.00245769 0.0288601 -0.00636361 0.0012284 0.00322308 0.000657988 0.0846154 174.489 193.787 
-0.00627415 0.0292842 -0.00457164 0.00122482 0.00275096 0.00114623 0.0714919 193.599 193.544 
-0.00678702 0.0241891 -0.00226047 0.0012705 0.00311121 0.00100826 0.108555 115.994 193.263 
0.000580854 0.025182 -0.00269102 0.0010651 0.00264536 0.00050486 0.129602 19.3184 192.973 
0.00601588 0.0287609 -0.00421559 0.000817059 0.003 0.000370882 0.140588 77.1059 192.704 
0.000584435 0.0294288 -0.00317768 0.0011536 0.00302115 0.00052511 0.136564 96.2376 192.421 
-0.00602141 0.0289126 -0.00146569 0.000977126 0.00268416 0.00082522 0.0879765 96.0991 192.119 
-0.00679063 0.0281429 -0.00158272 0.000771303 0.00336164 0.000800293 0.0433382 172.693 191.81 
0.00150643 0.0297798 -0.00234035 0.000783333 0.00286462 0.00045117 0.071345 114.952 114.909 
0.00716029 0.0292558 -0.00331796 0.000810803 0.00333372 0.000414599 0.116496 95.6476 95.6429 
0.00238834 0.0270152 -0.00372828 0.00123178 0.00334752 0.000753061 0.131195 95.5155 95.509 
-0.00368501 0.0293258 -0.00137555 0.000979622 0.00256885 0.00090655 76.3863 19.085 95.3755 
-0.00547064 0.0307817 -0.000399419 0.00092907 0.0030689 0.000842733 95.3215 0.022093 95.2395 
0.00221742 0.0299544 0.000460958 0.00104296 0.00257184 0.000542525 19.1393 0.0235123 19.0528 
0.00642203 0.0296162 -0.00147333 0.000982609 0.00294841 0.000353913 0.102029 0.0162319 76.0128 
-0.0017754 0.0301919 -0.00207786 0.00129117 0.00303357 0.000650362 0.0688857 75.857 94.8671 
-0.00761358 0.0300803 -0.000990173 0.00102572 0.00267457 0.00098526 0.0563584 94.691 94.7009 
-0.00498268 0.0283045 -0.00140866 0.00098557 0.00332439 0.000809812 0.0917749 94.5801 94.5501 
0.00430519 0.0292392 -0.000912104 0.000954179 0.00258559 0.000364265 0.117003 94.4334 94.4398 
0.00909122 0.028179 -0.00289122 0.000934676 0.00288777 0.000373813 75.4924 18.8737 94.3165 
0.0026342 0.0293534 -0.00223994 0.00125172 0.00291149 0.00068477 94.179 0.0761494 18.8675 
-0.00376413 0.0299303 -0.000801435 0.00082066 0.00254405 0.000924821 18.8686 0.124821 0.0387374 
-0.00632665 0.0248768 -0.00380344 0.000767622 0.00318997 0.000730086 0.0816619 0.0908309 75.1275 
0.00199399 0.0255393 -0.00379399 0.000820029 0.00260658 0.000351073 0.0635193 0.0949928 168.738 
0.00716971 0.0268814 -0.001608 0.000780571 0.00308086 0.000441143 0.038 0.151143 112.358 
0.000523538 0.0293272 -0.00198688 0.00121398 0.00296034 0.000722967 74.7912 0.146933 18.7387 
-0.00568034 0.0288983 -0.00179943 0.000847009 0.00257778 0.000815954 93.3544 0.126496 0.0319088 
-0.00136102 0.0264196 -0.000495021 0.000618777 0.00279858 0.000607112 18.6629 0.138265 0.0534851 
0.00661449 0.0275656 -0.00187983 0.00086108 0.00259375 0.000353977 0.0821023 0.18892 93.0997 
0.00524227 0.0249708 -0.00361787 0.000925106 0.00324851 0.00052539 0.093617 0.246809 185.87 
-0.000948725 0.0256456 -0.00436997 0.00120425 0.00303654 0.000765156 92.8286 0.22238 92.8343 
-0.00589307 0.0278733 -0.00243197 0.000983876 0.00285997 0.00075587 185.366 0.192362 92.6818 
1.55367e-05 0.0275898 -0.000384746 0.000701695 0.00276356 0.000622316 92.5975 0.218927 185.044 
0.00680762 0.0285537 -0.0024976 0.000819746 0.00259887 0.000390691 0.0761636 0.236953 184.798 
0.0026431 0.029762 -0.00196676 0.000915493 0.00303746 0.000429296 0.0676056 0.233803 184.572 
-0.00433727 0.0305238 -0.00155949 0.00100985 0.00289789 0.000747117 92.1955 0.226442 184.305 
-0.00759073 0.0271567 -0.00134185 0.000831742 0.00307949 0.000822191 184.073 0.202247 184.048 
-0.000332118 0.0256536 -0.000568864 0.000812903 0.00286171 0.000671248 91.9916 0.207574 183.753 
0.00758207 0.0277485 -0.00272241 0.000828852 0.00264846 0.000448459 0.110644 0.233894 183.43 
0.00359217 0.0291119 -0.00278014 0.00081958 0.00286322 0.000404755 0.048951 0.222378 183.185 
-0.00358408 0.0288344 -0.00218017 0.000865084 0.00275335 0.000735754 0.0363128 0.170391 182.955 
-0.00623543 0.025957 -0.00178466 0.000791353 0.00304909 0.00084993 0.0251046 0.18689 182.692 
-0.00170446 0.0277936 -0.000638162 0.000839276 0.00264708 0.000593872 0.045961 0.243733 182.411 
0.00583755 0.0295533 -0.00198804 0.000821697 0.00271321 0.000422253 0.0445063 0.230876 182.147 
0.00311028 0.0286833 -0.00332944 0.000939444 0.00292583 0.000421389 0.0708333 0.234722 181.879 
-0.00438114 0.0269104 -0.00257282 0.000957836 0.00272677 0.00080111 0.0984743 0.26491 181.641 
-0.00560305 0.0232773 -0.000596676 0.000901108 0.00314044 0.000916066 0.0554017 0.232687 181.393 
0.00182351 0.024956 -0.000830429 0.000953804 0.00256985 0.000429599 0.0705394 0.183956 181.108 
0.00833149 0.0258677 -0.00393149 0.000922928 0.00275083 0.000327901 0.106354 0.200276 180.863 
0.0031749 0.026749 -0.00350097 0.0010331 0.00290593 0.000482207 0.0786207 0.216552 180.622 
-0.00346749 0.0271171 -0.00247961 0.000870523 0.00260992 0.000821763 0.0509642 0.172176 180.368 
-0.00678514 0.0241076 -0.00446135 0.00083879 0.0031282 0.000844017 0.0385144 0.148556 180.077 
0.000377747 0.0263514 -0.00273214 0.000889835 0.00243901 0.000362363 0.0590659 0.146978 179.782 
0.0077465 0.0275495 -0.00220933 0.000827984 0.00284829 0.000343759 0.119342 0.122085 179.54 
0.00117671 0.0291301 -0.00250027 0.00115425 0.00303616 0.00064274 0.105479 0.0890411 179.314 
-0.00458468 0.0290577 -0.000361696 0.000908892 0.00254966 0.000985226 0.0766074 0.0410397 179.108 
-0.00416503 0.0289361 0.000653552 0.000765301 0.00307213 0.000825137 0.0696721 0.0423497 178.903 
0.00460955 0.0294974 -0.000459209 0.000980082 0.00255716 0.000333697 0.0941337 0.0504775 178.664 
0.00787493 0.0249014 -0.00350436 0.00109155 0.00290872 0.000341144 0.106267 0.0408719 178.425 
-0.00126558 0.0271548 -0.00329578 0.00132544 0.00301197 0.00064517 0.0639456 0.077551 178.17 
-0.00627065 0.0283149 -0.00192663 0.0009 0.00246495 0.000759511 0.0692935 0.0692935 177.86 
-0.000346269 0.0244692 -0.00133921 0.000693623 0.00246133 0.000612212 0.0922659 88.9227 177.628 
0.00752846 0.0253062 -0.00292656 0.000918699 0.00250217 0.000361789 0.0818428 159.825 177.441 
0.00565115 0.0256495 -0.0042184 0.000990528 0.00309986 0.000559134 0.049797 70.9591 177.199 
-0.00186892 0.0269397 -0.00390946 0.00130081 0.00290703 0.000871622 0.0554054 17.7549 176.973 
-0.00543914 0.0273663 -0.00282699 0.00112308 0.00251822 0.000821862 0.0979757 88.4667 176.743 
-0.00163881 0.0249485 -0.00121995 0.000810243 0.00250647 0.00061779 0.0654987 70.6693 176.487 
0.00422207 0.0254231 -0.0028638 0.000959085 0.00264307 0.000335128 0.0314939 0.0244953 176.253 
0.0058457 0.0276788 -0.00289086 0.00106048 0.00306882 0.000386022 0.0365591 0.0483871 140.873 
0.00326174 0.0265066 -0.00103141 0.00101423 0.00336215 0.000547919 0.0418792 0.124027 105.574 
-0.00253753 0.0287343 -0.000672386 0.00105523 0.00297158 0.00066059 0.0654155 0.178016 87.8584 
-0.00496867 0.0311855 -0.00031834 0.000833467 0.00265569 0.000749398 0.0776439 0.170817 87.7274 
0.000245187 0.0261572 -0.000633422 0.000734759 0.00264225 0.000667914 0.084492 0.159893 140.16 
0.00429506 0.0263004 -0.00133698 0.000889186 0.00247049 0.000470761 0.0814419 0.172764 122.484 
0.00319573 0.0276784 -0.0006088 0.000856533 0.0028368 0.000401867 0.0738667 0.181067 87.3827 
-0.000871638 0.0256751 -0.00255872 0.00104128 0.00269348 0.000643409 0.0585885 0.202929 139.601 
-0.00475691 0.0249226 -0.00329495 0.000846543 0.00278803 0.000788564 0.0489362 0.240426 174.248 
-0.00229456 0.0224106 -0.00275193 0.00072988 0.00274608 0.000642497 0.038247 0.243825 174.009 
0.00455544 0.0236034 -0.00356817 0.000840849 0.00250477 0.000432891 0.0477454 0.245623 173.771 
0.00298093 0.0272797 -0.00203417 0.000842914 0.00297801 0.000455894 0.0789404 0.261192 173.516 
-0.00604788 0.0264048 -0.00302672 0.00105317 0.00288307 0.000739683 52.0728 0.239418 173.291 
-0.00690515 0.0242954 -0.00264782 0.000969353 0.00273818 0.000778336 86.6132 0.204756 173.08 
0.00131636 0.0258689 0.000488127 0.000765435 0.00232982 0.000496042 34.6496 0.201055 172.793 
0.00699289 0.0244822 -0.00210725 0.000849802 0.00249354 0.000429776 0.0756258 0.191041 172.53 
0.00214526 0.0244655 -0.00324553 0.001035 0.00238237 0.000510526 0.0594737 0.211053 172.345 
-0.00478449 0.0288192 -0.00039159 0.000744284 0.002323 0.000682523 0.0670171 0.206307 172.127 
-0.00486798 0.0278627 -0.0020042 0.000737533 0.002879 0.000650919 0.0748031 0.174541 171.883 
0.00241337 0.0265156 -0.00267104 0.000830931 0.00236697 0.000289908 0.0891219 0.159895 171.659 
0.00607304 0.0252644 -0.00193272 0.000725131 0.0029212 0.000367801 0.100785 0.189791 171.412 
0.00141935 0.0273286 -0.00243373 0.00117699 0.00284941 0.00068 0.0522876 0.19085 171.169 
-0.00338381 0.0290668 -0.000879373 0.000943603 0.00230574 0.00086893 0.037859 0.155352 170.905 
-0.00599218 0.0237739 -0.00240782 0.000857627 0.00269387 0.000710039 0.0938722 0.135593 170.678 
0.000811979 0.0224591 -0.00305 0.000965625 0.00240365 0.00035599 0.125 0.09375 170.474 
0.00481612 0.0219782 -0.00225124 0.000892588 0.00293082 0.00033264 0.0780234 0.10143 170.242 
0.000141299 0.0242083 -0.00309532 0.00112519 0.00294987 0.000534805 0.0545455 0.135065 170.047 
-0.00385473 0.0287279 -0.000776394 0.000748638 0.00248042 0.000662776 0.0609598 0.115435 169.843 
-0.00220078 0.0273275 -0.000306736 0.000720466 0.00246762 0.000551295 0.0984456 0.0777202 169.611 
0.00375239 0.0264254 -0.0017229 0.000900906 0.00233351 0.000389133 0.0957309 0.0750323 169.345 
0.00430336 0.0252685 -0.00173049 0.000865891 0.0029522 0.000477519 0.0387597 0.105943 169.142 
-0.00280723 0.0252565 -0.00291045 0.00118271 0.00287071 0.00065729 0.0348387 84.6284 168.99 
-0.00622706 0.0265799 -0.00119381 0.00104536 0.00238814 0.000724227 0.0425258 84.4601 168.803 
-0.00167465 0.0261925 0.00139408 0.000806692 0.00219691 0.000549035 0.0759331 0.021879 168.591 
0.00463805 0.022535 -0.00298638 0.000852699 0.00228843 0.000300771 0.092545 0.0462725 168.326 
0.00503081 0.0203985 -0.00440539 0.000889602 0.00288729 0.000463928 0.0539153 84.1438 168.116 
-0.000996923 0.0248164 -0.00282923 0.00106385 0.00284077 0.000618974 0.0769231 84.0231 167.931 
-0.0044589 0.026442 -0.00288476 0.000972087 0.00254776 0.000610499 0.134443 0.0268886 167.653 
-0.00136445 0.0231478 -0.00254246 0.000777494 0.00207084 0.000545524 0.118926 83.8069 167.421 
0.00472158 0.0241213 -0.00331239 0.000679183 0.00233129 0.000315453 0.0893997 83.719 167.241 
0.00315255 0.0279327 -0.0015426 0.000721939 0.00292985 0.000473214 0.0956633 0.0471939 167.07 
-0.00497605 0.0263687 -0.00189987 0.00103439 0.00262879 0.000740637 0.0802548 0.0292994 166.865 
-0.00563919 0.0232845 -0.0015112 0.00100763 0.00260814 0.000732316 0.0699746 83.3753 166.673 
0.00164905 0.0219616 -0.00083075 0.000814231 0.00230775 0.000545108 0.100381 166.522 166.51 
0.00649188 0.0217132 -0.00454949 0.000847716 0.00254391 0.00030533 0.101015 99.7832 166.285 
0.00246388 0.0264938 -0.00237262 0.00108314 0.00282611 0.000426109 16.6684 99.651 149.474 
-0.00426481 0.0255949 -0.000362278 0.000991139 0.00250658 0.000734937 82.9519 165.875 82.9757 
-0.00335398 0.0239391 -0.00314235 0.000737547 0.00272541 0.00065158 66.2963 165.681 66.3004 
0.00380505 0.0239896 -0.00257778 0.000544697 0.00245631 0.000347475 0.0497475 165.49 49.6644 
0.00598865 0.0210938 -0.00229079 0.000635561 0.00288323 0.000381841 0.0398487 132.242 0.0474149 
-0.00097733 0.0261678 -0.00219748 0.00105718 0.00264937 0.00058262 33.0383 49.5642 0.056927 
-0.00593434 0.0276888 -0.000881761 0.000778616 0.00214365 0.000610566 82.4516 33.0025 33.0282 
-0.00462236 0.0275812 0.000206533 0.000728643 0.00271206 0.000508794 49.4462 82.3342 115.27 
0.00231744 0.0265267 -0.00106223 0.000796487 0.00238896 0.000377415 0.0577164 49.3606 131.545 
0.00666491 0.0213228 -0.0039 0.000669424 0.00293033 0.000404511 0.0508772 0.0403509 82.1291 
0.00210063 0.0237489 -0.00266809 0.000576721 0.00258874 0.000694118 0.0555695 0.0440551 82.0215 
-0.00411975 0.026319 -7.175e-05 0.00037525 0.0020615 0.00101175 0.051 0.063 49.173 
-0.00443296 0.0241883 -0.000618227 0.00100325 0.00273758 0.000757303 0.0506866 0.0751561 0.0641698 
0.00185536 0.0243499 -0.00094813 0.00121222 0.00241147 0.000326683 0.0486284 0.0840399 0.0880299 
0.00328518 0.0243273 0.000251806 0.00108493 0.00237659 0.000338232 0.0470735 0.0854296 0.0998755 
-0.00235199 0.023643 -0.00104602 0.00119478 0.00216692 0.000516915 0.0514925 0.100249 0.0902985 
-0.00490683 0.021804 -0.00323578 0.000826584 0.00246335 0.00064 0.0437267 0.133168 32.639 
0.000160298 0.0241933 -0.00154169 0.000576179 0.00284566 0.000720099 0.0511166 0.13201 113.855 
0.00624089 0.0279906 -0.000331846 0.000616109 0.00261388 0.000554647 0.0540273 0.125898 129.917 
0.00497005 0.0234693 -0.00254752 0.000696535 0.00288193 0.000501733 32.4636 0.131931 48.6859 
-0.000657849 0.0235236 -0.00422398 0.000967367 0.00256613 0.000748578 80.9998 0.145365 0.0593325 
-0.0052158 0.0259896 -0.00251802 0.00102741 0.0023516 0.000857037 48.5514 0.175062 0.0535802 
-0.00412355 0.024276 -0.000759063 0.000877435 0.00247472 0.000726757 0.0394575 0.187916 0.0320592 
0.00227783 0.0247106 -0.00177167 0.000862315 0.00243744 0.000428818 0.0421182 0.192857 0.0204433 
0.00264551 0.025983 -0.00058524 0.000893973 0.00247454 0.00036433 0.0472325 0.20615 32.2381 
-0.00331941 0.0256403 -0.00138133 0.000869042 0.00229975 0.000576658 0.0707617 0.209337 112.654 
-0.00560761 0.0228238 -0.00339485 0.000684172 0.00255706 0.000660368 0.0422086 0.189448 160.745 
-0.000135294 0.0235983 -0.000620588 0.000699755 0.00245147 0.000525 0.017402 0.18652 160.556 
0.00582105 0.0252157 -0.00121444 0.0006541 0.00241909 0.000376744 0.0411261 0.208078 160.348 
0.00384156 0.0256785 -0.00292176 0.00068533 0.00261198 0.000439609 0.0484108 0.225917 160.149 
-0.00206471 0.0243441 -0.00198901 0.000846398 0.00236996 0.000731136 0.0459096 0.231013 159.947 
-0.00557951 0.0200144 -0.0018761 0.000821463 0.00255073 0.000775854 0.0458537 0.20878 159.725 
0.000187576 0.0231362 -0.000462607 0.000838733 0.00223825 0.000485262 0.046285 0.215347 159.519 
0.0071056 0.0240221 -0.00178273 0.000854745 0.00227859 0.000307786 0.0559611 0.227251 159.324 
0.00205103 0.0254231 -0.00287655 0.000885055 0.0024192 0.000358202 0.0503038 0.196112 159.129 
-0.00452015 0.0265393 -0.00165995 0.000785437 0.00227937 0.000626699 0.0461165 0.167961 158.926 
-0.00325576 0.0245796 -0.00172242 0.000676121 0.00263685 0.000660606 0.0523636 0.156121 158.718 
0.00364915 0.0244237 -0.00220363 0.000582809 0.00212179 0.000302906 0.0738499 0.160533 158.499 
0.00654559 0.0219294 -0.00348634 0.000556953 0.00251995 0.000313422 0.0952842 0.172189 158.285 
0.00214106 0.0213167 -0.00254783 0.000921498 0.00274589 0.000641304 47.5449 0.171981 158.128 
-0.00306996 0.0232212 -0.000657177 0.000768154 0.0022994 0.00086731 63.2622 0.133655 157.935 
-0.00227325 0.0269754 0.000733735 0.000708675 0.00245663 0.000643614 15.8169 0.124819 157.726 
0.00371336 0.027342 0.000681107 0.000883032 0.00228159 0.000296992 0.0712395 0.138628 157.521 
0.00500433 0.0224031 -0.000970192 0.000910096 0.00270601 0.000345913 0.0836538 0.139904 157.339 
-0.00092533 0.022789 -0.00180288 0.00112485 0.00272629 0.000488836 0.0590636 0.116206 157.158 
-0.00527506 0.0252129 -0.00133765 0.00087554 0.00239113 0.000564748 0.0901679 0.0690647 156.951 
-0.000112575 0.0231978 -0.000582036 0.000674491 0.00222826 0.000545389 0.108982 0.0586826 156.783 
0.00510526 0.0236371 -0.00144234 0.000721053 0.00243134 0.000350478 0.0844498 0.0356459 156.607 
0.00342533 0.0234043 -0.00234385 0.000771087 0.00254217 0.000417204 0.0568698 0.00716846 156.428 
-0.00285513 0.0213971 -0.00227184 0.000883771 0.00232005 0.000719093 0.0572792 0.026253 156.272 
-0.00617116 0.0212646 -0.00143266 0.000819309 0.00254255 0.000692968 0.0703218 0.0393325 156.056 
-0.000554048 0.0205186 -0.00211071 0.000731667 0.00213595 0.000431429 0.0559524 0.0345238 155.851 
0.00534649 0.0212868 -0.00318264 0.000776694 0.00226944 0.000266587 0.0285375 77.9263 155.724 
0.0016399 0.0265629 -0.00160238 0.000853207 0.00254798 0.00046247 0.0368171 77.8587 155.543 
-0.00463891 0.0238413 -0.00326904 0.000916014 0.00227592 0.000810676 0.0320285 0.0581257 155.377 
-0.00438412 0.0188555 -0.00341493 0.000951659 0.0025218 0.000701659 0.035545 77.6303 155.216 
0.00159692 0.0227595 -0.00122604 0.000778462 0.00211905 0.000329941 0.0863905 155.076 155.019 
0.00630284 0.0213057 -0.00411655 0.000734988 0.00244137 0.000230496 0.0874704 77.4799 154.853 
0.00244604 0.0213207 -0.00392562 0.000950413 0.00254286 0.000418182 0.068477 0.0283353 154.673 
-0.00329009 0.0230465 -0.00205873 0.000820991 0.00226203 0.000816038 0.106132 77.2807 154.476 
-0.0042523 0.0205345 -0.00194229 0.000837456 0.00274511 0.000761602 0.0989399 154.363 154.273 
0.000481412 0.0241671 -0.00154824 0.000690588 0.00226847 0.000343529 0.0705882 77.0965 154.078 
0.00465523 0.0258087 -0.00234877 0.000543831 0.00241904 0.000289307 0.0752056 77.0129 153.92 
0.000306808 0.0231737 -0.00237676 0.000908451 0.00232582 0.000465962 0.036385 153.816 153.797 
-0.00457819 0.02277 -0.000773036 0.000712309 0.00210504 0.000670574 0.014068 76.83 76.8511 
-0.00319578 0.0226112 -0.00129696 0.000508899 0.00276066 0.000547541 0.0456674 0.0339578 0.0409836 
0.00310854 0.0225736 -0.00160164 0.00062924 0.0023055 0.000233918 0.0760234 0.0152047 0.0175439 
0.00609299 0.0218245 -0.00158037 0.000691121 0.00245327 0.000351402 0.0614486 0.0147196 15.3227 
0.000399533 0.0238532 -0.00240303 0.000967561 0.00246114 0.000607235 0.0485414 0.0564761 91.7414 
-0.0043289 0.025373 -0.000202331 0.000783683 0.00214149 0.000679953 0.0356643 0.0440559 152.692 
-0.00164517 0.0206698 -0.000124331 0.000595111 0.00231362 0.000534342 0.0130384 0.00931315 137.254 
0.00353163 0.0198991 -0.00180791 0.00076093 0.00220953 0.000324651 0.0306977 0.0330233 76.1716 
0.0046899 0.0210715 -0.00200743 0.000777236 0.00252033 0.000372358 15.2776 0.0752613 76.1027 
-0.00144223 0.0226151 -0.00290278 0.00087355 0.0024123 0.00052297 76.0555 0.0837587 76.0234 
-0.00534716 0.0225096 -0.00171541 0.000794438 0.00242063 0.000544844 60.7717 0.0653534 60.7504 
0.000117824 0.0234667 -0.000354398 0.000655324 0.00218403 0.000433102 0.0326389 0.0770833 75.8451 
0.00524578 0.0247477 -0.0020652 0.000603468 0.00223353 0.000343121 0.019422 0.100347 75.7632 
0.00341663 0.024512 -0.00308291 0.000763741 0.00247598 0.000406467 0.0237875 0.1097 75.6709 
-0.00190588 0.0231984 -0.00277532 0.000860208 0.00227797 0.000719031 0.0394464 0.123414 75.5841 
-0.00393502 0.0210982 -0.000841014 0.000758295 0.00256406 0.00074977 0.0423963 0.130415 75.4972 
0.000727273 0.0214131 -0.00162048 0.000711623 0.0022099 0.000452014 0.0513234 0.13786 105.554 
0.00498322 0.0213257 -0.00318943 0.000754253 0.00229172 0.000353333 0.0905747 0.175172 150.6 
0.00187784 0.0241079 -0.00207072 0.000886567 0.00241079 0.000344202 30.1752 0.192652 120.36 
-0.00346239 0.021233 -0.00356009 0.000808716 0.00231812 0.000689679 105.231 0.154587 75.1656 
-0.00521604 0.0200153 -0.00286483 0.000829553 0.00264353 0.000738832 105.089 0.137228 60.0575 
0.00156293 0.0220963 -0.00134233 0.000682609 0.0020984 0.000314416 30.0256 0.163387 74.9524 
0.006536 0.0196706 -0.00306949 0.000637943 0.00240549 0.000310629 0.0571429 0.180571 119.793 
0.000758219 0.0215833 -0.0034226 0.000825114 0.00251986 0.000566895 0.0372146 0.195205 149.585 
-0.00593979 0.0240997 -0.00219179 0.000560775 0.00206727 0.000786089 0.0431015 0.190878 149.379 
-0.00617221 0.0203153 -0.00402073 0.000817312 0.00230228 0.000675171 0.0640091 0.176538 149.171 
0.00136337 0.0171907 -0.00507577 0.000903982 0.00203868 0.000334471 0.0659841 0.173834 148.997 
0.00446227 0.0189939 -0.00263318 0.000609545 0.00245364 0.000304091 0.0581818 0.185909 148.825 
0.000186606 0.0198275 -0.00226561 0.000861975 0.00235369 0.000444041 0.0422247 0.192963 148.667 
-0.00450998 0.0195263 -0.0025263 0.000704308 0.00202132 0.000529705 0.0272109 0.180499 148.523 
-0.00263035 0.0224505 -0.000724575 0.000554926 0.00237803 0.000505549 0.0287656 0.189128 148.365 
0.00410566 0.0216615 -0.000623303 0.000647964 0.00228665 0.000356787 0.0429864 0.188688 148.192 
0.0030061 0.0202355 -0.00152701 0.000673672 0.00235887 0.000336045 0.0687006 0.189831 147.991 
-0.00343386 0.0230106 -0.00222709 0.000755756 0.00230564 0.000491648 0.0936795 0.205192 147.792 
-0.00485096 0.0240131 -0.000831567 0.000670124 0.00227306 0.000580609 0.0782413 0.198196 147.595 
0.000806532 0.0243164 0.000427477 0.000686937 0.00199437 0.000461036 0.0641892 0.176802 147.402 
0.00593341 0.023526 -0.00225242 0.000653993 0.00207447 0.000295613 0.079865 0.157705 147.275 
0.00443663 0.0217766 -0.00355079 0.000671685 0.00246854 0.000358652 0.0752809 0.130562 147.12 
-0.000924804 0.0220236 -0.00196566 0.000856341 0.00230932 0.000700337 0.0648709 0.127273 146.934 
-0.00381323 0.0214139 -0.000191031 0.000836323 0.00233857 0.000764574 0.0753363 0.142152 146.766 
0.000126092 0.0203926 1.45577e-05 0.000816349 0.00210773 0.000458679 0.0586786 0.122284 146.599 
0.0046821 0.0213459 -0.0017604 0.000804698 0.00215548 0.000273154 0.0357942 0.112752 146.454 
0.00069095 0.021587 -0.00300045 0.000860112 0.00222391 0.000271285 0.0536313 0.137654 146.294 
-0.00390335 0.0196453 -0.00233683 0.000781696 0.0022404 0.000557813 58.5467 0.142188 146.159 
-0.00467603 0.019247 -0.00103768 0.000647492 0.00264504 0.000702341 73.0861 0.108584 146.017 
0.000799109 0.022849 -0.000837194 0.000669265 0.00208731 0.000385078 14.6535 0.085078 145.81 
0.00716196 0.0224447 -0.00330434 0.000726363 0.00222492 0.00029277 0.0460512 0.0812013 145.656 
0.00278933 0.0226022 -0.00241756 0.000829556 0.00235822 0.000415333 0.0455556 0.0784444 145.516 
-0.00297358 0.0223754 -0.00147569 0.000711432 0.0020455 0.000731632 0.0430633 0.0812431 145.357 
-0.00263792 0.0206576 -0.000702217 0.000796009 0.00244834 0.000753437 0.037694 0.0776053 145.182 
0.00286667 0.0235271 0.000589147 0.000772315 0.00206357 0.000357475 0.0861573 0.0640089 145.011 
0.00546062 0.0231524 -0.00226792 0.000682301 0.00225708 0.000318142 0.109071 0.0838496 144.884 
0.000594254 0.0213503 -0.00314917 0.000858785 0.0022968 0.000405746 0.079779 0.078895 144.733 
-0.00461038 0.0221294 -0.00141634 0.000583002 0.00204989 0.000565563 0.0593819 0.0302428 144.538 
-0.00358655 0.0216256 -0.000928556 0.000689967 0.0025054 0.000580375 57.837 0.0125689 144.379 
0.00443084 0.0204143 -0.00152731 0.000767841 0.00216762 0.000321145 72.1956 0.0303965 144.233 
0.00649175 0.0201036 -0.0021582 0.000691529 0.00235094 0.000326733 14.4642 0.0290429 144.087 
0.00079011 0.0210114 -0.00195033 0.000964176 0.00215033 0.00045033 0.0621978 0.0116484 143.941 
-0.00435543 0.0219833 -0.000650714 0.000627223 0.00193414 0.000616905 0.0726674 0.00856202 143.79 
-0.00395263 0.0207862 -0.00158662 0.000619737 0.00252237 0.000550877 0.0657895 0.022807 143.634 
0.00257459 0.0201634 -0.00263242 0.000783352 0.0021345 0.000279518 0.0828039 0.0280394 143.448 
0.00437681 0.0211637 -0.00194551 0.000698249 0.00229716 0.00032954 0.112035 0.0389497 143.295 
-0.00170404 0.0229506 -0.00201923 0.000875628 0.00240678 0.00051694 0.0544262 0.0408743 71.5775 
-0.0057655 0.0219703 -0.00213188 0.000750437 0.00225109 0.00061179 71.5382 0.0229258 71.512 
0.000351145 0.0199422 -0.00146369 0.000533697 0.00214569 0.000466085 71.4809 0.0436205 142.881 
0.00563943 0.0219499 -0.00182941 0.000556863 0.00207516 0.000277124 0.0599129 0.0490196 142.735 
0.00178433 0.0234109 -0.00189771 0.000651795 0.00238738 0.000353645 0.0554951 0.0446137 71.2894 
-0.00302348 0.0213985 -0.00175087 0.000852174 0.00217565 0.000618478 71.2337 0.048913 71.2359 
-0.00474984 0.0198041 -0.00125581 0.000753746 0.00230119 0.000659283 142.293 0.0347448 71.1661 
-0.00133384 0.0179952 -0.00223991 0.000634056 0.00223189 0.00051974 71.1323 0.0412148 0.0151844 
0.00396316 0.020081 -0.00287779 0.000717876 0.00210986 0.000355796 0.0617551 0.0725894 70.9913 
0.002829 0.0219693 -0.00281667 0.000796537 0.00228117 0.000336797 70.9286 0.0735931 70.9199 
-0.00199243 0.0201552 -0.00340584 0.000778595 0.00223719 0.000644108 70.8497 0.0475676 0.0410811 
-0.00432851 0.0197877 -0.00160324 0.00067689 0.00244471 0.00069568 0.012959 0.0842333 70.7948 
-0.000240129 0.022351 0.000197195 0.000639482 0.00212298 0.000475512 0.030205 0.133765 141.372 
0.00537134 0.0232696 -0.00111746 0.000579526 0.00207759 0.000349138 0.0366379 0.133621 70.6315 
0.00129257 0.0232037 -0.00171324 0.000730463 0.00217395 0.000319053 0.050592 0.138859 0.0333692 
-0.00425312 0.022243 -0.000814409 0.000742151 0.00210903 0.000595699 0.0698925 0.160215 0.0182796 
-0.00444662 0.0182735 -0.000683136 0.000688077 0.00244017 0.000699248 0.0365199 0.163265 0.00644468 
-0.00153069 0.0207785 -0.001153 0.000728326 0.0021015 0.000466524 0.0439914 0.14485 70.2972 
0.00346259 0.0222504 -0.00261736 0.000807717 0.00213869 0.000356056 0.0685959 0.145766 70.2379 
0.00203212 0.0211426 -0.00175824 0.000917345 0.0020803 0.000316702 0.0342612 0.152034 0.0171306 
-0.0039446 0.0210789 -0.0013707 0.000694759 0.00200471 0.000546524 56.0695 0.16877 0.00363636 
-0.00382543 0.0216513 -0.000447863 0.000778419 0.00240641 0.000588034 56.0053 0.176282 0.0151709 
0.00261708 0.0215112 0.00028794 0.000746425 0.00199018 0.000303095 0.0241195 0.179082 13.9959 
0.00519041 0.0189043 -0.00220874 0.000752452 0.00217612 0.000307463 0.0509595 0.211727 83.807 
-0.000490096 0.0186528 -0.00388946 0.00100575 0.00218275 0.000462194 14.0145 0.221938 139.526 
-0.00530851 0.0196917 -0.00279979 0.000685532 0.00179064 0.000554468 55.8047 0.192766 139.377 
-0.00272837 0.0208521 -0.000817853 0.000664612 0.00188332 0.000496281 41.8102 0.164718 139.195 
0.00236879 0.0202777 -0.00188004 0.000642675 0.00192739 0.00036242 0.0350318 0.157749 139.016 
0.00339618 0.0192751 -0.0023088 0.000557582 0.00218918 0.000304984 0.0330859 0.150583 138.887 
-0.00174703 0.0202606 -0.00157076 0.0008 0.00197606 0.000422034 27.7985 0.1375 138.772 
-0.00426646 0.0215522 -0.0013509 0.000633228 0.0020781 0.000569524 69.3661 0.139894 138.65 
-0.000753277 0.0222985 -0.000768499 0.000518393 0.00223446 0.000522199 41.5879 0.154123 138.494 
0.00401521 0.0202862 -0.00297001 0.000657022 0.00213918 0.000367899 0.0397043 0.159662 138.327 
0.00393797 0.0202327 -0.00284135 0.000674473 0.00243692 0.000390084 0.0487342 0.163502 138.168 
-0.00179874 0.0222097 -0.00143014 0.00078862 0.0023764 0.000562065 27.6759 0.162698 137.986 
-0.00378589 0.0207798 -0.00108084 0.000808842 0.00213305 0.000607158 69.0137 0.156842 137.818 
0.000128076 0.017445 -0.00159033 0.000720715 0.00181977 0.000483912 41.3937 0.157518 137.667 
0.00390378 0.0177721 -0.00285714 0.000653151 0.00197248 0.000290126 0.0960084 0.167437 137.519 
0.00262644 0.0204682 -0.00305142 0.000696537 0.0022596 0.000286044 0.0864638 0.172508 137.387 
-0.00194214 0.0204342 -0.00257673 0.00072914 0.00220713 0.00051761 0.0501048 0.137736 137.255 
-0.00304607 0.0196741 -0.000742199 0.000587644 0.00230387 0.000589319 0.0441885 0.110366 137.108 
3.09623e-05 0.0184584 -0.00205921 0.000657322 0.00188159 0.000393933 0.0784519 0.120293 136.954 
0.00369175 0.0187141 -0.00363741 0.000708046 0.00202132 0.000269592 0.0913271 0.104702 136.811 
0.00245825 0.0219864 -0.00241858 0.000707933 0.00226827 0.00038476 0.0722338 0.085595 136.689 
-0.00210136 0.0211433 -0.0016048 0.000764129 0.00209781 0.000690094 0.0771637 0.094682 136.56 
-0.00406333 0.0181592 -2.29167e-05 0.000717292 0.00226417 0.000690208 0.0972917 0.088125 136.423 
-0.00190343 0.0181136 -0.00147825 0.000736316 0.00185245 0.000377523 0.127159 0.0647242 136.272 
0.0027052 0.0197734 -0.00304574 0.000740333 0.00200644 0.000296258 0.136383 0.0577963 136.116 
0.00141869 0.0217263 -0.00171838 0.000784216 0.00216926 0.000348494 0.106127 0.0633437 135.998 
-0.00265456 0.0213041 -0.0015139 0.000696473 0.00214751 0.000662863 0.0682573 0.0636929 135.883 
-0.0023171 0.0225266 -0.00125368 0.000637513 0.00238218 0.000661969 0.0455959 0.0667358 135.738 
0.00310663 0.0224089 -0.000832712 0.000530435 0.00192836 0.000327122 0.0548654 0.0772257 135.594 
0.00481944 0.0190848 -0.00179752 0.000557187 0.00224695 0.000383661 0.0692865 0.0796277 135.476 
-0.000493802 0.0208186 -0.00292087 0.000877479 0.00235124 0.000522934 0.057438 0.0690083 135.356 
-0.00520681 0.0210372 -0.00172528 0.000669143 0.00196264 0.00067678 0.0340557 0.0452012 94.6541 
-0.00655113 0.0185439 -0.00197175 0.000699381 0.00216577 0.000559381 0.0527835 0.0247423 27.0169 
0.000425953 0.0194465 -0.00202348 0.000728939 0.001993 0.0002793 0.084449 0.0370752 40.482 
0.00506687 0.0194128 -0.000711728 0.000705556 0.002143 0.000280453 0.0703704 0.0407407 107.849 
-0.000108119 0.019665 -0.0017147 0.00091223 0.00203227 0.000404728 0.0382323 40.4218 94.2869 
-0.00442094 0.0212686 -0.00178891 0.000596715 0.00198604 0.000521971 0.0340862 67.2871 67.2706 
-0.00227262 0.0199114 -0.00180677 0.000485538 0.00221621 0.000499077 0.0414359 26.9145 107.487 
0.0028207 0.0190746 -0.00185697 0.00055123 0.00202008 0.000355943 0.0461066 0.0366803 93.9543 
0.00316192 0.0196659 -0.000762743 0.000535312 0.00224381 0.000344115 0.0487206 0.0380757 67.0628 
-0.00115297 0.0190391 -0.00169489 0.000740695 0.00204438 0.000456033 0.0503067 0.0482618 107.209 
-0.00410807 0.0196 -0.00154055 0.000640245 0.00200572 0.000544637 0.0737487 0.0390194 133.874 
-0.000997347 0.0187259 -0.000523061 0.000581224 0.00218265 0.000484898 0.0826531 0.0308163 93.6271 
0.00423364 0.0187488 -0.00174801 0.000718858 0.00200265 0.000346993 0.0583078 0.0383282 26.7531 
0.00379206 0.0195837 -0.00199654 0.000691039 0.00226945 0.000384521 0.0374745 0.0342159 0.0464358 
-0.00231943 0.0190932 -0.00264802 0.000800407 0.00223764 0.000550356 0.0453713 0.0388606 40.034 
-0.00509715 0.0195171 -0.00237175 0.000733333 0.00214593 0.000623374 0.0648374 0.0603659 106.556 
-0.00047736 0.0196378 -0.00106355 0.000646497 0.0020201 0.00050335 0.0592893 0.075533 133.036 
0.00377992 0.0201026 -0.00106673 0.000641379 0.00196978 0.000321704 0.0348884 0.101014 93.0422 
0.00157305 0.0211341 -0.000909828 0.000680648 0.00217143 0.000309828 0.0224924 0.135562 26.5785 
-0.00224028 0.0208563 -0.000854858 0.000746964 0.00204372 0.000533806 0.0200405 0.148785 0.0406883 
-0.0033458 0.0167228 -0.00153286 0.000645096 0.00227583 0.000596967 0.0347826 0.140748 0.0582406 
5.9798e-05 0.018417 -0.00225475 0.000581212 0.00204444 0.000389091 0.0620202 0.12101 0.0365657 
0.00238013 0.0132991 -0.00165058 0.000304989 0.000932135 0.000150475 0.0428196 0.0638255 0.00727126 
0.000643304 0.0015203 -0.000528378 2.03999e-05 0.000189861 7.67522e-06 0.00727126 0.010099 0.000403959 
