-2.428 10.287 1.423 0.349 0.228 0.415 23.000 117.000 65457.000
-1.289 10.121 -3.172 0.559 0.328 0.071 23.000 117.000 65457.000
2.124 10.740 -1.926 0.329 0.142 0.116 12.000 106.000 65458.000
3.912 10.699 0.166 0.156 0.484 0.016 12.000 106.000 65458.000
0.058 6.748 0.770 0.138 0.289 0.039 12.000 106.000 65458.000
4.322 9.358 -2.432 0.037 0.256 0.056 12.000 106.000 65458.000
2.981 5.892 -1.831 0.124 0.166 0.131 12.000 106.000 65458.000
1.678 8.179 -1.302 0.282 0.112 0.159 65529.000 95.000 65461.000
2.260 9.360 0.912 0.314 0.316 0.011 65529.000 95.000 65461.000
1.731 9.184 0.821 0.234 0.389 0.066 65529.000 95.000 65461.000
1.005 10.098 -1.240 0.178 0.349 0.084 65529.000 95.000 65461.000
0.623 8.036 0.347 0.132 0.253 0.305 65529.000 95.000 65461.000
0.568 8.917 0.007 0.068 0.055 0.454 23.000 111.000 65443.000
2.213 5.493 -1.555 0.165 0.228 0.411 23.000 111.000 65443.000
-2.373 13.049 -7.496 0.080 0.129 0.005 23.000 111.000 65443.000
-6.647 4.179 -2.578 0.148 0.253 0.119 23.000 111.000 65443.000
0.438 9.730 -1.183 0.100 0.137 0.024 23.000 111.000 65443.000
-1.993 8.216 -1.423 0.166 0.172 0.032 65523.000 99.000 65461.000
-4.638 13.330 -1.587 0.016 0.201 0.016 65523.000 99.000 65461.000
0.057 12.063 0.269 0.055 0.051 0.175 65523.000 99.000 65461.000
