30.388 101372.248 -3.931 180.557 37.937 29.973 30.093 
30.212 101377.976 -4.407 167.724 38.166 29.727 29.843 
29.988 101366.840 -3.482 179.428 38.555 29.426 29.500 
29.782 101373.552 -4.042 180.786 39.082 29.169 29.250 
29.581 101372.184 -3.926 181.533 39.631 28.901 29.000 
29.362 101365.640 -3.382 181.625 40.195 28.622 28.718 
29.149 101376.704 -4.301 181.640 40.577 28.461 28.531 
28.954 101376.712 -4.301 181.915 40.958 28.257 28.312 
28.747 101376.424 -4.280 181.976 41.439 28.054 28.093 
28.539 101369.608 -3.715 182.006 41.622 27.861 27.906 
28.325 101373.792 -4.058 180.740 42.263 27.625 27.687 
28.123 101362.040 -3.080 181.320 42.881 27.603 27.562 
27.988 101369.112 -3.672 179.534 42.690 27.453 27.437 
27.859 101365.040 -3.334 181.365 42.896 27.399 27.312 
27.731 101367.320 -3.524 181.747 43.072 27.249 27.218 
27.460 101368.288 -3.604 172.058 43.514 27.013 26.968 
27.343 101367.496 -3.535 181.030 43.797 26.885 26.843 
27.263 101370.624 -3.799 179.916 44.277 26.670 26.687 
27.177 101378.408 -4.444 180.908 44.727 26.402 26.531 
27.079 101382.712 -4.803 171.798 45.376 26.166 26.375 
26.968 101377.120 -4.338 179.824 45.887 25.994 26.218 
26.857 101371.496 -3.868 180.480 46.055 26.059 26.218 
26.795 101366.936 -3.493 180.633 46.062 25.887 26.093 
26.739 101370.496 -3.789 182.449 46.505 25.737 26.000 
26.678 101378.712 -4.470 181.076 46.833 25.673 25.937 
26.616 101367.744 -3.556 177.383 46.734 25.619 25.906 
26.548 101374.184 -4.095 177.932 47.108 25.533 25.812 
26.505 101368.408 -3.614 181.411 47.443 25.533 25.750 
