25.215 101383.560 -4.872 999.984 81.081 25.329 24.875 
25.819 101386.376 -5.110 999.984 77.908 26.037 25.468 
26.366 101369.600 -3.715 999.984 73.597 26.724 26.062 
26.911 101336.672 0.972 999.984 73.490 27.507 26.812 
27.551 101327.184 0.179 999.984 71.239 28.300 27.718 
28.420 101381.256 -4.682 999.984 68.172 29.126 28.406 
28.675 101244.040 6.743 999.984 65.197 29.963 29.312 
29.328 101353.216 -2.346 999.984 64.007 30.156 29.468 
29.557 101325.168 0.015 999.984 63.686 30.467 30.031 
30.032 101369.024 -3.667 999.984 62.733 30.778 30.312 
30.122 101344.992 -1.664 999.984 61.695 31.089 30.531 
30.116 101217.160 8.983 999.984 59.963 31.754 31.156 
30.716 101206.032 9.908 999.984 58.018 32.547 31.906 
31.093 101203.280 10.138 999.984 56.370 33.073 32.437 
32.012 101375.960 -4.243 999.984 55.073 33.320 32.593 
31.845 101277.008 3.995 999.984 55.012 33.245 32.718 
31.923 101230.616 7.860 999.984 55.462 33.427 32.968 
32.256 101233.704 7.604 999.984 53.951 33.931 33.406 
32.909 101387.472 -5.199 999.984 53.165 33.974 33.406 
31.917 101198.072 10.571 999.984 54.653 33.491 33.031 
31.977 101282.592 3.530 999.984 54.653 33.427 33.031 
32.215 101321.040 0.330 999.984 54.562 33.502 33.062 
31.780 101215.520 9.118 999.984 54.836 33.480 33.031 
32.215 101274.672 4.190 999.984 54.134 33.727 33.156 
32.262 101253.896 5.921 999.984 53.646 33.974 33.468 
32.559 101342.736 -1.474 999.984 53.623 33.942 33.437 
32.292 101246.728 6.518 999.984 53.051 34.006 33.562 
32.618 101359.248 -2.853 999.984 53.165 33.899 33.375 
32.393 101253.176 5.982 999.984 53.440 33.877 33.437 
32.161 101238.152 7.234 999.984 53.471 33.770 33.406 
