25.264 101251.088 6.156 999.984 79.334 25.662 25.093 
25.733 101240.248 7.057 999.984 73.559 26.348 25.718 
26.292 101254.968 5.831 999.984 73.360 27.024 26.281 
27.021 101255.448 5.791 999.984 71.964 27.678 27.000 
27.522 101258.568 5.532 999.984 70.049 28.214 27.500 
27.905 101254.896 5.836 999.984 68.584 28.568 27.875 
28.276 101250.352 6.217 999.984 67.188 28.922 28.281 
28.634 101250.888 6.172 999.984 66.372 29.212 28.625 
28.943 101255.216 5.810 999.984 65.609 29.512 28.968 
29.154 101255.704 5.770 999.984 64.961 29.737 29.187 
29.335 101256.464 5.707 999.984 64.190 29.920 29.375 
29.516 101254.144 5.900 999.984 63.541 30.134 29.593 
29.745 101256.448 5.709 999.984 58.811 30.306 29.812 
29.848 101246.704 6.521 999.984 62.328 30.499 30.031 
29.980 101245.416 6.629 999.984 61.642 30.628 30.125 
30.215 101228.312 8.053 999.984 57.049 30.778 30.375 
30.455 101254.400 5.879 999.984 60.871 30.917 30.500 
30.545 101250.008 6.246 999.984 59.292 31.003 30.593 
30.569 101250.816 6.177 999.984 53.738 31.046 30.687 
30.473 101229.688 7.937 999.984 58.964 31.185 30.781 
30.629 101258.800 5.514 999.984 59.620 31.228 30.812 
30.695 101250.584 6.196 999.984 59.528 31.378 30.906 
30.701 101222.472 8.539 999.984 58.636 31.593 31.125 
30.964 101255.040 5.826 999.984 57.674 31.786 31.250 
31.048 101248.832 6.344 999.984 53.280 31.797 31.312 
31.084 101235.096 7.488 999.984 57.377 31.893 31.437 
31.072 101243.632 6.777 999.984 57.407 31.936 31.468 
31.251 101249.456 6.291 999.984 57.224 31.904 31.468 
31.060 101234.320 7.551 999.984 57.468 31.893 31.468 
