24.440 101665.584 -28.314 371.917 52.326 24.568 24.312 
24.483 101674.808 -29.080 369.659 52.387 24.589 24.343 
24.521 101672.712 -28.906 369.934 52.181 24.600 24.375 
24.571 101667.776 -28.499 365.875 51.945 24.611 24.406 
24.634 101675.904 -29.175 369.628 52.090 24.622 24.437 
24.696 101674.496 -29.059 365.097 52.410 24.675 24.500 
24.746 101669.552 -28.647 364.410 52.235 24.697 24.531 
24.802 101666.352 -28.378 374.801 52.235 24.718 24.562 
24.846 101675.504 -29.138 373.748 52.120 24.740 24.625 
24.890 101665.592 -28.314 368.789 51.678 24.729 24.625 
24.971 101669.432 -28.636 366.790 51.968 24.740 24.656 
25.027 101672.560 -28.895 369.796 52.029 24.815 24.718 
25.089 101677.440 -29.302 373.825 51.968 24.890 24.781 
25.133 101680.208 -29.530 374.267 52.113 24.933 24.843 
25.195 101675.528 -29.144 375.335 52.143 24.954 24.875 
25.233 101670.168 -28.695 368.698 52.143 24.954 24.875 
25.345 101673.160 -28.943 376.281 52.410 24.986 24.937 
25.432 101672.272 -28.869 386.672 52.441 25.040 25.031 
25.544 101668.824 -28.584 399.063 52.174 25.115 25.125 
25.687 101683.656 -29.815 409.545 52.349 25.169 25.187 
25.743 101667.544 -28.478 396.606 52.319 25.276 25.281 
25.867 101661.136 -27.944 384.567 52.197 25.447 25.406 
25.966 101669.992 -28.684 429.306 51.899 25.533 25.500 
26.053 101672.144 -28.858 418.197 51.929 25.533 25.593 
26.127 101680.352 -29.540 426.666 51.899 25.544 25.656 
26.170 101686.200 -30.026 410.400 51.312 25.673 25.750 
26.220 101665.064 -28.272 424.850 51.518 25.544 25.718 
26.257 101672.344 -28.880 423.675 51.693 25.576 25.718 
26.245 101678.432 -29.382 426.712 52.227 25.533 25.656 
26.251 101667.400 -28.467 427.139 52.929 25.533 25.656 
26.325 101675.568 -29.144 424.652 53.074 25.544 25.687 
26.400 101677.360 -29.292 427.154 52.753 25.630 25.781 
26.455 101673.888 -29.006 405.090 52.486 25.758 25.875 
26.560 101677.944 -29.345 430.450 52.341 25.930 25.968 
26.653 101678.504 -29.392 424.636 52.166 26.027 26.093 
26.733 101672.368 -28.880 403.549 52.303 26.123 26.187 
26.795 101680.176 -29.530 403.945 51.601 26.187 26.250 
26.857 101668.784 -28.584 402.175 51.334 26.295 26.343 
26.894 101669.616 -28.652 402.359 51.098 26.327 26.375 
26.900 101671.352 -28.795 423.217 51.838 26.252 26.343 
26.949 101659.672 -27.823 423.049 51.624 26.241 26.343 
26.974 101660.216 -27.870 425.476 51.632 26.252 26.343 
27.017 101659.576 -27.817 430.679 51.655 26.284 26.406 
27.060 101665.336 -28.293 430.099 51.128 26.348 26.468 
27.085 101665.872 -28.341 429.962 50.976 26.370 26.500 
27.109 101669.616 -28.652 429.794 51.067 26.380 26.500 
27.153 101665.760 -28.330 430.267 50.907 26.391 26.500 
27.189 101666.568 -28.399 428.054 50.838 26.434 26.562 
27.220 101665.632 -28.319 407.623 50.465 26.531 26.625 
27.263 101671.368 -28.795 407.363 50.335 26.574 26.656 
27.288 101652.704 -27.247 436.050 50.495 26.638 26.718 
27.325 101669.488 -28.642 436.523 50.198 26.670 26.781 
27.350 101663.616 -28.156 428.314 50.030 26.713 26.812 
27.386 101667.592 -28.483 432.281 49.862 26.745 26.843 
27.423 101658.784 -27.749 427.459 49.511 26.820 26.906 
27.442 101657.576 -27.654 438.110 49.511 26.852 26.937 
27.485 101663.280 -28.124 437.088 49.381 26.895 26.968 
27.509 101666.992 -28.430 437.561 49.244 26.938 27.000 
27.540 101678.832 -29.413 439.071 49.038 26.949 27.031 
27.559 101664.816 -28.251 437.652 48.908 26.960 27.062 
27.608 101662.624 -28.071 433.898 48.702 27.013 27.093 
27.632 101666.336 -28.378 439.025 48.740 27.045 27.125 
27.663 101678.184 -29.360 440.200 49.038 27.056 27.125 
27.669 101673.504 -28.975 439.132 48.977 27.045 27.156 
27.688 101659.472 -27.807 438.751 49.000 27.121 27.187 
27.718 101671.312 -28.790 433.746 48.794 27.131 27.218 
27.761 101676.984 -29.260 432.861 49.030 27.142 27.250 
27.755 101662.448 -28.055 440.505 48.977 27.088 27.218 
27.780 101672.560 -28.895 441.177 49.030 27.110 27.218 
27.780 101669.352 -28.631 440.628 48.695 27.131 27.250 
27.804 101663.448 -28.140 443.588 48.626 27.185 27.281 
27.841 101667.376 -28.467 444.290 48.595 27.217 27.312 
27.872 101663.184 -28.119 442.977 48.321 27.314 27.375 
27.890 101671.568 -28.811 438.156 48.153 27.399 27.437 
27.909 101667.128 -28.446 439.590 47.955 27.399 27.437 
27.927 101672.296 -28.874 439.437 48.023 27.399 27.437 
27.964 101669.832 -28.668 442.565 47.848 27.356 27.437 
27.951 101666.376 -28.383 443.420 47.955 27.324 27.437 
27.988 101663.896 -28.177 437.927 47.916 27.335 27.437 
27.982 101681.408 -29.630 438.323 47.886 27.303 27.437 
27.982 101668.592 -28.568 443.527 47.749 27.303 27.437 
28.000 101664.144 -28.198 450.454 47.886 27.314 27.437 
28.000 101670.544 -28.726 451.629 47.627 27.292 27.437 
28.019 101669.312 -28.626 447.097 47.688 27.378 27.468 
28.037 101668.064 -28.520 442.031 47.581 27.399 27.500 
28.037 101664.864 -28.256 444.976 47.451 27.399 27.531 
28.056 101673.232 -28.954 445.251 47.352 27.410 27.531 
28.074 101665.592 -28.314 445.816 47.848 27.399 27.531 
28.099 101656.456 -27.558 444.732 47.619 27.399 27.531 
28.141 101665.288 -28.293 443.893 47.405 27.496 27.593 
28.154 101671.928 -28.843 442.459 47.138 27.560 27.625 
28.209 101668.176 -28.531 443.801 46.894 27.689 27.718 
28.233 101665.448 -28.304 446.945 46.513 27.807 27.812 
28.264 101670.832 -28.753 446.411 46.314 27.850 27.843 
28.270 101659.728 -27.828 446.517 46.490 27.764 27.812 
28.270 101662.936 -28.097 445.297 46.459 27.710 27.781 
28.282 101672.800 -28.917 445.251 46.726 27.657 27.781 
28.270 101666.144 -28.362 443.573 46.658 27.700 27.781 
28.246 101656.064 -27.527 444.213 46.589 27.689 27.781 
28.282 101666.384 -28.383 442.871 46.490 27.710 27.812 
28.270 101653.320 -27.299 445.663 46.322 27.743 27.812 
28.294 101660.192 -27.870 446.685 46.223 27.700 27.812 
28.319 101673.488 -28.975 444.229 46.223 27.710 27.812 
28.307 101663.632 -28.156 445.358 46.291 27.775 27.875 
28.356 101664.552 -28.230 446.502 46.177 27.882 27.937 
28.392 101671.648 -28.821 444.198 46.047 27.936 27.968 
28.411 101663.976 -28.182 446.975 45.879 27.946 28.000 
28.392 101668.448 -28.552 444.412 46.047 27.828 27.937 
28.423 101670.616 -28.732 444.168 46.177 27.818 27.937 
28.392 101662.024 -28.018 442.291 46.078 27.818 27.937 
28.405 101668.680 -28.573 447.219 46.078 27.839 27.937 
28.405 101665.472 -28.309 445.938 45.979 27.882 27.968 
28.392 101668.448 -28.552 447.433 45.979 27.861 27.968 
28.417 101659.280 -27.791 447.860 45.849 27.850 27.968 
28.411 101670.392 -28.716 447.052 45.979 27.807 27.937 
28.429 101672.344 -28.880 444.656 46.055 27.764 27.906 
28.490 101676.680 -29.239 445.693 45.742 27.925 28.000 
28.515 101670.712 -28.742 447.494 45.536 28.043 28.093 
28.539 101677.576 -29.313 448.394 45.368 28.064 28.125 
28.515 101664.296 -28.208 448.211 45.368 28.021 28.093 
28.515 101673.920 -29.006 446.899 45.467 28.032 28.093 
28.539 101671.168 -28.779 448.181 45.368 28.043 28.125 
28.539 101667.952 -28.515 448.425 45.330 28.054 28.125 
28.521 101666.016 -28.351 447.647 45.231 28.000 28.093 
28.551 101681.016 -29.598 445.236 45.437 28.011 28.093 
28.564 101668.400 -28.552 447.753 45.437 28.032 28.125 
28.570 101673.320 -28.959 447.341 45.330 28.054 28.156 
28.600 101681.896 -29.672 447.082 45.330 28.043 28.156 
28.612 101678.912 -29.424 447.311 45.536 28.021 28.125 
28.619 101683.832 -29.831 444.641 45.399 28.064 28.156 
28.600 101675.480 -29.138 447.143 45.536 28.011 28.125 
28.619 101674.216 -29.033 447.479 45.437 27.989 28.125 
28.637 101679.352 -29.461 449.020 45.467 28.054 28.156 
28.643 101668.240 -28.536 447.143 45.330 28.021 28.156 
28.655 101671.656 -28.821 446.060 45.368 28.011 28.156 
28.661 101670.168 -28.695 446.411 45.399 28.021 28.156 
28.661 101666.960 -28.430 456.634 45.498 28.011 28.156 
28.674 101680.016 -29.514 448.761 45.368 28.021 28.156 
28.667 101678.304 -29.371 448.806 45.330 28.032 28.156 
28.692 101675.528 -29.144 448.822 45.437 28.011 28.156 
28.698 101677.248 -29.286 449.508 45.261 28.064 28.187 
28.698 101670.832 -28.753 450.027 45.231 28.075 28.187 
28.710 101674.248 -29.038 448.471 45.231 28.075 28.187 
28.716 101669.544 -28.647 448.486 45.300 28.096 28.218 
28.710 101677.472 -29.302 446.365 45.231 28.096 28.218 
28.722 101677.688 -29.323 449.478 45.162 28.118 28.218 
28.747 101674.896 -29.091 449.630 45.017 28.161 28.250 
28.765 101670.416 -28.716 449.066 44.918 28.225 28.312 
28.765 101670.416 -28.716 447.845 44.819 28.257 28.312 
28.790 101670.848 -28.753 447.189 44.682 28.257 28.343 
28.802 101667.848 -28.504 446.441 44.682 28.257 28.343 
28.832 101673.208 -28.948 447.387 44.651 28.332 28.375 
28.832 101666.792 -28.415 448.455 44.552 28.332 28.375 
28.844 101660.592 -27.902 447.097 44.575 28.311 28.375 
28.851 101662.296 -28.045 445.327 44.552 28.247 28.375 
28.838 101658.864 -27.759 448.455 44.613 28.290 28.375 
28.857 101664.000 -28.187 448.059 44.674 28.332 28.406 
28.863 101665.720 -28.330 447.219 44.506 28.332 28.406 
28.863 101659.296 -27.796 447.525 44.575 28.332 28.406 
28.887 101666.144 -28.362 447.662 44.544 28.332 28.437 
28.881 101664.432 -28.219 444.335 44.613 28.290 28.406 
28.881 101658.008 -27.685 445.938 44.651 28.332 28.406 
28.905 101668.064 -28.520 446.701 44.643 28.332 28.437 
28.899 101663.144 -28.113 448.394 44.514 28.332 28.406 
28.899 101666.352 -28.378 443.664 44.506 28.332 28.437 
28.930 101658.848 -27.759 447.174 44.506 28.397 28.468 
28.948 101663.992 -28.182 445.007 44.338 28.386 28.468 
28.960 101677.056 -29.271 444.976 44.338 28.332 28.468 
28.942 101659.064 -27.775 441.223 44.506 28.332 28.468 
28.954 101662.488 -28.060 448.699 44.437 28.365 28.468 
28.966 101662.696 -28.076 450.546 44.506 28.332 28.468 
28.966 101656.272 -27.543 449.920 44.476 28.332 28.468 
28.973 101661.200 -27.955 449.996 44.376 28.332 28.468 
28.979 101666.120 -28.362 448.913 44.506 28.332 28.468 
28.991 101672.760 -28.911 449.279 44.674 28.332 28.468 
29.003 101666.536 -28.393 449.188 44.575 28.418 28.531 
29.027 101666.952 -28.430 449.935 44.262 28.493 28.562 
29.027 101660.536 -27.897 451.492 44.209 28.472 28.562 
29.021 101665.248 -28.288 448.486 44.338 28.408 28.531 
29.027 101663.744 -28.161 448.333 44.270 28.429 28.531 
29.015 101666.744 -28.415 451.187 44.270 28.450 28.562 
29.027 101666.952 -28.430 448.638 44.270 28.418 28.531 
29.027 101660.536 -27.897 447.875 44.437 28.386 28.531 
29.021 101681.304 -29.619 450.653 44.437 28.332 28.500 
29.015 101669.960 -28.679 445.770 44.651 28.332 28.468 
29.015 101673.176 -28.948 440.078 44.575 28.332 28.468 
29.009 101668.256 -28.536 438.705 44.437 28.365 28.500 
28.991 101669.536 -28.647 448.303 44.407 28.332 28.468 
29.003 101672.960 -28.927 445.678 44.506 28.332 28.468 
28.991 101669.536 -28.647 445.724 44.552 28.268 28.437 
29.003 101666.536 -28.393 448.013 44.613 28.300 28.468 
29.015 101669.960 -28.679 446.716 44.682 28.300 28.468 
28.991 101669.536 -28.647 444.534 44.552 28.290 28.468 
29.003 101666.536 -28.393 448.501 44.651 28.279 28.437 
29.003 101682.592 -29.730 450.088 44.575 28.311 28.437 
29.003 101666.536 -28.393 449.890 44.613 28.332 28.468 
29.015 101660.328 -27.881 447.921 44.437 28.408 28.531 
29.027 101666.952 -28.430 449.111 44.376 28.461 28.562 
29.040 101673.584 -28.980 450.027 44.209 28.483 28.562 
29.046 101672.088 -28.858 449.127 44.209 28.483 28.593 
29.070 101682.136 -29.688 450.332 44.231 28.483 28.593 
29.064 101670.784 -28.747 450.943 44.231 28.504 28.593 
29.076 101674.208 -29.033 450.332 44.231 28.536 28.625 
29.076 101667.784 -28.499 449.798 44.094 28.568 28.656 
29.088 101677.624 -29.318 448.944 43.995 28.579 28.656 
29.088 101667.984 -28.515 443.939 43.995 28.590 28.656 
29.094 101672.912 -28.927 447.753 44.064 28.568 28.656 
29.094 101672.912 -28.927 447.326 44.231 28.525 28.625 
29.088 101664.784 -28.251 448.455 44.231 28.504 28.625 
29.113 101674.824 -29.080 449.554 44.262 28.525 28.625 
29.113 101678.040 -29.350 450.546 44.231 28.525 28.625 
29.113 101671.616 -28.816 450.317 44.125 28.568 28.656 
29.113 101671.616 -28.816 451.522 44.125 28.568 28.656 
29.101 101674.632 -29.070 449.005 44.094 28.536 28.656 
29.125 101675.024 -29.102 448.394 44.094 28.547 28.656 
29.125 101668.608 -28.568 450.485 44.094 28.590 28.687 
29.149 101672.224 -28.869 452.255 44.094 28.622 28.718 
29.149 101675.440 -29.133 450.775 44.193 28.643 28.718 
29.155 101670.720 -28.742 453.079 44.064 28.665 28.718 
29.149 101665.808 -28.335 451.934 43.926 28.622 28.718 
29.149 101685.080 -29.936 452.514 44.064 28.622 28.718 
29.162 101669.224 -28.621 451.141 44.025 28.643 28.718 
29.162 101672.432 -28.885 452.240 43.926 28.643 28.718 
29.155 101670.720 -28.742 452.072 43.926 28.654 28.750 
29.162 101675.640 -29.149 449.035 43.789 28.643 28.718 
29.149 101675.440 -29.133 451.278 44.025 28.579 28.687 
29.149 101669.024 -28.599 450.988 44.125 28.515 28.656 
29.143 101664.096 -28.193 452.011 44.125 28.558 28.687 
29.162 101678.848 -29.419 450.469 44.025 28.579 28.718 
29.162 101666.008 -28.351 453.048 43.957 28.643 28.718 
29.174 101675.840 -29.170 452.514 43.896 28.665 28.750 
29.204 101674.752 -29.075 453.353 43.919 28.729 28.781 
29.204 101684.392 -29.878 454.315 43.949 28.761 28.812 
29.198 101673.048 -28.938 452.407 43.819 28.740 28.812 
29.204 101674.752 -29.075 452.117 43.987 28.676 28.781 
29.222 101670.232 -28.705 451.965 44.048 28.708 28.781 
29.253 101678.768 -29.408 453.125 44.048 28.761 28.812 
29.259 101680.488 -29.551 452.194 43.919 28.751 28.812 
29.271 101677.472 -29.302 452.072 43.919 28.783 28.843 
29.259 101667.624 -28.488 454.269 43.652 28.751 28.843 
29.253 101672.352 -28.880 453.277 43.682 28.729 28.812 
29.259 101667.624 -28.488 418.136 43.781 28.729 28.812 
29.283 101661.600 -27.986 432.281 43.751 28.740 28.812 
29.283 101671.232 -28.784 400.070 43.713 28.719 28.812 
29.289 101679.368 -29.461 414.840 43.819 28.783 28.843 
29.283 101677.664 -29.318 422.134 43.880 28.783 28.843 
29.283 101680.880 -29.588 421.386 44.155 28.761 28.843 
29.216 101665.312 -28.293 418.930 44.216 28.729 28.812 
29.186 101676.048 -29.186 414.657 44.262 28.654 28.750 
29.174 101663.000 -28.103 417.556 44.163 28.536 28.687 
29.162 101672.432 -28.885 427.444 44.231 28.504 28.656 
29.137 101672.016 -28.848 428.833 44.209 28.429 28.625 
29.101 101671.416 -28.800 425.323 44.308 28.375 28.562 
