25.085 101535.680 -17.523 76.370 50.030 25.201 24.937 
25.153 101537.448 -17.671 74.325 50.236 25.147 24.968 
25.184 101531.544 -17.180 70.724 50.198 25.115 24.937 
25.221 101533.312 -17.328 70.251 50.533 25.083 24.937 
25.277 101528.568 -16.931 69.351 50.602 25.104 24.968 
25.332 101541.504 -18.009 77.911 50.396 25.158 25.031 
25.375 101530.272 -17.074 81.771 50.365 25.190 25.062 
25.449 101533.728 -17.365 80.322 51.006 25.265 25.125 
25.499 101536.032 -17.555 74.813 51.098 25.372 25.187 
25.493 101534.288 -17.407 75.744 51.098 25.415 25.250 
25.456 101532.544 -17.264 78.506 51.296 25.469 25.281 
25.493 101540.176 -17.898 80.429 51.205 25.544 25.343 
25.536 101543.664 -18.189 80.154 50.915 25.587 25.375 
25.573 101533.600 -17.354 76.217 50.846 25.630 25.406 
25.653 101535.832 -17.539 73.562 50.968 25.630 25.437 
25.696 101539.296 -17.824 85.098 50.610 25.716 25.500 
25.813 101537.312 -17.660 85.861 50.610 25.780 25.562 
25.985 101542.240 -18.067 104.385 50.472 25.919 25.718 
26.139 101538.856 -17.787 92.819 50.060 25.973 25.812 
26.133 101545.960 -18.379 77.682 50.076 25.909 25.781 
26.200 101541.624 -18.020 107.482 50.373 25.930 25.781 
26.256 101530.832 -17.121 119.461 50.030 26.037 25.875 
26.299 101540.128 -17.893 120.300 49.992 26.112 25.937 
26.348 101545.264 -18.321 109.985 50.358 26.177 26.000 
26.397 101544.496 -18.258 120.162 49.725 26.262 26.062 
26.452 101542.520 -18.094 119.735 49.618 26.338 26.125 
26.458 101535.424 -17.502 120.285 49.618 26.423 26.187 
26.507 101546.456 -18.421 122.070 49.648 26.423 26.218 
26.550 101543.896 -18.210 99.578 49.541 26.541 26.281 
26.532 101532.752 -17.280 120.941 50.076 26.616 26.343 
26.550 101540.944 -17.962 121.170 49.801 26.702 26.406 
26.574 101544.984 -18.300 91.979 49.595 26.724 26.437 
26.617 101545.400 -18.332 95.169 49.427 26.756 26.468 
26.636 101535.848 -17.539 95.458 49.427 26.799 26.500 
26.654 101529.272 -16.995 94.985 49.564 26.831 26.531 
26.685 101532.096 -17.227 111.907 49.458 26.863 26.562 
26.728 101541.360 -17.999 114.303 49.458 26.895 26.593 
26.777 101528.696 -16.947 117.507 49.328 26.895 26.625 
26.813 101536.216 -17.571 117.172 48.893 26.949 26.656 
26.844 101541.976 -18.046 118.118 48.481 27.024 26.687 
26.862 101541.296 -17.993 117.660 48.512 27.024 26.718 
26.874 101532.960 -17.301 117.523 48.481 27.045 26.750 
26.911 101534.552 -17.433 117.156 48.748 27.045 26.781 
26.948 101530.216 -17.069 116.897 48.382 27.088 26.812 
26.972 101528.312 -16.910 95.672 48.412 27.099 26.812 
27.003 101531.112 -17.148 96.115 48.412 27.131 26.843 
27.021 101539.288 -17.824 122.817 48.313 27.153 26.875 
27.046 101543.288 -18.157 114.562 48.176 27.142 26.875 
27.052 101536.168 -17.565 122.756 48.039 27.217 26.906 
27.082 101541.896 -18.041 111.907 47.833 27.228 26.937 
27.082 101527.112 -16.810 121.139 47.901 27.249 26.968 
27.107 101539.984 -17.882 121.551 47.771 27.281 26.968 
27.119 101537.560 -17.682 121.704 47.604 27.314 27.000 
27.143 101541.552 -18.015 122.695 47.489 27.367 27.031 
27.156 101533.192 -17.317 123.031 47.489 27.399 27.062 
27.205 101535.288 -17.491 121.429 47.359 27.410 27.093 
27.217 101535.808 -17.534 121.215 47.092 27.442 27.125 
27.229 101536.312 -17.576 121.887 47.291 27.453 27.125 
27.247 101544.488 -18.258 121.719 46.986 27.496 27.156 
27.272 101545.520 -18.342 122.131 46.711 27.528 27.187 
27.290 101530.024 -17.053 116.271 46.642 27.571 27.218 
27.339 101532.088 -17.227 116.867 46.742 27.571 27.250 
27.351 101529.632 -17.021 117.034 46.642 27.582 27.250 
27.375 101533.640 -17.354 122.070 46.513 27.592 27.281 
27.388 101531.176 -17.148 122.726 46.444 27.625 27.312 
27.394 101532.912 -17.296 121.475 46.444 27.646 27.312 
27.412 101538.128 -17.729 124.328 46.612 27.646 27.343 
27.424 101541.600 -18.015 122.528 46.612 27.678 27.343 
27.436 101542.104 -18.057 123.626 46.299 27.721 27.375 
27.461 101540.160 -17.898 121.719 46.368 27.753 27.406 
27.461 101531.272 -17.158 121.932 46.230 27.753 27.406 
27.473 101531.792 -17.201 122.817 46.131 27.796 27.437 
27.485 101538.224 -17.734 123.214 45.895 27.818 27.468 
27.516 101532.096 -17.227 119.781 45.895 27.828 27.468 
27.540 101539.032 -17.803 118.881 46.001 27.818 27.468 
27.570 101532.896 -17.296 119.140 46.001 27.796 27.500 
27.577 101543.520 -18.178 112.197 45.727 27.828 27.500 
27.601 101538.592 -17.766 127.807 45.795 27.785 27.500 
27.619 101534.928 -17.465 130.371 45.933 27.796 27.500 
27.644 101532.960 -17.301 126.876 46.032 27.796 27.500 
27.631 101535.424 -17.502 123.199 45.895 27.828 27.531 
27.631 101535.424 -17.502 122.802 45.620 27.893 27.562 
27.638 101534.208 -17.402 124.389 45.757 27.882 27.562 
27.650 101528.792 -16.952 122.222 45.818 27.903 27.562 
27.668 101539.896 -17.877 121.902 45.452 27.989 27.625 
27.680 101537.448 -17.671 122.512 45.422 27.989 27.625 
27.698 101536.712 -17.608 123.947 45.315 28.000 27.656 
27.741 101536.984 -17.634 124.313 45.315 27.989 27.656 
27.741 101536.984 -17.634 124.694 45.422 28.021 27.687 
27.747 101532.800 -17.285 123.947 45.406 28.043 27.687 
27.790 101536.024 -17.555 123.626 45.208 28.064 27.718 
27.796 101534.808 -17.454 120.742 45.208 28.064 27.718 
27.802 101527.640 -16.857 119.506 45.040 28.054 27.718 
27.808 101538.264 -17.740 122.619 45.147 28.011 27.718 
27.832 101518.512 -16.096 123.367 45.452 27.957 27.718 
27.832 101527.392 -16.836 119.659 45.246 28.021 27.718 
27.851 101526.680 -16.778 122.116 45.284 28.032 27.718 
27.832 101524.440 -16.588 122.192 45.170 28.086 27.750 
27.844 101524.944 -16.630 121.917 45.071 28.086 27.781 
27.844 101530.872 -17.127 120.788 45.040 28.107 27.781 
27.851 101535.568 -17.518 121.887 45.002 28.129 27.781 
27.887 101537.072 -17.639 121.734 44.941 28.118 27.781 
27.924 101535.568 -17.518 123.352 44.903 28.107 27.812 
27.911 101526.192 -16.736 118.698 44.941 28.129 27.812 
27.942 101531.872 -17.206 123.001 44.804 28.150 27.843 
27.954 101529.408 -17.005 120.697 44.872 28.129 27.843 
27.960 101540.024 -17.888 123.657 44.735 28.214 27.843 
27.966 101532.864 -17.291 123.809 44.773 28.204 27.875 
27.978 101527.432 -16.841 122.039 44.704 28.172 27.875 
28.003 101537.312 -17.660 122.589 44.773 28.172 27.875 
28.009 101530.160 -17.069 125.076 44.659 28.214 27.906 
28.015 101540.768 -17.946 126.083 44.758 28.236 27.937 
28.045 101540.496 -17.925 126.480 44.796 28.214 27.937 
28.094 101542.472 -18.089 125.915 44.491 28.311 27.968 
28.094 101545.440 -18.337 124.832 44.460 28.300 28.000 
28.106 101539.992 -17.882 124.694 44.460 28.290 28.000 
28.118 101531.584 -17.185 124.816 44.491 28.311 28.000 
28.124 101548.152 -18.559 125.350 44.323 28.322 28.031 
28.142 101538.496 -17.761 124.847 44.254 28.354 28.031 
28.130 101535.056 -17.470 124.542 44.254 28.386 28.062 
28.106 101531.112 -17.148 122.528 44.148 28.397 28.062 
28.112 101538.760 -17.782 121.673 44.178 28.418 28.062 
28.112 101538.760 -17.782 121.856 44.079 28.397 28.062 
28.112 101538.760 -17.782 123.764 44.186 28.375 28.062 
28.118 101540.480 -17.925 123.855 44.056 28.386 28.062 
28.112 101541.728 -18.030 123.611 44.048 28.429 28.062 
28.118 101528.624 -16.936 123.687 44.048 28.450 28.093 
28.136 101536.776 -17.618 124.084 44.010 28.429 28.093 
28.161 101543.672 -18.189 123.764 44.148 28.408 28.093 
28.136 101542.704 -18.110 125.122 44.148 28.440 28.093 
28.167 101545.400 -18.332 124.359 44.048 28.397 28.093 
28.167 101545.400 -18.332 124.099 44.216 28.429 28.093 
28.161 101534.784 -17.449 125.091 44.178 28.461 28.125 
28.173 101535.272 -17.491 125.473 44.148 28.461 28.125 
28.185 101544.656 -18.268 125.259 44.079 28.429 28.125 
28.191 101540.456 -17.919 122.909 44.048 28.429 28.125 
28.197 101536.240 -17.571 123.031 44.216 28.386 28.093 
28.203 101543.904 -18.210 125.411 44.010 28.418 28.125 
28.209 101530.816 -17.121 125.167 43.942 28.461 28.125 
28.221 101537.216 -17.650 126.007 43.942 28.461 28.125 
28.233 101540.672 -17.941 125.228 43.980 28.483 28.156 
28.215 101541.432 -18.004 124.938 43.842 28.472 28.156 
28.197 101530.320 -17.079 121.994 43.743 28.483 28.156 
28.215 101541.432 -18.004 123.550 43.743 28.450 28.125 
28.191 101522.672 -16.445 122.100 43.674 28.493 28.156 
28.209 101527.840 -16.873 125.564 43.743 28.461 28.156 
28.209 101539.704 -17.861 121.322 43.743 28.483 28.156 
28.209 101533.776 -17.365 125.183 43.674 28.493 28.156 
28.221 101525.368 -16.667 123.687 43.705 28.483 28.156 
28.240 101536.464 -17.592 124.908 43.674 28.493 28.156 
28.215 101526.608 -16.773 124.145 43.674 28.515 28.187 
28.227 101527.088 -16.810 122.482 43.674 28.504 28.156 
28.203 101520.192 -16.239 123.245 43.644 28.536 28.187 
28.221 101534.256 -17.407 123.229 43.575 28.525 28.187 
28.221 101522.400 -16.419 123.840 43.476 28.547 28.187 
28.233 101531.784 -17.201 123.809 43.545 28.547 28.187 
28.246 101529.296 -16.995 119.705 43.575 28.547 28.187 
28.252 101533.984 -17.386 123.809 43.545 28.547 28.218 
28.240 101536.464 -17.592 123.733 43.507 28.536 28.218 
28.264 101534.480 -17.423 121.093 43.674 28.536 28.187 
28.258 101523.856 -16.540 120.574 43.674 28.568 28.218 
28.252 101531.016 -17.137 119.918 43.674 28.547 28.218 
28.282 101530.752 -17.116 122.009 43.774 28.525 28.218 
28.288 101526.552 -16.767 123.367 43.674 28.536 28.218 
28.300 101544.824 -18.284 124.710 43.705 28.504 28.187 
28.312 101536.392 -17.586 123.855 43.774 28.493 28.187 
28.306 101528.752 -16.947 123.687 43.774 28.515 28.218 
28.300 101535.920 -17.544 122.665 43.774 28.525 28.218 
28.331 101529.720 -17.026 113.357 43.743 28.525 28.218 
28.312 101533.440 -17.338 124.618 43.598 28.568 28.218 
28.288 101532.480 -17.259 121.994 43.530 28.568 28.218 
