23.593 101235.480 7.456 999.984 83.256 24.922 24.125 
24.634 101192.328 11.052 999.984 77.808 25.855 25.156 
26.721 101336.528 0.961 999.984 73.208 27.485 26.687 
27.755 101329.368 0.364 999.984 68.462 28.761 28.062 
28.429 101358.032 -2.747 999.984 64.411 29.394 28.750 
28.741 101265.600 4.946 999.984 63.496 29.941 29.375 
29.521 101355.192 -2.515 999.984 62.702 30.477 29.875 
29.927 101349.912 -2.076 999.984 60.497 30.842 30.250 
30.134 101307.696 1.440 999.984 59.513 31.110 30.625 
30.491 101323.648 0.113 999.984 58.559 31.582 31.156 
30.521 101280.536 3.701 999.984 57.781 31.850 31.406 
30.944 101356.536 -2.626 999.984 57.095 32.075 31.625 
30.727 101292.736 2.687 999.984 56.583 32.151 31.625 
31.240 101345.352 -1.696 999.984 56.431 32.397 32.000 
31.511 101362.720 -3.139 999.984 55.592 32.504 32.093 
31.523 101372.528 -3.958 999.984 55.111 32.504 32.031 
31.673 101362.744 -3.144 999.984 56.042 32.504 32.156 
31.631 101370.400 -3.778 999.984 56.103 32.462 32.093 
31.583 101366.688 -3.471 999.984 55.500 32.472 32.031 
31.420 101350.488 -2.119 999.984 56.194 32.311 31.906 
31.342 101357.744 -2.726 999.984 56.583 32.247 31.843 
31.511 101369.184 -3.678 999.984 54.455 32.279 31.843 
31.595 101366.808 -3.482 999.984 56.042 32.397 31.937 
31.565 101361.672 -3.054 999.984 56.370 32.311 31.906 
31.523 101372.528 -3.958 999.984 56.728 32.215 31.812 
31.438 101374.896 -4.153 999.984 57.034 32.097 31.718 
31.438 101371.664 -3.884 999.984 57.270 32.097 31.718 
31.330 101370.520 -3.789 999.984 57.392 31.990 31.625 
