24.187 101403.328 -6.521 206.588 51.426 24.010 23.843 
24.280 101399.280 -6.182 205.245 51.540 24.000 23.843 
24.311 101389.832 -5.395 203.811 51.395 24.032 23.875 
24.336 101399.888 -6.230 204.971 51.807 23.989 23.843 
24.374 101401.296 -6.352 203.948 51.838 24.075 23.906 
24.423 101397.096 -6.003 203.903 52.013 24.096 23.937 
24.423 101409.256 -7.012 202.377 51.838 24.128 24.000 
24.454 101396.752 -5.971 202.056 51.830 24.182 24.031 
24.541 101403.032 -6.494 200.775 51.540 24.182 24.062 
24.622 101392.352 -5.606 200.592 51.426 24.214 24.125 
24.646 101396.320 -5.934 199.554 51.128 24.214 24.125 
24.622 101407.552 -6.869 195.632 51.334 24.064 24.062 
24.622 101410.600 -7.123 210.800 51.632 24.085 24.062 
24.659 101396.776 -5.971 211.288 51.571 24.139 24.093 
24.690 101408.576 -6.954 213.165 51.365 24.160 24.125 
24.727 101397.776 -6.056 210.372 51.220 24.182 24.125 
24.727 101394.728 -5.802 213.714 51.106 24.171 24.125 
24.727 101397.776 -6.056 213.287 51.167 24.160 24.093 
24.708 101392.528 -5.622 212.951 51.365 24.064 24.031 
24.683 101394.656 -5.797 213.073 51.579 23.967 24.000 
24.671 101400.280 -6.267 209.594 51.777 23.882 23.906 
24.659 101399.824 -6.225 210.510 51.960 23.806 23.875 
24.628 101397.160 -6.003 211.654 51.952 23.882 23.906 
24.628 101406.280 -6.764 213.211 51.693 23.935 23.906 
24.584 101394.016 -5.744 210.296 51.807 23.849 23.843 
24.584 101400.096 -6.251 213.928 51.983 23.817 23.843 
24.572 101396.592 -5.960 209.609 52.013 23.849 23.843 
24.584 101400.096 -6.251 210.662 51.899 23.882 23.843 
24.572 101393.552 -5.707 200.622 51.868 23.849 23.843 
