24.578 101240.560 7.031 168.182 48.626 24.675 24.468 
24.540 101235.808 7.427 91.201 48.893 24.482 24.375 
24.584 101233.504 7.620 84.014 48.985 24.557 24.406 
24.571 101224.088 8.405 93.399 49.000 24.557 24.406 
24.522 101239.320 7.136 86.135 49.397 24.514 24.375 
24.485 101228.704 8.019 78.887 49.526 24.514 24.343 
24.454 101228.664 8.024 79.452 49.526 24.482 24.312 
24.478 101238.688 7.186 79.162 49.328 24.536 24.312 
24.509 101224.024 8.410 78.796 49.351 24.579 24.343 
24.547 101234.640 7.525 79.864 49.328 24.525 24.343 
24.528 101226.392 8.212 82.199 49.465 24.364 24.281 
24.503 101239.880 7.089 86.059 49.503 24.364 24.250 
24.497 101232.240 7.726 173.370 49.572 24.353 24.250 
24.429 101227.448 8.124 180.923 49.824 24.429 24.250 
24.454 101228.664 8.024 180.908 49.496 24.439 24.250 
24.460 101233.384 7.630 180.877 49.358 24.439 24.250 
24.460 101242.200 6.896 181.167 49.328 24.429 24.250 
24.429 101236.264 7.390 180.953 49.465 24.407 24.187 
24.361 101228.536 8.035 181.091 49.603 24.311 24.125 
24.336 101221.448 8.624 180.999 49.870 24.246 24.062 
24.329 101225.552 8.283 180.877 49.999 24.225 24.031 
24.311 101226.104 8.235 180.709 50.106 24.150 23.968 
24.261 101232.496 7.704 180.755 50.274 24.064 23.906 
24.218 101223.000 8.494 180.557 50.480 23.978 23.843 
24.187 101234.688 7.522 180.740 50.617 23.989 23.843 
24.143 101213.440 9.292 180.770 50.579 24.000 23.812 
24.137 101229.312 7.969 180.847 50.579 24.021 23.812 
24.100 101227.456 8.124 181.015 50.617 23.978 23.781 
24.075 101226.224 8.228 181.045 50.709 23.935 23.750 
