25.401 101166.352 13.216 286.041 47.924 25.147 25.062 
25.432 101168.744 13.018 283.035 47.924 25.147 25.093 
25.450 101170.792 12.846 285.186 47.825 25.169 25.125 
25.463 101145.624 14.944 287.612 47.924 25.169 25.125 
25.506 101167.432 13.126 288.986 47.955 25.201 25.156 
25.494 101151.184 14.479 289.978 47.855 25.201 25.156 
25.538 101153.848 14.257 291.458 47.886 25.222 25.187 
25.569 101168.984 12.997 292.022 47.855 25.233 25.218 
25.581 101159.728 13.768 290.405 47.855 25.254 25.218 
25.600 101187.280 11.472 290.328 47.718 25.244 25.218 
25.625 101165.568 13.282 290.054 47.688 25.265 25.250 
25.643 101151.696 14.437 290.664 47.657 25.297 25.281 
25.662 101150.544 14.535 290.283 47.611 25.362 25.312 
25.662 101156.936 14.001 279.205 47.543 25.437 25.375 
25.668 101165.056 13.324 282.287 47.474 25.437 25.375 
25.693 101159.296 13.805 280.334 47.474 25.404 25.375 
25.711 101164.528 13.367 288.864 47.474 25.394 25.375 
25.699 101161.032 13.660 285.858 47.489 25.329 25.343 
25.730 101163.400 13.462 287.826 47.588 25.287 25.343 
25.755 101157.608 13.945 285.903 47.657 25.265 25.312 
25.805 101190.712 11.184 288.284 47.718 25.297 25.343 
25.829 101159.432 13.792 292.739 47.573 25.447 25.406 
25.854 101207.872 9.755 291.061 47.741 25.426 25.437 
25.879 101167.000 13.161 291.580 47.741 25.437 25.437 
25.935 101157.168 13.982 289.016 47.680 25.447 25.468 
25.960 101157.760 13.932 290.390 47.916 25.362 25.468 
25.978 101143.840 15.092 291.305 48.084 25.319 25.437 
26.059 101185.648 11.607 291.534 48.039 25.394 25.500 
26.040 101164.472 13.372 289.016 47.306 25.533 25.625 
26.040 101151.704 14.437 286.849 46.833 25.651 25.687 
26.158 101165.624 13.277 290.496 46.993 25.812 25.812 
26.226 101165.608 13.277 283.325 46.726 25.844 25.875 
26.263 101179.248 12.141 287.353 46.757 25.791 25.875 
26.276 101150.792 14.514 286.468 46.726 25.748 25.843 
26.183 101188.560 11.364 283.248 46.124 25.887 25.906 
26.170 101181.880 11.921 282.852 46.597 25.769 25.843 
26.245 101161.264 13.639 281.387 47.070 25.694 25.812 
26.301 101157.752 13.932 286.529 47.367 25.716 25.843 
26.356 101157.440 13.959 282.928 47.291 25.812 25.906 
26.325 101161.504 13.620 285.324 46.520 25.973 26.000 
26.276 101157.176 13.980 285.659 46.055 26.091 26.062 
26.276 101176.336 12.384 282.043 45.841 26.166 26.093 
26.251 101163.000 13.496 283.477 45.742 26.252 26.156 
26.251 101156.608 14.027 282.745 45.567 26.338 26.187 
26.344 101160.336 13.718 279.953 45.528 26.348 26.218 
26.443 101159.400 13.795 282.684 45.696 26.348 26.250 
26.511 101159.328 13.803 282.333 45.628 26.348 26.281 
26.480 101157.032 13.993 282.791 45.628 26.413 26.312 
26.468 101159.960 13.750 283.782 45.589 26.456 26.343 
26.461 101158.208 13.895 283.599 45.589 26.488 26.375 
26.523 101169.184 12.978 282.058 45.658 26.520 26.406 
26.628 101166.728 13.184 2.075 45.589 26.520 26.437 
26.690 101161.704 13.605 1.663 45.757 26.466 26.406 
26.746 101167.720 13.103 294.647 45.826 26.445 26.437 
26.801 101164.120 13.404 293.975 45.719 26.466 26.468 
26.869 101160.792 13.681 294.204 45.658 26.477 26.500 
26.863 101149.472 14.624 294.631 45.422 26.563 26.562 
26.801 101170.504 12.870 294.387 45.177 26.659 26.625 
26.795 101168.792 13.013 296.081 45.109 26.724 26.656 
26.832 101166.384 13.214 302.169 45.063 26.767 26.687 
26.900 101172.648 12.690 302.566 45.208 26.745 26.687 
26.986 101177.680 12.273 301.422 45.231 26.756 26.718 
27.042 101161.264 13.639 302.886 45.231 26.767 26.750 
27.103 101184.944 11.665 303.115 45.162 26.788 26.781 
27.159 101171.712 12.770 301.620 45.200 26.842 26.843 
27.202 101167.808 13.095 301.223 45.231 26.820 26.843 
27.233 101176.448 12.373 300.888 45.231 26.799 26.843 
27.245 101173.488 12.622 301.437 45.300 26.809 26.843 
27.270 101167.592 13.113 298.065 45.132 26.852 26.906 
27.288 101182.368 11.882 298.477 45.132 26.831 26.906 
27.362 101174.272 12.556 298.400 45.063 26.863 26.937 
27.380 101192.248 11.057 298.477 44.926 26.938 27.000 
27.356 101175.752 12.434 298.767 44.758 27.056 27.062 
27.362 101171.072 12.822 298.065 44.552 27.121 27.093 
27.374 101168.128 13.068 298.446 44.613 27.131 27.125 
27.436 101178.960 12.165 295.471 44.682 27.163 27.156 
27.503 101194.720 10.851 303.024 44.544 27.206 27.187 
27.522 101180.680 12.022 300.643 44.544 27.185 27.187 
27.559 101178.200 12.228 297.561 44.682 27.185 27.187 
27.583 101178.696 12.188 301.864 44.544 27.238 27.250 
27.546 101168.368 13.047 300.674 44.498 27.314 27.281 
27.559 101171.816 12.762 302.093 44.399 27.356 27.312 
27.608 101179.168 12.149 299.285 44.437 27.367 27.312 
27.645 101170.296 12.886 298.110 44.399 27.399 27.343 
27.681 101177.424 12.294 297.683 44.567 27.346 27.343 
27.724 101173.440 12.624 297.653 44.704 27.292 27.312 
27.737 101176.880 12.339 298.080 44.666 27.335 27.343 
27.767 101172.672 12.690 295.471 44.567 27.399 27.375 
27.792 101182.760 11.847 299.026 44.537 27.399 27.406 
27.816 101170.408 12.878 296.249 44.537 27.399 27.437 
27.859 101172.832 12.674 295.318 44.537 27.432 27.468 
27.890 101171.816 12.762 295.471 44.422 27.474 27.500 
27.902 101175.224 12.476 298.095 44.392 27.474 27.500 
27.915 101178.672 12.188 297.637 44.491 27.474 27.500 
27.921 101177.192 12.312 298.263 44.559 27.474 27.500 
27.945 101184.072 11.739 296.936 44.590 27.453 27.500 
27.902 101184.840 11.676 300.994 44.521 27.528 27.562 
27.841 101174.080 12.571 301.315 44.186 27.592 27.562 
27.847 101182.200 11.895 300.796 44.155 27.592 27.593 
27.841 101177.280 12.305 300.506 44.155 27.625 27.593 
27.859 101176.032 12.410 299.392 44.224 27.625 27.593 
27.890 101175.008 12.495 299.469 44.292 27.625 27.625 
27.902 101172.040 12.743 298.812 44.323 27.625 27.625 
27.921 101180.392 12.046 300.277 44.277 27.657 27.656 
27.939 101179.136 12.151 299.743 44.315 27.635 27.656 
27.982 101178.336 12.217 299.209 44.346 27.646 27.656 
27.988 101189.664 11.274 299.377 44.277 27.678 27.687 
28.013 101177.312 12.302 299.041 44.209 27.689 27.687 
28.037 101190.576 11.197 298.675 44.247 27.646 27.687 
28.062 101178.216 12.228 299.102 44.315 27.678 27.687 
28.068 101176.728 12.352 296.615 44.178 27.721 27.750 
28.074 101178.456 12.207 297.210 44.109 27.732 27.750 
28.092 101177.184 12.312 297.973 44.209 27.732 27.750 
28.123 101192.168 11.063 298.339 44.109 27.721 27.750 
28.148 101179.792 12.096 302.291 44.209 27.689 27.750 
28.141 101181.288 11.972 300.292 44.247 27.657 27.750 
28.148 101179.792 12.096 301.055 44.247 27.678 27.750 
28.178 101185.168 11.649 300.552 44.247 27.743 27.781 
28.172 101189.848 11.258 298.599 44.109 27.764 27.812 
28.190 101185.384 11.631 298.202 44.010 27.764 27.812 
28.184 101183.672 11.773 302.017 44.041 27.775 27.843 
28.190 101175.768 12.431 300.537 44.064 27.785 27.843 
28.197 101174.272 12.556 298.858 44.041 27.775 27.812 
28.221 101177.912 12.252 299.072 44.041 27.775 27.843 
28.221 101184.328 11.718 299.850 44.064 27.818 27.875 
28.258 101188.200 11.396 300.323 44.033 27.850 27.875 
28.294 101172.832 12.674 299.667 43.934 27.903 27.937 
28.319 101189.296 11.303 300.750 44.003 27.893 27.937 
28.319 101179.680 12.106 302.474 44.003 27.882 27.937 
28.319 101186.088 11.570 299.774 44.003 27.893 27.937 
28.343 101186.520 11.536 300.888 43.964 27.914 27.968 
28.380 101177.544 12.283 300.338 43.835 27.957 28.000 
28.392 101177.768 12.265 300.048 43.766 27.968 28.000 
28.392 101174.552 12.532 300.231 43.797 27.979 28.000 
28.429 101188.048 11.406 300.888 43.827 27.989 28.031 
28.417 101168.584 13.031 299.545 43.865 27.936 28.000 
28.429 101184.832 11.676 299.652 43.934 27.957 28.031 
28.411 101179.704 12.104 298.126 43.957 28.011 28.062 
28.441 101181.840 11.924 300.872 43.858 28.054 28.062 
28.454 101182.064 11.906 297.348 43.926 28.032 28.062 
28.454 101185.264 11.639 296.478 44.025 28.011 28.062 
28.490 101176.280 12.389 298.828 43.926 28.064 28.093 
28.509 101181.408 11.961 300.415 43.987 28.032 28.062 
28.502 101186.112 11.570 299.667 44.125 28.000 28.062 
28.509 101187.832 11.427 301.300 44.636 27.871 28.000 
28.509 101181.408 11.961 302.291 44.735 27.850 27.968 
28.502 101186.112 11.570 301.467 44.842 27.818 27.937 
28.533 101181.832 11.927 300.292 44.872 27.861 27.968 
28.539 101186.744 11.517 300.369 45.010 27.850 27.968 
28.564 101183.968 11.747 299.636 45.040 27.861 27.968 
28.570 101166.416 13.211 300.552 45.170 27.871 27.968 
28.594 101170.048 12.907 298.553 45.139 27.893 28.000 
28.612 101178.384 12.212 300.399 45.109 27.936 28.031 
28.625 101181.800 11.929 301.483 45.139 27.925 28.000 
28.637 101178.792 12.180 301.498 45.033 27.989 28.062 
28.661 101192.056 11.073 301.467 44.895 28.021 28.062 
28.686 101179.632 12.109 300.918 44.964 28.032 28.093 
28.686 101186.040 11.575 299.057 45.132 28.054 28.125 
28.698 101183.040 11.826 301.620 45.101 28.054 28.125 
28.710 101183.248 11.808 301.818 45.261 28.043 28.125 
28.716 101172.120 12.735 301.605 45.300 28.064 28.125 
28.747 101183.856 11.758 302.719 45.132 28.118 28.156 
28.753 101175.952 12.416 300.521 45.231 28.096 28.156 
28.759 101180.848 12.009 302.261 45.261 28.107 28.187 
28.759 101180.848 12.009 302.230 45.437 28.118 28.187 
28.783 101181.256 11.974 298.873 45.368 28.118 28.187 
28.814 101180.168 12.064 301.788 45.185 28.204 28.250 
28.820 101191.512 11.118 303.726 45.216 28.214 28.250 
28.832 101185.288 11.639 300.552 45.391 28.204 28.250 
28.851 101180.776 12.014 300.476 45.452 28.193 28.250 
28.863 101180.976 11.998 300.598 45.322 28.257 28.281 
28.899 101194.416 10.878 301.589 45.254 28.279 28.312 
28.899 101188.000 11.411 302.993 45.147 28.332 28.343 
28.918 101189.888 11.253 301.940 45.048 28.397 28.375 
28.936 101185.376 11.631 303.039 45.010 28.418 28.406 
28.948 101195.200 10.812 301.788 44.949 28.472 28.437 
28.948 101188.792 11.345 300.811 44.865 28.525 28.500 
28.979 101187.680 11.438 300.949 44.697 28.579 28.531 
29.009 101205.832 9.924 299.423 44.636 28.590 28.531 
29.046 101187.160 11.483 301.284 44.460 28.622 28.562 
29.052 101192.080 11.071 301.239 44.498 28.643 28.593 
29.046 101187.160 11.483 302.108 44.598 28.611 28.593 
29.064 101189.056 11.324 302.444 44.498 28.611 28.593 
29.076 101189.240 11.308 299.072 44.567 28.643 28.593 
29.101 101183.208 11.810 300.537 44.735 28.611 28.593 
29.101 101180.000 12.077 302.444 44.666 28.654 28.625 
29.101 101186.432 11.544 301.940 44.636 28.686 28.625 
29.137 101193.424 10.960 302.383 44.590 28.708 28.656 
29.137 101190.200 11.227 302.490 44.491 28.729 28.656 
29.125 101177.168 12.315 300.811 44.621 28.686 28.656 
29.125 101180.384 12.046 300.033 44.697 28.654 28.625 
29.125 101173.952 12.582 300.766 44.735 28.676 28.656 
29.137 101190.200 11.227 300.888 44.659 28.729 28.687 
29.149 101193.608 10.944 301.132 44.659 28.751 28.687 
29.143 101191.912 11.086 303.039 44.552 28.794 28.718 
29.137 101183.792 11.763 301.101 44.689 28.772 28.718 
29.168 101189.088 11.322 302.917 44.621 28.783 28.718 
29.162 101184.168 11.731 301.956 44.659 28.783 28.750 
29.186 101181.336 11.966 301.910 44.590 28.815 28.781 
29.198 101191.168 11.147 300.369 44.659 28.826 28.781 
29.192 101192.672 11.023 304.000 44.552 28.858 28.781 
29.168 101179.448 12.125 304.122 44.506 28.890 28.812 
29.210 101181.728 11.935 302.063 44.506 28.890 28.812 
29.235 101182.096 11.903 304.336 44.476 28.912 28.843 
29.216 101180.208 12.061 301.239 44.575 28.933 28.843 
29.125 101177.168 12.315 301.956 44.613 28.954 28.843 
29.107 101184.904 11.670 302.871 44.643 28.890 28.812 
29.149 101206.464 9.874 302.459 44.506 28.890 28.812 
29.192 101195.880 10.754 303.512 44.643 28.858 28.812 
29.198 101181.528 11.951 303.924 44.621 28.847 28.781 
29.229 101183.616 11.776 301.834 44.613 28.869 28.812 
29.259 101195.328 10.801 302.703 44.743 28.890 28.812 
29.247 101182.288 11.887 304.641 44.781 28.890 28.843 
29.198 101194.384 10.880 306.594 44.781 28.912 28.843 
29.198 101194.384 10.880 303.695 44.743 28.901 28.843 
29.241 101180.584 12.030 301.986 44.743 28.890 28.843 
29.253 101193.624 10.944 299.972 44.827 28.815 28.812 
29.271 101189.088 11.322 301.483 44.827 28.847 28.812 
29.259 101188.904 11.335 300.704 44.781 28.890 28.843 
29.247 101185.504 11.620 301.986 44.743 28.922 28.875 
29.308 101192.856 11.007 302.719 44.743 28.944 28.875 
29.302 101184.744 11.684 302.185 44.712 28.944 28.906 
29.320 101196.256 10.724 305.419 44.712 28.912 28.875 
29.320 101193.048 10.991 301.757 44.743 28.933 28.906 
29.332 101193.232 10.976 299.758 44.781 28.890 28.875 
29.344 101186.992 11.496 302.429 44.895 28.858 28.843 
29.350 101191.912 11.086 301.483 45.162 28.837 28.843 
29.344 101203.072 10.156 303.283 45.094 28.837 28.843 
29.350 101185.488 11.620 304.809 45.063 28.815 28.843 
29.362 101185.672 11.607 303.100 45.124 28.804 28.843 
29.393 101203.808 10.093 303.802 45.017 28.879 28.875 
29.381 101184.344 11.715 305.480 44.949 28.869 28.875 
29.399 101192.656 11.023 301.361 45.124 28.804 28.843 
29.405 101194.336 10.883 300.247 45.162 28.815 28.843 
29.429 101194.704 10.854 303.283 45.094 28.858 28.875 
29.423 101193.016 10.994 305.313 45.185 28.858 28.875 
29.442 101198.112 10.569 305.847 45.078 28.912 28.906 
29.454 101201.504 10.286 302.291 45.048 28.933 28.937 
29.478 101211.504 9.454 302.749 44.949 28.922 28.937 
29.466 101198.464 10.540 304.031 44.781 29.019 28.968 
29.490 101208.488 9.705 302.322 44.765 29.051 29.000 
29.484 101200.352 10.381 304.336 44.781 29.040 29.000 
29.484 101203.560 10.114 305.969 44.804 29.030 29.000 
29.502 101199.016 10.495 305.130 44.765 29.040 29.031 
29.490 101189.200 11.311 303.039 44.804 29.040 29.000 
29.514 101215.280 9.139 303.497 44.781 29.019 29.000 
29.514 101199.200 10.479 300.766 44.910 29.019 29.000 
29.539 101193.144 10.983 295.608 44.872 29.019 29.000 
29.527 101189.744 11.266 295.745 44.804 29.083 29.031 
29.551 101190.096 11.237 294.952 44.765 29.115 29.062 
29.563 101193.488 10.954 298.248 44.765 29.158 29.093 
29.575 101200.096 10.405 296.737 44.666 29.158 29.093 
29.527 101192.952 10.999 294.479 44.735 29.169 29.093 
29.502 101199.016 10.495 305.221 44.659 29.201 29.125 
29.514 101195.992 10.746 305.801 44.552 29.233 29.125 
29.448 101199.824 10.426 302.688 44.590 29.255 29.125 
29.417 101204.176 10.064 306.777 44.727 29.212 29.093 
29.417 101207.384 9.797 306.045 44.621 29.223 29.093 
29.454 101204.728 10.019 287.155 44.552 29.212 29.093 
29.484 101200.352 10.381 284.530 44.804 29.137 29.093 
29.514 101199.200 10.479 285.537 44.804 29.126 29.062 
29.514 101192.784 11.012 285.141 44.804 29.148 29.093 
29.521 101194.464 10.872 284.454 44.804 29.126 29.062 
29.527 101209.024 9.660 284.439 44.804 29.115 29.062 
29.527 101209.024 9.660 284.164 44.804 29.115 29.062 
29.551 101202.952 10.164 283.508 44.804 29.137 29.093 
29.563 101209.560 9.615 284.667 44.765 29.115 29.093 
29.575 101212.952 9.332 285.919 44.804 29.137 29.093 
29.587 101209.920 9.586 286.087 44.804 29.158 29.125 
29.600 101197.240 10.643 286.346 44.765 29.169 29.125 
29.581 101205.008 9.995 285.903 44.941 29.137 29.093 
29.612 101207.064 9.823 285.964 44.941 29.137 29.125 
29.612 101213.496 9.287 285.888 44.872 29.126 29.093 
29.612 101200.632 10.360 285.964 44.804 29.126 29.093 
29.618 101208.768 9.681 285.934 44.804 29.158 29.125 
29.636 101200.984 10.328 285.720 44.804 29.169 29.125 
29.612 101200.632 10.360 286.026 44.941 29.126 29.125 
29.612 101200.632 10.360 286.682 45.071 29.105 29.093 
29.624 101204.032 10.074 286.499 45.109 29.105 29.093 
29.624 101194.376 10.880 286.239 45.002 29.126 29.125 
29.624 101200.816 10.344 286.849 45.002 29.105 29.125 
29.630 101202.504 10.201 286.788 45.109 29.072 29.093 
29.624 101204.032 10.074 286.926 45.147 29.030 29.093 
29.630 101205.720 9.934 286.544 45.109 29.040 29.093 
29.642 101196.256 10.724 286.575 45.071 29.062 29.093 
29.648 101207.584 9.779 286.178 45.109 29.051 29.093 
29.660 101214.192 9.229 286.102 45.277 29.083 29.093 
29.636 101200.984 10.328 286.727 45.277 29.083 29.093 
29.612 101203.848 10.090 285.705 45.284 29.008 29.062 
29.618 101202.336 10.217 285.781 45.452 28.944 29.031 
29.648 101201.168 10.315 283.935 45.315 29.019 29.062 
29.636 101204.200 10.061 284.027 45.284 29.019 29.062 
29.648 101226.880 8.172 283.233 45.246 29.030 29.093 
29.630 101196.080 10.738 283.279 45.307 29.051 29.093 
29.642 101196.256 10.724 283.203 45.170 29.083 29.093 
29.642 101189.832 11.258 283.065 45.139 29.094 29.125 
29.642 101196.256 10.724 283.554 45.139 29.083 29.093 
29.660 101201.336 10.299 283.905 45.109 29.105 29.125 
29.679 101193.560 10.949 284.194 45.002 29.158 29.156 
29.648 101191.520 11.118 282.974 45.071 29.158 29.156 
29.642 101202.680 10.188 283.828 45.071 29.169 29.156 
29.642 101189.832 11.258 284.927 45.002 29.169 29.156 
29.666 101206.248 9.890 284.561 44.804 29.201 29.187 
29.679 101203.200 10.146 285.507 44.827 29.244 29.218 
29.660 101194.896 10.835 283.355 44.827 29.255 29.218 
29.679 101196.784 10.680 283.874 44.827 29.255 29.218 
29.660 101198.128 10.569 284.332 44.827 29.233 29.218 
29.648 101204.376 10.048 284.042 45.040 29.115 29.156 
29.636 101200.984 10.328 284.729 45.170 29.062 29.125 
29.648 101201.168 10.315 285.079 45.307 29.030 29.093 
29.660 101194.896 10.835 284.545 45.338 29.083 29.125 
29.666 101206.248 9.890 283.737 45.307 29.115 29.125 
29.660 101194.896 10.835 283.630 45.239 29.083 29.125 
29.673 101204.736 10.016 283.569 45.277 29.105 29.125 
29.679 101203.200 10.146 284.744 45.307 29.115 29.125 
29.685 101201.696 10.270 262.069 45.445 29.094 29.125 
29.673 101195.080 10.822 260.330 45.307 29.094 29.125 
29.679 101212.856 9.340 263.381 45.239 29.126 29.156 
29.673 101207.944 9.749 267.196 45.574 29.083 29.125 
29.660 101214.192 9.229 267.456 45.620 29.019 29.093 
29.563 101206.344 9.882 268.386 45.208 29.040 29.093 
29.514 101221.712 8.603 266.037 45.239 29.105 29.093 
29.466 101237.040 7.324 269.332 44.971 29.115 29.093 
29.454 101207.928 9.749 273.086 44.399 29.051 29.062 
29.442 101201.320 10.302 271.591 44.209 28.987 29.000 
29.362 101208.168 9.731 273.559 44.781 29.019 29.031 
29.295 101202.320 10.217 275.329 44.949 29.019 29.031 
29.003 101207.328 9.800 279.464 43.095 28.944 28.906 
28.893 101205.544 9.950 278.793 43.766 28.922 28.843 
28.796 101197.512 10.619 279.449 44.476 28.890 28.750 
28.771 101200.328 10.384 280.532 44.445 28.879 28.718 
28.753 101214.456 9.208 277.832 43.613 28.826 28.687 
28.521 101236.160 7.398 278.945 42.774 28.740 28.593 
28.227 101205.288 9.971 277.023 42.416 28.568 28.406 
27.982 101203.976 10.080 273.452 42.728 28.418 28.250 
27.786 101216.264 9.057 274.658 42.973 28.290 28.062 
27.626 101209.952 9.583 271.850 43.308 28.172 27.937 
27.626 101219.544 8.782 273.040 43.957 28.150 27.875 
27.657 101208.952 9.665 270.889 44.445 28.161 27.875 
27.731 101220.008 8.743 275.253 44.262 28.107 27.843 
27.681 101215.848 9.092 269.989 44.155 28.064 27.812 
27.645 101208.720 9.686 271.179 44.392 28.054 27.781 
