24.113 101181.720 11.935 466.033 51.922 24.396 23.968 
24.175 101205.360 9.966 463.806 51.426 24.407 24.000 
24.206 101174.608 12.527 461.715 51.250 24.407 24.000 
24.249 101177.792 12.262 461.639 51.075 24.407 24.031 
24.311 101174.048 12.574 465.118 51.014 24.407 24.062 
24.349 101175.440 12.458 464.416 50.869 24.407 24.062 
24.392 101181.624 11.943 466.842 50.777 24.429 24.093 
24.423 101166.056 13.240 467.483 50.755 24.450 24.156 
24.473 101173.984 12.579 462.890 50.724 24.482 24.187 
24.510 101187.528 11.451 461.044 50.655 24.504 24.218 
24.560 101192.400 11.044 461.486 50.617 24.546 24.250 
24.615 101177.728 12.268 462.539 50.549 24.568 24.281 
24.659 101177.792 12.262 461.959 50.480 24.600 24.312 
24.696 101176.128 12.402 461.273 50.419 24.632 24.375 
24.752 101179.680 12.106 494.750 50.419 24.675 24.406 
24.789 101174.944 12.500 462.509 50.282 24.697 24.437 
24.838 101176.736 12.352 464.538 50.205 24.697 24.468 
24.869 101176.328 12.384 464.141 50.137 24.697 24.468 
24.906 101180.704 12.019 466.171 50.076 24.718 24.531 
24.937 101174.200 12.561 466.354 49.938 24.740 24.562 
25.024 101219.928 8.751 464.324 49.839 24.761 24.593 
25.079 101168.640 13.026 465.057 49.839 24.804 24.656 
25.153 101183.464 11.789 466.262 49.770 24.847 24.718 
25.289 101172.992 12.661 468.399 49.564 24.965 24.843 
25.382 101168.624 13.026 468.536 49.229 25.072 24.968 
25.487 101185.960 11.581 468.948 49.030 25.104 25.000 
25.573 101207.232 9.808 469.696 49.061 25.136 25.062 
25.634 101203.232 10.143 464.523 48.862 25.169 25.125 
25.721 101181.816 11.927 457.595 48.962 25.201 25.187 
25.881 101178.072 12.239 464.218 48.618 25.319 25.312 
25.918 101176.248 12.392 463.577 48.618 25.308 25.343 
25.924 101168.832 13.010 466.018 49.152 25.222 25.281 
25.954 101232.384 7.712 466.308 49.564 25.169 25.250 
25.985 101173.936 12.585 460.113 49.725 25.158 25.218 
26.059 101176.376 12.381 461.715 49.686 25.265 25.343 
26.126 101170.976 12.830 461.120 49.351 25.329 25.406 
26.163 101169.144 12.984 463.058 48.908 25.469 25.500 
26.243 101182.440 11.874 462.020 48.641 25.608 25.625 
26.298 101179.672 12.106 462.127 48.306 25.726 25.718 
26.286 101179.256 12.141 461.242 48.595 25.898 25.843 
26.311 101167.848 13.092 460.723 48.222 25.962 25.875 
26.415 101184.968 11.665 467.727 47.825 26.005 25.968 
26.427 101185.368 11.631 462.036 47.741 26.123 26.031 
26.464 101174.328 12.550 458.908 47.512 26.155 26.062 
26.537 101176.696 12.355 462.722 47.710 26.112 26.062 
26.562 101159.160 13.816 461.883 47.886 25.973 26.000 
26.592 101167.752 13.100 461.959 48.100 25.898 25.968 
26.629 101178.088 12.239 462.829 48.229 25.866 25.937 
26.690 101192.248 11.057 462.493 48.229 25.898 25.968 
26.721 101173.344 12.632 465.515 48.222 25.951 26.031 
26.739 101178.512 12.202 3.997 47.955 26.048 26.093 
26.758 101168.400 13.044 455.139 47.611 26.145 26.187 
26.776 101194.936 10.833 483.947 47.207 26.252 26.250 
26.807 101166.848 13.174 487.548 47.268 26.284 26.281 
26.856 101162.272 13.557 486.816 47.199 26.338 26.312 
26.911 101171.640 12.775 487.747 47.199 26.359 26.375 
26.953 101183.656 11.773 486.618 47.070 26.380 26.375 
26.960 101185.376 11.631 502.288 46.932 26.391 26.406 
27.021 101193.360 10.965 503.051 46.932 26.423 26.437 
27.021 101175.024 12.492 504.669 46.932 26.380 26.437 
27.045 101175.784 12.429 504.486 47.169 26.295 26.375 
27.082 101173.832 12.593 503.372 47.169 26.338 26.406 
27.186 101181.592 11.945 503.524 46.589 26.606 26.593 
27.216 101184.040 11.742 502.960 46.482 26.649 26.625 
27.247 101186.488 11.538 501.693 46.345 26.713 26.718 
27.259 101189.912 11.253 502.517 46.238 26.809 26.750 
27.277 101201.176 10.312 501.922 46.276 26.799 26.781 
27.295 101206.320 9.884 502.136 46.070 26.852 26.843 
27.332 101186.000 11.578 499.725 46.139 26.938 26.906 
27.350 101191.136 11.150 496.276 46.062 27.003 26.937 
27.326 101187.336 11.467 497.039 45.925 27.045 26.968 
27.338 101181.600 11.945 493.942 45.628 27.099 27.000 
27.399 101195.656 10.775 510.437 45.727 27.045 26.968 
27.442 101186.208 11.559 499.557 45.795 26.992 26.968 
27.472 101182.528 11.869 505.126 45.826 26.992 26.968 
27.484 101192.080 11.071 506.042 45.940 26.906 26.937 
27.521 101190.096 11.237 505.752 46.001 26.927 26.968 
27.557 101194.232 10.891 505.798 46.001 26.949 26.968 
27.570 101185.416 11.628 507.675 45.994 26.970 27.000 
27.594 101183.072 11.821 505.737 45.994 26.992 27.000 
27.618 101186.832 11.509 509.368 46.032 27.003 27.031 
27.637 101198.096 10.571 502.243 46.062 27.035 27.062 
27.649 101186.208 11.559 501.052 45.963 27.121 27.125 
27.691 101195.096 10.820 501.831 45.887 27.163 27.156 
27.722 101185.264 11.639 509.216 45.788 27.228 27.218 
27.740 101184.264 11.723 500.473 45.918 27.217 27.218 
27.764 101191.088 11.155 501.541 45.918 27.228 27.250 
27.789 101191.808 11.094 499.755 45.956 27.238 27.250 
27.813 101216.992 8.996 502.899 45.856 27.260 27.281 
27.850 101202.736 10.183 503.921 45.910 27.324 27.343 
27.880 101189.832 11.258 501.464 45.643 27.356 27.375 
27.929 101191.216 11.142 511.108 45.574 27.410 27.406 
27.947 101193.272 10.973 512.832 45.445 27.464 27.437 
27.983 101200.440 10.376 509.109 45.445 27.432 27.437 
27.965 101186.136 11.567 508.590 45.445 27.399 27.437 
27.996 101194.656 10.857 507.720 45.544 27.389 27.437 
28.020 101195.352 10.798 508.636 45.445 27.389 27.437 
28.008 101201.136 10.318 507.370 45.506 27.378 27.406 
28.008 101195.000 10.828 507.553 45.544 27.367 27.406 
28.020 101213.736 9.266 507.324 45.475 27.410 27.437 
28.032 101207.952 9.749 507.705 45.406 27.453 27.468 
28.062 101201.152 10.315 507.019 45.330 27.507 27.500 
28.087 101201.832 10.259 507.324 45.261 27.539 27.531 
28.093 101194.344 10.883 507.614 45.231 27.539 27.562 
28.105 101197.736 10.600 506.713 45.162 27.582 27.593 
28.105 101197.736 10.600 503.768 45.124 27.582 27.593 
28.117 101198.088 10.571 503.692 45.124 27.625 27.625 
28.117 101204.216 10.061 502.990 44.918 27.689 27.656 
28.105 101191.616 11.110 504.364 44.849 27.721 27.687 
28.129 101195.368 10.798 509.948 44.918 27.721 27.687 
28.141 101201.832 10.259 510.223 44.918 27.678 27.656 
28.153 101196.048 10.740 509.796 44.987 27.678 27.687 
28.166 101193.320 10.968 506.729 44.987 27.710 27.687 
28.178 101193.648 10.941 505.035 44.888 27.700 27.718 
28.172 101191.960 11.081 505.950 44.918 27.710 27.718 
28.196 101198.752 10.516 507.919 44.949 27.657 27.687 
28.214 101194.664 10.857 510.330 45.017 27.689 27.718 
28.232 101193.640 10.941 510.208 44.888 27.732 27.750 
28.275 101199.416 10.460 510.772 44.918 27.807 27.812 
28.251 101186.488 11.538 509.231 44.811 27.839 27.812 
28.263 101196.016 10.743 510.314 44.773 27.861 27.843 
28.220 101208.624 9.691 510.421 44.743 27.914 27.875 
28.238 101195.336 10.801 514.099 44.743 27.925 27.875 
28.238 101189.208 11.311 512.130 44.842 27.936 27.875 
28.263 101196.016 10.743 513.320 44.674 27.946 27.875 
28.293 101195.320 10.801 511.230 44.605 27.936 27.875 
28.287 101199.760 10.431 511.520 44.773 27.936 27.875 
28.311 101197.360 10.632 514.389 44.872 27.914 27.875 
28.305 101195.664 10.772 513.549 44.872 27.925 27.906 
28.281 101191.920 11.084 513.168 44.811 27.936 27.906 
28.299 101200.088 10.405 509.307 44.811 27.968 27.906 
28.329 101199.400 10.463 508.850 44.811 27.936 27.906 
28.348 101201.432 10.294 507.385 44.773 27.957 27.937 
28.323 101182.360 11.882 508.102 44.865 28.011 27.968 
28.354 101196.984 10.664 509.368 44.773 27.979 27.937 
28.451 101199.664 10.439 508.880 44.697 28.000 27.968 
28.487 101200.648 10.357 508.346 44.933 28.107 28.031 
28.542 101200.592 10.362 514.038 44.857 28.193 28.093 
28.554 101203.984 10.080 514.038 44.926 28.204 28.093 
28.614 101205.624 9.942 512.512 44.926 28.257 28.156 
28.639 101203.184 10.146 514.205 44.521 28.204 28.125 
28.723 101205.472 9.956 509.918 45.086 28.268 28.187 
28.748 101199.968 10.413 512.466 44.956 28.322 28.218 
28.711 101202.080 10.238 509.689 44.788 28.182 28.125 
28.729 101191.824 11.094 513.595 45.269 28.129 28.093 
28.741 101195.200 10.812 515.380 45.460 28.236 28.156 
28.741 101207.480 9.789 519.104 45.422 28.290 28.218 
28.808 101201.576 10.281 521.194 45.383 28.408 28.312 
28.844 101205.600 9.945 518.676 45.216 28.472 28.343 
28.893 101194.584 10.862 518.722 45.239 28.525 28.406 
28.905 101197.976 10.579 519.271 45.338 28.590 28.437 
28.881 101191.200 11.145 519.866 45.376 28.643 28.468 
28.869 101197.040 10.658 520.477 45.544 28.676 28.500 
28.869 101203.168 10.146 518.951 45.269 28.686 28.500 
28.905 101204.120 10.069 520.446 45.239 28.686 28.500 
28.893 101259.040 5.493 470.321 45.338 28.654 28.500 
28.917 101195.216 10.809 522.171 45.406 28.643 28.500 
28.953 101199.232 10.476 519.073 45.445 28.665 28.531 
28.983 101201.560 10.281 518.936 45.574 28.601 28.500 
29.020 101205.560 9.948 518.157 45.597 28.708 28.562 
29.026 101201.112 10.320 517.181 45.528 28.719 28.562 
29.050 101201.752 10.265 518.615 45.567 28.729 28.593 
29.074 101236.152 7.401 518.798 45.567 28.740 28.593 
29.110 101209.448 9.625 519.363 45.696 28.719 28.625 
29.134 101194.712 10.851 519.561 45.834 28.729 28.625 
29.171 101207.920 9.752 521.759 45.666 28.729 28.625 
29.237 101217.296 8.970 517.395 45.567 28.772 28.687 
29.267 101216.520 9.033 515.350 45.261 28.826 28.718 
29.279 101210.680 9.522 513.702 45.498 28.837 28.718 
29.279 101213.760 9.266 515.182 45.162 28.847 28.718 
29.297 101203.448 10.125 513.244 45.124 28.826 28.718 
29.303 101205.144 9.982 513.687 45.292 28.837 28.750 
29.316 101205.448 9.958 513.809 45.628 28.858 28.750 
29.316 101208.512 9.702 513.748 45.567 28.815 28.750 
29.334 101213.576 9.279 521.453 45.628 28.815 28.750 
29.316 101214.656 9.189 518.432 45.765 28.783 28.718 
29.328 101205.752 9.932 522.491 45.834 28.794 28.750 
29.346 101204.664 10.022 523.529 45.567 28.804 28.750 
29.382 101202.496 10.204 521.728 45.498 28.847 28.781 
29.394 101208.952 9.665 513.565 45.353 28.890 28.812 
29.394 101205.872 9.921 521.179 45.383 28.869 28.812 
29.412 101198.640 10.524 521.240 45.452 28.912 28.843 
29.436 101190.024 11.242 519.454 45.383 28.976 28.875 
29.460 101206.000 9.911 519.866 45.422 28.997 28.875 
29.460 101199.848 10.423 519.149 45.147 29.008 28.906 
29.460 101199.848 10.423 519.683 45.216 29.030 28.906 
29.490 101205.200 9.977 519.683 45.177 29.051 28.937 
29.472 101206.296 9.887 520.568 45.490 29.008 28.906 
29.460 101206.000 9.911 518.997 45.216 28.976 28.875 
29.496 101209.968 9.580 520.904 45.521 28.987 28.906 
29.490 101208.272 9.723 522.186 45.689 29.019 28.937 
29.496 101197.680 10.606 522.445 45.582 29.062 28.968 
29.533 101204.712 10.019 520.843 45.376 29.072 28.968 
29.533 101207.784 9.763 520.813 45.475 29.072 28.968 
29.533 101207.784 9.763 521.804 45.551 29.019 28.937 
29.557 101211.440 9.459 516.799 45.551 29.019 28.968 
29.551 101206.680 9.855 515.808 45.589 28.987 28.937 
29.569 101205.592 9.945 516.632 45.620 28.944 28.937 
29.593 101224.632 8.360 519.027 45.651 28.954 28.937 
29.605 101218.776 8.848 520.355 45.826 28.976 28.937 
29.617 101222.152 8.566 518.264 45.788 29.019 28.968 
29.599 101201.720 10.267 518.585 45.719 29.030 28.968 
29.581 101205.888 9.921 525.283 45.422 29.030 28.968 
29.587 101204.504 10.035 525.238 45.521 29.019 28.968 
29.581 101202.816 10.178 524.642 45.620 28.987 28.937 
29.581 101208.960 9.665 518.936 45.788 28.987 28.968 
29.605 101209.552 9.615 517.120 45.689 29.019 28.968 
29.605 101203.408 10.127 517.837 45.750 29.040 29.000 
29.617 101203.704 10.104 519.760 45.612 29.062 29.000 
29.653 101210.728 9.517 522.445 45.643 29.094 29.031 
29.677 101263.584 5.115 524.688 45.544 29.105 29.062 
29.677 101220.544 8.701 523.788 45.612 29.115 29.062 
29.689 101220.840 8.674 513.580 45.681 29.083 29.062 
29.689 101220.840 8.674 517.700 45.750 29.105 29.062 
29.683 101219.152 8.817 520.492 45.811 29.072 29.031 
29.671 101206.560 9.866 518.127 45.849 29.094 29.031 
29.671 101206.560 9.866 519.760 45.918 29.094 29.062 
29.653 101247.616 6.444 517.684 46.047 29.072 29.031 
29.665 101211.024 9.493 520.660 45.780 29.137 29.093 
29.701 101224.208 8.394 525.848 45.750 29.148 29.093 
29.707 101213.592 9.279 525.619 45.750 29.158 29.093 
29.701 101208.840 9.676 525.802 45.582 29.148 29.093 
29.725 101218.632 8.859 525.161 45.643 29.126 29.093 
29.725 101212.496 9.372 513.656 45.712 29.105 29.062 
29.719 101216.968 8.996 513.931 45.750 29.126 29.093 
29.725 101212.496 9.372 513.122 45.582 29.158 29.093 
29.707 101216.672 9.023 523.132 45.811 29.126 29.093 
29.701 101230.360 7.881 521.972 45.750 29.126 29.093 
29.677 101217.472 8.957 520.721 45.849 29.072 29.062 
29.719 101229.256 7.974 523.254 45.750 29.126 29.093 
29.737 101222.008 8.576 522.811 45.605 29.212 29.156 
29.756 101227.056 8.156 524.185 45.498 29.244 29.187 
29.768 101211.976 9.414 525.436 45.536 29.244 29.187 
29.762 101219.512 8.785 525.756 45.635 29.212 29.156 
29.768 101221.192 8.645 524.627 45.643 29.190 29.156 
29.798 101214.216 9.226 525.466 45.666 29.223 29.187 
29.798 101211.152 9.483 524.078 45.704 29.244 29.187 
29.792 101218.688 8.854 517.379 45.811 29.201 29.156 
29.816 101219.272 8.806 504.470 45.940 29.223 29.187 
29.822 101208.656 9.691 504.638 45.635 29.233 29.187 
29.810 101214.504 9.203 504.135 45.849 29.148 29.156 
29.840 101207.544 9.784 503.967 45.879 29.158 29.156 
29.846 101200.008 10.410 513.931 45.734 29.233 29.187 
29.840 101213.696 9.271 502.807 45.635 29.212 29.187 
29.822 101208.656 9.691 529.449 45.811 29.180 29.156 
29.834 101212.032 9.409 528.930 45.811 29.201 29.187 
29.852 101217.072 8.989 515.991 45.734 29.244 29.187 
29.864 101208.136 9.734 516.357 45.635 29.266 29.218 
29.864 101208.136 9.734 526.168 45.605 29.276 29.218 
29.894 101213.456 9.290 481.811 45.605 29.276 29.250 
29.900 101230.512 7.868 477.417 45.429 29.319 29.250 
29.882 101219.320 8.801 477.340 45.536 29.308 29.250 
29.858 101212.592 9.361 477.355 45.704 29.233 29.218 
29.870 101225.184 8.312 476.806 45.834 29.233 29.218 
29.870 101222.112 8.568 477.523 45.940 29.244 29.218 
29.870 101215.960 9.081 476.821 45.872 29.212 29.218 
29.876 101223.792 8.428 477.355 45.979 29.180 29.187 
29.888 101217.936 8.917 476.638 45.940 29.212 29.218 
29.918 101226.336 8.217 478.347 45.803 29.276 29.250 
29.924 101231.088 7.821 477.355 45.940 29.287 29.250 
29.906 101229.120 7.984 477.279 45.704 29.308 29.281 
29.924 101228.016 8.077 477.722 45.635 29.298 29.250 
29.942 101223.824 8.426 477.661 45.803 29.351 29.312 
29.948 101234.736 7.517 478.057 45.757 29.416 29.343 
29.966 101224.400 8.378 477.386 45.628 29.437 29.375 
29.960 101222.720 8.518 476.852 45.559 29.437 29.375 
29.960 101228.872 8.006 477.676 45.589 29.383 29.343 
29.948 101219.352 8.798 477.417 45.605 29.308 29.312 
29.942 101214.600 9.195 477.493 45.773 29.276 29.281 
29.948 101213.200 9.311 477.600 45.773 29.319 29.312 
29.954 101214.880 9.171 478.134 45.704 29.330 29.312 
29.954 101217.952 8.915 480.270 45.666 29.341 29.312 
29.972 101219.928 8.751 479.858 45.635 29.351 29.312 
29.996 101220.496 8.703 479.660 45.727 29.416 29.343 
29.990 101218.816 8.843 479.873 45.628 29.437 29.375 
29.996 101217.424 8.959 479.614 45.521 29.437 29.375 
29.972 101219.928 8.751 479.614 45.269 29.373 29.343 
29.966 101212.104 9.403 480.102 45.467 29.308 29.312 
29.948 101219.352 8.798 479.568 45.567 29.276 29.281 
29.942 101220.760 8.682 479.278 45.605 29.255 29.281 
29.948 101222.432 8.542 478.591 45.773 29.233 29.250 
29.954 101221.040 8.658 478.958 45.704 29.287 29.281 
29.966 101218.240 8.891 480.255 45.773 29.308 29.312 
29.966 101218.240 8.891 480.011 45.803 29.319 29.312 
29.960 101235.024 7.493 479.095 45.734 29.373 29.343 
29.990 101221.880 8.587 480.331 45.727 29.416 29.375 
30.002 101216.024 9.076 478.561 45.757 29.394 29.375 
30.008 101211.544 9.448 478.485 45.689 29.383 29.343 
29.996 101226.648 8.191 478.393 45.872 29.362 29.343 
30.002 101216.024 9.076 477.325 45.635 29.341 29.312 
30.008 101223.856 8.423 477.096 45.567 29.330 29.312 
30.014 101225.520 8.286 477.584 45.666 29.351 29.343 
30.038 101226.096 8.238 478.546 45.666 29.362 29.343 
30.002 101222.168 8.563 477.706 45.704 29.330 29.312 
29.984 101217.136 8.983 478.088 45.872 29.308 29.281 
30.008 101217.704 8.936 479.370 45.872 29.351 29.343 
29.984 101229.432 7.958 478.973 45.803 29.351 29.343 
29.966 101230.552 7.866 478.973 46.238 29.244 29.250 
29.966 101221.328 8.634 479.278 46.009 29.266 29.250 
29.954 101221.040 8.658 479.812 45.872 29.308 29.281 
29.984 101223.280 8.471 480.468 46.009 29.351 29.312 
29.996 101226.648 8.191 479.415 45.826 29.394 29.343 
30.008 101220.792 8.679 477.066 45.795 29.437 29.375 
29.990 101206.496 9.871 477.584 45.689 29.437 29.375 
30.008 101214.624 9.192 477.172 45.559 29.469 29.406 
30.026 101228.888 8.006 476.867 45.490 29.491 29.437 
30.038 101213.792 9.263 481.521 45.628 29.491 29.406 
30.038 101232.248 7.723 453.460 45.727 29.491 29.437 
30.002 101237.560 7.282 456.039 45.895 29.512 29.437 
29.942 101226.896 8.169 462.966 46.032 29.544 29.468 
29.930 101232.784 7.681 463.317 46.032 29.523 29.437 
29.942 101229.984 7.913 466.583 45.895 29.480 29.406 
29.906 101219.888 8.753 474.243 45.658 29.437 29.375 
29.888 101245.616 6.610 467.498 45.734 29.373 29.375 
29.858 101221.824 8.592 468.536 45.269 29.276 29.312 
29.822 101214.808 9.179 468.307 44.941 29.190 29.250 
29.798 101226.520 8.201 468.063 45.139 29.137 29.218 
29.768 101218.120 8.901 465.698 44.941 29.094 29.187 
29.743 101229.832 7.926 464.324 44.735 29.083 29.156 
29.701 101224.208 8.394 462.188 44.331 29.062 29.125 
29.659 101227.784 8.095 462.936 44.071 29.030 29.093 
29.617 101228.296 8.053 464.386 43.804 28.987 29.062 
29.581 101221.264 8.640 459.564 43.499 28.944 29.031 
29.545 101260.328 5.384 460.739 43.804 28.912 29.000 
29.484 101225.032 8.325 461.685 44.277 28.912 28.968 
29.448 101224.136 8.399 462.509 43.606 28.912 28.968 
29.430 101240.584 7.031 459.442 43.369 28.879 28.937 
29.364 101234.312 7.554 466.461 43.339 28.890 28.937 
29.279 101253.688 5.939 459.548 43.636 28.869 28.875 
29.225 101259.968 5.416 461.563 43.209 28.858 28.875 
29.177 101231.104 7.821 459.320 43.102 28.869 28.843 
29.062 101229.688 7.937 459.884 43.537 28.901 28.812 
29.038 101226.000 8.246 457.672 42.934 28.869 28.781 
28.929 101235.448 7.459 459.503 43.163 28.869 28.750 
