25.240 101026.072 24.916 167.999 46.818 25.426 25.156 
25.252 101041.384 23.640 167.373 46.749 25.426 25.187 
25.295 101024.224 25.069 165.481 46.749 25.426 25.187 
25.308 101015.944 25.762 156.356 46.719 25.426 25.187 
25.351 101016.464 25.719 161.666 46.719 25.426 25.187 
25.363 101014.088 25.918 161.254 46.726 25.426 25.187 
25.412 101019.296 25.482 162.124 46.726 25.415 25.187 
25.431 101015.720 25.780 162.033 46.825 25.415 25.218 
25.443 101007.440 26.472 161.529 46.925 25.415 25.218 
25.468 101038.048 23.917 163.162 46.993 25.415 25.218 
25.505 101048.568 23.040 165.069 46.993 25.415 25.218 
25.523 101012.568 26.044 164.764 47.062 25.415 25.250 
25.560 101017.192 25.659 164.779 47.092 25.415 25.250 
25.585 101006.520 26.549 164.596 47.062 25.415 25.281 
25.622 101025.904 24.929 172.668 46.993 25.426 25.312 
25.659 101030.512 24.546 164.154 46.948 25.426 25.312 
25.684 101013.936 25.928 165.802 46.886 25.426 25.343 
25.727 101020.288 25.400 166.809 46.818 25.469 25.375 
25.739 101020.848 25.352 163.482 46.680 25.533 25.406 
25.764 101016.056 25.754 167.663 46.581 25.555 25.437 
25.782 101044.904 23.344 170.684 46.482 25.555 25.437 
25.819 101058.352 22.224 164.840 46.482 25.587 25.468 
25.819 101017.072 25.667 167.129 46.444 25.630 25.500 
25.881 101031.608 24.454 167.999 46.444 25.630 25.531 
25.875 101032.824 24.353 162.841 46.345 25.716 25.593 
25.819 101028.864 24.684 169.708 46.078 25.780 25.625 
25.801 101020.664 25.368 169.693 45.933 25.791 25.625 
25.893 101082.312 20.223 169.891 45.864 25.855 25.687 
25.924 101026.160 24.908 169.845 45.635 25.930 25.750 
25.954 101058.504 22.210 169.967 45.521 26.016 25.812 
25.905 101065.168 21.656 167.663 45.292 26.091 25.843 
25.905 101009.128 26.330 170.089 45.254 26.102 25.875 
25.924 101023.208 25.157 170.715 45.216 26.177 25.906 
25.918 101003.768 26.779 167.144 45.147 26.209 25.937 
25.942 101072.704 21.027 168.914 45.048 26.209 25.937 
26.022 101015.792 25.775 169.403 45.147 26.220 25.968 
26.077 101019.696 25.450 165.649 45.177 26.230 26.000 
26.102 101044.384 23.389 165.557 45.048 26.262 26.031 
26.114 101009.520 26.298 163.223 45.048 26.252 26.031 
26.176 101074.208 20.900 164.962 45.078 26.252 26.062 
26.145 101018.240 25.569 163.558 45.147 26.305 26.062 
26.120 101017.168 25.659 164.016 45.071 26.316 26.062 
26.163 101017.584 25.624 163.436 44.971 26.359 26.125 
26.163 101023.488 25.133 163.696 45.071 26.402 26.156 
26.243 101031.408 24.472 163.192 44.926 26.509 26.250 
26.274 101016.504 25.714 162.643 44.964 26.541 26.281 
26.329 101020.400 25.389 163.070 44.857 26.531 26.281 
26.317 101016.920 25.680 162.445 44.994 26.584 26.312 
26.286 101014.112 25.915 162.536 44.727 26.606 26.312 
26.335 101016.232 25.738 162.338 44.758 26.627 26.343 
26.366 101022.016 25.254 163.497 44.720 26.659 26.375 
26.409 101022.384 25.225 164.657 44.613 26.681 26.406 
26.532 101009.960 26.261 1.052 44.682 26.681 26.437 
26.568 101011.528 26.129 0.930 44.750 26.734 26.500 
26.550 101024.040 25.085 171.981 44.514 26.777 26.500 
26.556 101013.976 25.925 171.020 44.384 26.831 26.531 
26.562 101015.704 25.783 170.623 44.407 26.852 26.562 
26.581 101020.928 25.344 170.120 44.369 26.863 26.562 
26.574 101048.728 23.027 169.570 44.338 26.895 26.593 
26.556 101028.736 24.694 169.876 44.270 26.895 26.593 
26.581 101029.792 24.607 174.316 44.270 26.895 26.593 
26.617 101031.368 24.475 174.835 44.239 26.938 26.625 
26.623 101047.872 23.098 175.964 44.369 26.938 26.625 
26.636 101021.816 25.273 175.537 44.239 26.960 26.656 
26.630 101052.560 22.707 174.880 44.239 26.970 26.656 
26.679 101033.984 24.256 175.033 44.270 26.992 26.687 
26.709 101030.856 24.517 174.453 44.209 26.992 26.687 
26.807 101029.128 24.662 174.911 44.132 27.013 26.750 
26.770 101024.600 25.038 174.331 44.132 27.024 26.750 
26.777 101026.328 24.895 174.255 44.064 27.067 26.781 
26.789 101023.904 25.098 174.621 44.025 27.088 26.781 
26.770 101033.472 24.298 174.636 43.995 27.088 26.781 
26.770 101033.472 24.298 173.736 43.896 27.099 26.781 
26.752 101022.336 25.228 172.927 43.896 27.099 26.781 
26.838 101028.936 24.678 172.256 43.797 27.121 26.812 
26.826 101019.536 25.463 170.135 44.025 27.142 26.843 
26.813 101036.760 24.026 175.170 44.064 27.142 26.843 
26.807 101035.032 24.168 173.019 43.896 27.142 26.812 
26.850 101029.456 24.633 172.470 43.995 27.163 26.843 
26.850 101029.456 24.633 174.774 43.896 27.174 26.875 
26.868 101037.616 23.952 173.889 43.987 27.185 26.875 
26.868 101034.664 24.200 174.087 43.919 27.196 26.875 
26.850 101026.496 24.882 174.087 43.880 27.206 26.875 
26.844 101027.696 24.781 174.026 43.987 27.228 26.875 
26.874 101042.304 23.561 174.652 43.850 27.238 26.906 
26.887 101033.952 24.258 174.133 43.987 27.238 26.906 
26.905 101024.384 25.059 172.760 44.018 27.260 26.906 
26.899 101031.504 24.464 172.653 43.987 27.260 26.906 
26.899 101031.504 24.464 175.308 43.987 27.281 26.937 
26.972 101043.472 23.466 173.217 43.919 27.281 26.968 
26.985 101091.288 19.476 173.400 43.987 27.314 27.000 
27.015 101034.912 24.179 172.988 43.919 27.335 27.000 
27.021 101030.736 24.528 174.331 43.987 27.346 27.031 
27.070 101035.736 24.110 175.109 43.903 27.378 27.062 
27.095 101036.760 24.026 175.933 43.842 27.399 27.093 
27.101 101038.488 23.880 175.949 43.842 27.421 27.093 
27.131 101038.272 23.899 175.079 43.774 27.453 27.125 
27.156 101036.328 24.060 174.850 43.674 27.485 27.156 
27.205 101035.408 24.137 174.392 43.705 27.485 27.187 
27.229 101042.328 23.561 175.216 43.606 27.517 27.218 
27.229 101042.328 23.561 175.643 43.591 27.539 27.218 
27.223 101037.640 23.952 175.216 43.591 27.528 27.218 
27.217 101030.000 24.589 175.827 43.629 27.539 27.250 
27.217 101035.912 24.094 174.606 43.629 27.539 27.218 
27.217 101038.872 23.849 175.781 43.591 27.528 27.218 
27.205 101041.328 23.643 174.423 43.560 27.528 27.218 
27.205 101041.328 23.643 174.209 43.591 27.528 27.218 
27.198 101042.552 23.542 173.995 43.629 27.528 27.218 
27.174 101047.448 23.133 173.980 43.697 27.528 27.218 
27.217 101041.832 23.600 174.057 43.697 27.539 27.218 
27.205 101047.240 23.151 174.545 43.629 27.539 27.218 
27.241 101039.864 23.764 175.842 43.697 27.550 27.250 
27.253 101037.432 23.968 176.467 43.629 27.560 27.250 
27.253 101043.336 23.476 175.933 43.591 27.571 27.250 
27.253 101043.336 23.476 175.170 43.591 27.571 27.250 
27.247 101035.696 24.113 174.392 43.591 27.571 27.250 
27.253 101037.432 23.968 174.331 43.591 27.582 27.250 
27.253 101049.264 22.982 174.835 43.591 27.582 27.250 
27.266 101040.880 23.680 175.918 43.591 27.582 27.281 
27.253 101043.336 23.476 175.628 43.629 27.603 27.281 
27.259 101045.064 23.331 175.628 43.659 27.603 27.281 
27.278 101038.432 23.886 175.201 43.659 27.603 27.281 
27.302 101039.440 23.801 174.789 43.629 27.625 27.312 
27.314 101036.968 24.007 175.903 43.591 27.646 27.312 
27.357 101046.136 23.241 175.643 43.629 27.646 27.343 
27.381 101044.168 23.407 176.376 43.591 27.667 27.343 
27.388 101031.104 24.496 176.849 43.613 27.700 27.375 
27.381 101044.168 23.407 176.528 43.613 27.710 27.375 
27.418 101051.584 22.786 175.796 43.583 27.700 27.375 
27.436 101041.984 23.590 177.536 43.613 27.721 27.406 
27.449 101039.512 23.796 177.734 43.613 27.743 27.406 
27.461 101037.056 23.999 178.451 43.583 27.753 27.437 
27.461 101037.056 23.999 176.986 43.484 27.753 27.437 
27.473 101037.552 23.960 177.200 43.484 27.775 27.437 
27.503 101043.232 23.484 175.720 43.613 27.785 27.468 
27.485 101038.056 23.917 176.345 43.583 27.796 27.468 
27.540 101041.760 23.608 175.781 43.613 27.818 27.500 
27.534 101045.960 23.257 176.086 43.613 27.828 27.500 
27.534 101045.960 23.257 176.544 43.552 27.818 27.500 
27.540 101032.872 24.348 175.872 43.552 27.839 27.531 
27.540 101041.760 23.608 175.552 43.484 27.839 27.531 
27.552 101045.224 23.318 177.566 43.552 27.850 27.531 
27.558 101041.008 23.669 175.842 43.476 27.882 27.562 
27.558 101038.056 23.917 176.513 43.507 27.903 27.562 
27.570 101050.400 22.887 176.589 43.606 27.903 27.562 
27.583 101036.088 24.081 176.651 43.705 27.925 27.593 
27.631 101052.848 22.681 175.231 43.842 27.946 27.593 
27.644 101035.576 24.123 175.186 43.873 27.968 27.625 
27.686 101041.760 23.608 175.735 43.911 28.000 27.656 
27.723 101034.328 24.227 176.101 43.911 28.011 27.687 
27.765 101028.632 24.702 176.895 43.964 28.054 27.718 
27.796 101043.176 23.489 177.307 43.896 28.086 27.750 
27.814 101045.416 23.302 177.871 43.964 28.107 27.781 
27.826 101045.872 23.265 178.817 44.033 28.139 27.812 
27.851 101052.776 22.689 177.734 43.934 28.161 27.812 
27.887 101048.312 23.061 177.719 43.964 28.204 27.843 
27.911 101043.344 23.476 177.764 43.919 28.214 27.875 
27.905 101062.360 21.888 177.337 44.018 28.214 27.875 
27.936 101044.296 23.394 177.597 43.987 28.214 27.906 
27.942 101043.072 23.497 177.688 43.987 28.225 27.906 
27.954 101040.584 23.706 177.398 44.056 28.236 27.906 
27.997 101046.720 23.193 177.200 43.987 28.290 27.968 
28.045 101039.736 23.777 178.451 43.987 28.300 28.000 
28.069 101046.624 23.201 177.398 43.888 28.343 28.000 
28.063 101044.904 23.344 176.879 43.957 28.343 28.031 
28.069 101037.736 23.944 176.544 43.957 28.375 28.062 
28.112 101049.776 22.940 177.322 43.980 28.397 28.062 
28.142 101055.416 22.469 177.459 44.079 28.397 28.093 
28.167 101059.320 22.142 176.635 44.277 28.418 28.093 
28.161 101048.712 23.027 177.230 44.178 28.429 28.093 
28.167 101044.496 23.378 176.925 44.277 28.440 28.125 
28.167 101053.400 22.636 177.078 44.148 28.450 28.125 
28.179 101056.848 22.348 176.834 44.148 28.440 28.125 
28.173 101061.048 21.999 176.376 44.247 28.450 28.125 
28.148 101048.240 23.067 177.062 44.277 28.440 28.125 
28.142 101046.520 23.209 175.964 44.346 28.440 28.125 
28.124 101053.224 22.652 175.827 44.315 28.440 28.125 
28.130 101043.088 23.497 176.086 44.277 28.450 28.125 
28.155 101058.848 22.181 176.757 44.315 28.450 28.125 
28.179 101047.960 23.090 175.064 44.315 28.440 28.125 
28.185 101046.712 23.193 177.108 44.346 28.461 28.156 
28.167 101053.400 22.636 176.345 44.346 28.461 28.156 
28.173 101046.224 23.236 178.253 44.415 28.461 28.156 
28.179 101053.888 22.596 178.466 44.514 28.483 28.156 
28.155 101047.000 23.170 179.122 44.514 28.472 28.156 
28.191 101054.352 22.557 177.948 44.514 28.472 28.156 
28.203 101054.832 22.517 177.352 44.514 28.483 28.156 
28.221 101045.160 23.323 176.727 44.582 28.504 28.187 
28.240 101056.240 22.398 177.307 44.514 28.515 28.187 
28.252 101059.680 22.113 177.795 44.445 28.536 28.218 
28.233 101048.600 23.037 178.771 44.483 28.536 28.218 
28.233 101057.504 22.295 178.161 44.483 28.525 28.218 
28.240 101050.320 22.892 178.115 44.552 28.536 28.218 
28.276 101048.768 23.022 179.107 44.506 28.568 28.250 
28.312 101047.200 23.154 177.200 44.605 28.579 28.250 
28.325 101044.712 23.360 179.595 44.582 28.547 28.250 
28.331 101046.440 23.217 180.328 44.575 28.601 28.281 
28.337 101071.864 21.095 179.946 44.575 28.611 28.281 
28.337 101057.040 22.332 179.229 44.575 28.611 28.281 
28.355 101059.240 22.150 177.673 44.605 28.643 28.312 
28.367 101050.816 22.853 176.300 44.605 28.654 28.312 
28.379 101054.240 22.567 177.169 44.575 28.665 28.312 
28.373 101049.560 22.956 178.649 44.575 28.676 28.343 
28.361 101052.064 22.747 178.985 44.643 28.676 28.312 
28.349 101051.584 22.786 177.673 44.643 28.676 28.343 
28.373 101058.464 22.213 176.940 44.537 28.676 28.343 
28.373 101058.464 22.213 180.892 44.506 28.686 28.343 
28.416 101058.616 22.200 179.840 44.643 28.676 28.343 
28.409 101062.824 21.851 179.946 44.605 28.686 28.343 
28.422 101069.216 21.317 178.588 44.712 28.686 28.375 
28.434 101060.800 22.018 177.780 44.712 28.708 28.375 
28.409 101050.960 22.839 177.368 44.643 28.708 28.375 
28.379 101051.264 22.813 179.672 44.575 28.708 28.375 
28.416 101058.616 22.200 178.527 44.605 28.719 28.375 
28.409 101059.848 22.097 180.709 44.643 28.719 28.375 
28.422 101051.424 22.802 177.658 44.575 28.719 28.375 
28.452 101057.040 22.332 178.451 44.605 28.719 28.406 
28.446 101064.224 21.732 179.046 44.643 28.729 28.406 
28.470 101068.136 21.407 178.695 44.605 28.740 28.406 
28.434 101048.936 23.008 178.558 44.712 28.740 28.406 
28.428 101059.088 22.163 177.566 44.643 28.740 28.406 
28.446 101064.224 21.732 178.527 44.796 28.751 28.406 
28.446 101064.224 21.732 178.588 44.712 28.740 28.406 
28.464 101060.480 22.047 178.543 44.712 28.740 28.406 
28.446 101064.224 21.732 179.168 44.712 28.740 28.406 
28.434 101051.904 22.760 180.084 44.712 28.740 28.406 
28.422 101060.320 22.060 178.573 44.773 28.729 28.406 
28.434 101063.768 21.772 176.345 44.773 28.740 28.406 
28.446 101061.264 21.981 177.368 44.773 28.751 28.406 
28.434 101066.736 21.523 176.864 44.865 28.761 28.406 
28.446 101070.168 21.235 179.214 44.865 28.772 28.406 
28.482 101071.560 21.122 179.290 44.865 28.772 28.437 
28.494 101063.128 21.825 179.000 44.865 28.783 28.437 
28.500 101061.872 21.930 179.962 44.796 28.783 28.468 
28.525 101065.776 21.603 179.138 44.964 28.761 28.437 
28.525 101053.912 22.594 179.885 44.865 28.783 28.468 
28.525 101074.672 20.860 179.031 44.964 28.815 28.468 
28.543 101067.936 21.423 179.504 44.865 28.815 28.468 
28.507 101066.552 21.539 178.817 44.903 28.826 28.468 
28.525 101071.704 21.109 177.307 44.865 28.826 28.468 
28.525 101059.832 22.099 178.894 44.796 28.837 28.500 
28.537 101057.328 22.308 175.369 44.834 28.837 28.500 
28.567 101065.904 21.592 174.667 44.796 28.826 28.500 
28.555 101065.432 21.632 175.247 44.796 28.837 28.500 
28.543 101059.048 22.166 178.115 44.865 28.837 28.500 
28.549 101066.704 21.526 177.261 44.903 28.837 28.500 
28.531 101067.488 21.460 181.411 45.002 28.837 28.500 
28.555 101062.472 21.880 180.755 45.002 28.837 28.500 
28.543 101067.936 21.423 180.908 44.903 28.847 28.500 
28.543 101064.976 21.669 178.009 44.865 28.826 28.500 
28.543 101076.832 20.681 181.961 44.865 28.837 28.500 
28.537 101072.168 21.072 168.426 44.834 28.847 28.500 
28.531 101064.512 21.708 166.717 44.865 28.847 28.500 
28.561 101073.096 20.992 166.458 44.903 28.858 28.531 
28.597 101071.504 21.127 166.442 45.033 28.869 28.531 
28.616 101067.744 21.439 166.534 44.964 28.901 28.562 
28.597 101071.504 21.127 168.167 44.834 28.901 28.562 
28.585 101065.112 21.658 167.526 44.865 28.901 28.562 
