25.002 102133.560 -67.097 294.998 44.544 25.394 25.062 
25.002 102120.832 -66.046 291.198 44.506 25.394 25.062 
25.002 102133.560 -67.097 282.424 44.476 25.404 25.062 
25.033 102120.128 -65.988 285.919 44.445 25.437 25.093 
25.058 102127.184 -66.574 281.662 44.445 25.426 25.093 
25.096 102125.064 -66.395 277.008 44.445 25.394 25.093 
25.145 102132.840 -67.039 283.172 44.476 25.383 25.125 
25.170 102114.408 -65.512 282.913 44.506 25.404 25.156 
25.220 102128.544 -66.685 287.139 44.506 25.437 25.156 
25.251 102131.000 -66.886 284.027 44.544 25.437 25.187 
25.264 102128.168 -66.654 290.420 44.590 25.362 25.156 
25.295 102124.240 -66.331 290.954 44.689 25.351 25.187 
25.307 102127.784 -66.622 292.816 44.788 25.329 25.187 
25.345 102116.072 -65.655 284.637 44.857 25.329 25.187 
25.388 102125.224 -66.410 290.176 44.857 25.308 25.187 
25.407 102124.144 -66.321 289.291 44.857 25.297 25.218 
25.432 102118.448 -65.850 289.840 44.857 25.340 25.250 
25.482 102129.360 -66.754 291.107 44.811 25.404 25.281 
25.531 102121.152 -66.072 290.740 44.674 25.490 25.343 
25.556 102121.816 -66.125 290.466 44.605 25.533 25.375 
25.593 102132.376 -67.002 290.542 44.575 25.533 25.375 
25.618 102126.664 -66.527 290.527 44.544 25.533 25.406 
25.643 102127.336 -66.585 290.679 44.544 25.533 25.406 
25.656 102130.840 -66.875 291.366 44.544 25.533 25.406 
25.668 102131.184 -66.902 291.610 44.544 25.533 25.437 
25.705 102125.808 -66.458 291.076 44.605 25.533 25.437 
25.699 102124.040 -66.310 290.557 44.674 25.533 25.437 
25.718 102113.376 -65.427 285.095 44.674 25.533 25.437 
25.736 102128.216 -66.659 287.170 44.773 25.533 25.437 
25.749 102125.360 -66.421 288.375 44.872 25.490 25.468 
25.767 102130.624 -66.854 289.093 44.872 25.533 25.468 
25.774 102113.256 -65.422 288.467 44.872 25.533 25.500 
25.767 102117.872 -65.803 288.330 44.872 25.533 25.500 
25.724 102118.312 -65.840 288.101 44.941 25.533 25.531 
25.724 102111.944 -65.311 288.314 44.811 25.533 25.531 
25.724 102118.312 -65.840 287.994 44.743 25.533 25.562 
25.730 102107.328 -64.931 288.589 44.674 25.533 25.562 
25.761 102122.496 -66.183 289.184 44.773 25.533 25.562 
25.780 102121.392 -66.093 288.803 44.811 25.533 25.562 
25.780 102111.824 -65.301 289.077 44.796 25.544 25.593 
25.811 102114.232 -65.501 288.650 44.666 25.544 25.593 
25.817 102122.376 -66.173 287.811 44.697 25.544 25.625 
25.842 102107.080 -64.910 283.218 44.636 25.565 25.625 
25.854 102107.400 -64.936 285.400 44.567 25.587 25.625 
25.854 102123.352 -66.257 286.392 44.537 25.630 25.656 
25.867 102133.240 -67.071 282.745 44.498 25.662 25.687 
25.854 102110.584 -65.200 286.193 44.468 25.683 25.687 
25.879 102111.232 -65.253 285.705 44.468 25.683 25.687 
25.904 102111.880 -65.306 285.705 44.498 25.673 25.718 
25.904 102118.264 -65.834 285.949 44.468 25.673 25.718 
25.929 102102.952 -64.566 285.751 44.468 25.673 25.718 
25.929 102118.896 -65.887 285.842 44.537 25.716 25.750 
25.923 102113.960 -65.475 285.797 44.659 25.758 25.781 
25.929 102109.328 -65.095 285.842 44.559 25.780 25.781 
25.941 102106.472 -64.857 285.430 44.491 25.791 25.781 
25.954 102103.592 -64.619 285.476 44.354 25.801 25.812 
25.966 102100.736 -64.381 285.629 44.354 25.801 25.812 
25.991 102110.928 -65.227 285.827 44.354 25.780 25.812 
25.997 102125.464 -66.432 285.491 44.354 25.758 25.812 
26.009 102103.440 -64.608 285.781 44.354 25.758 25.781 
26.016 102102.000 -64.487 285.781 44.323 25.758 25.812 
26.040 102105.832 -64.804 286.132 44.155 25.758 25.812 
26.065 102106.464 -64.857 284.652 44.064 25.726 25.812 
26.065 102100.080 -64.328 286.087 44.201 25.726 25.812 
26.078 102097.208 -64.090 285.919 44.254 25.748 25.843 
26.078 102103.592 -64.619 285.842 44.323 25.801 25.875 
26.090 102113.488 -65.438 285.614 44.323 25.823 25.875 
26.090 102100.720 -64.381 286.041 44.254 25.855 25.906 
26.078 102109.976 -65.147 285.217 44.216 25.909 25.906 
26.102 102104.224 -64.672 279.190 44.193 25.909 25.906 
26.115 102101.352 -64.434 280.471 44.354 25.919 25.937 
26.127 102098.472 -64.196 280.456 44.247 25.941 25.937 
26.121 102106.296 -64.846 284.942 44.384 25.994 25.968 
26.084 102105.352 -64.767 287.231 44.018 26.069 26.000 
26.102 102107.416 -64.936 284.790 43.903 26.102 26.031 
26.102 102097.840 -64.143 282.104 43.934 26.134 26.031 
26.170 102097.976 -64.154 282.333 44.117 26.059 26.000 
26.201 102097.160 -64.085 281.646 44.117 26.005 26.000 
26.239 102104.480 -64.693 286.895 44.048 26.005 26.000 
26.245 102106.232 -64.841 286.911 44.384 26.027 26.031 
26.251 102095.208 -63.927 287.261 44.384 26.037 26.062 
26.239 102098.096 -64.164 287.460 44.506 26.102 26.093 
26.251 102098.408 -64.191 287.155 44.704 26.123 26.093 
26.276 102102.208 -64.508 285.110 44.468 26.134 26.125 
26.313 102112.736 -65.375 284.362 44.270 26.166 26.125 
26.319 102101.704 -64.466 285.675 44.201 26.134 26.125 
26.325 102109.832 -65.137 287.567 43.972 26.166 26.156 
26.338 102106.952 -64.899 285.446 43.736 26.166 26.156 
26.356 102096.240 -64.011 286.010 43.903 26.112 26.125 
26.400 102098.904 -64.233 284.454 43.903 26.123 26.156 
26.424 102099.504 -64.281 285.232 43.873 26.155 26.156 
26.474 102107.128 -64.910 288.131 43.774 26.177 26.187 
26.505 102106.280 -64.841 284.805 43.804 26.187 26.218 
26.523 102101.936 -64.482 285.797 43.728 26.252 26.250 
26.560 102106.040 -64.825 285.278 43.827 26.273 26.281 
26.597 102110.136 -65.163 285.171 43.690 26.305 26.312 
26.579 102104.888 -64.725 285.141 43.690 26.316 26.312 
26.585 102113.024 -65.401 289.154 43.797 26.338 26.343 
26.597 102106.928 -64.894 288.375 43.827 26.316 26.312 
26.634 102111.024 -65.237 283.615 43.758 26.359 26.375 
26.597 102110.136 -65.163 288.162 43.713 26.434 26.406 
26.647 102108.136 -64.994 287.506 43.613 26.456 26.406 
26.696 102106.120 -64.830 287.841 43.613 26.477 26.437 
26.678 102110.472 -65.190 285.797 43.682 26.477 26.468 
26.647 102104.936 -64.730 285.537 43.613 26.531 26.468 
26.659 102102.040 -64.492 285.980 43.751 26.498 26.468 
26.653 102106.680 -64.878 285.949 43.682 26.541 26.500 
26.641 102090.408 -63.530 287.475 43.713 26.531 26.500 
26.641 102096.800 -64.059 287.384 43.613 26.563 26.500 
26.647 102098.544 -64.201 287.857 43.652 26.552 26.500 
26.684 102102.624 -64.540 288.238 43.751 26.520 26.500 
26.690 102091.592 -63.625 287.963 43.819 26.563 26.531 
26.678 102094.488 -63.869 288.024 43.911 26.616 26.531 
26.696 102099.728 -64.302 288.436 43.842 26.616 26.531 
26.696 102099.728 -64.302 288.604 43.842 26.627 26.562 
26.684 102099.440 -64.275 288.589 43.804 26.638 26.562 
26.678 102097.688 -64.133 288.360 43.842 26.659 26.562 
26.733 102091.024 -63.578 288.208 43.842 26.649 26.562 
26.696 102102.928 -64.566 288.177 43.972 26.659 26.593 
26.690 102097.984 -64.154 288.894 43.842 26.702 26.593 
26.696 102096.536 -64.038 287.796 43.873 26.691 26.593 
26.752 102112.248 -65.338 288.391 43.804 26.724 26.625 
26.758 102110.792 -65.216 288.711 44.010 26.670 26.593 
26.789 102106.736 -64.878 288.925 43.972 26.659 26.593 
26.850 102092.200 -63.678 289.138 44.140 26.659 26.625 
26.894 102098.016 -64.159 288.772 44.140 26.659 26.625 
26.931 102108.480 -65.026 290.008 43.972 26.734 26.687 
26.937 102110.216 -65.169 290.557 44.010 26.734 26.687 
26.937 102103.824 -64.640 290.771 44.140 26.681 26.656 
26.968 102099.736 -64.302 290.740 44.338 26.681 26.656 
26.992 102106.712 -64.878 289.840 44.277 26.734 26.687 
27.035 102112.504 -65.359 290.313 44.132 26.777 26.750 
27.054 102111.328 -65.258 290.588 44.163 26.777 26.750 
27.054 102114.528 -65.528 290.039 44.094 26.831 26.781 
27.029 102110.760 -65.211 290.145 43.995 26.863 26.781 
27.017 102107.264 -64.925 290.664 44.094 26.831 26.781 
27.091 102108.984 -65.068 290.313 44.064 26.874 26.812 
27.109 102111.000 -65.232 290.191 44.361 26.831 26.781 
27.116 102106.336 -64.846 290.328 44.544 26.745 26.750 
27.134 102111.568 -65.280 290.802 44.613 26.734 26.750 
27.146 102108.648 -65.036 291.137 44.476 26.767 26.781 
27.159 102096.128 -64.001 290.557 44.498 26.799 26.781 
27.165 102110.664 -65.206 291.610 44.628 26.777 26.781 
27.183 102103.080 -64.577 291.168 44.712 26.734 26.750 
27.189 102108.032 -64.989 290.740 44.910 26.713 26.750 
27.208 102097.248 -64.096 291.061 44.697 26.767 26.781 
27.220 102103.920 -64.645 290.985 44.498 26.831 26.843 
27.214 102102.184 -64.503 291.442 44.498 26.842 26.843 
27.239 102105.936 -64.814 291.641 44.399 26.917 26.875 
27.239 102093.144 -63.758 290.084 44.254 26.938 26.906 
27.263 102090.496 -63.536 291.183 44.254 26.938 26.906 
27.233 102094.608 -63.879 291.549 44.086 26.970 26.968 
27.251 102096.624 -64.043 291.564 44.086 27.013 26.968 
27.288 102100.648 -64.376 290.786 44.048 27.024 27.000 
27.306 102086.664 -63.219 291.351 44.186 27.003 27.000 
27.337 102108.152 -64.999 290.512 44.323 27.003 27.000 
27.331 102096.808 -64.059 287.551 44.186 27.013 27.000 
27.343 102097.088 -64.080 291.183 44.117 27.013 27.031 
27.343 102090.688 -63.551 291.625 44.186 27.024 27.031 
27.362 102092.696 -63.721 285.705 44.521 26.938 26.968 
27.362 102086.296 -63.187 291.397 44.521 26.938 26.968 
27.393 102085.392 -63.113 289.184 44.521 26.970 27.000 
27.411 102093.792 -63.810 288.040 44.384 27.013 27.031 
27.386 102096.448 -64.027 291.549 44.285 27.045 27.031 
27.411 102103.384 -64.603 288.833 44.155 27.078 27.062 
27.393 102091.784 -63.641 290.527 44.155 27.078 27.062 
27.442 102099.264 -64.265 292.144 44.224 27.110 27.093 
27.423 102097.264 -64.096 292.678 44.422 27.045 27.062 
27.423 102087.656 -63.303 287.063 44.491 27.003 27.031 
27.417 102101.920 -64.482 292.526 44.521 26.949 27.000 
27.429 102089.400 -63.446 292.556 44.521 26.949 27.000 
27.393 102085.392 -63.113 292.312 44.224 27.067 27.062 
27.313 102069.200 -61.776 292.709 44.117 27.121 27.093 
27.331 102084.008 -63.002 291.778 44.048 27.110 27.093 
27.386 102090.048 -63.499 292.099 44.086 27.099 27.093 
27.436 102094.328 -63.853 291.564 44.071 27.153 27.125 
27.417 102082.712 -62.891 291.854 44.247 27.185 27.156 
27.362 102079.888 -62.658 287.338 44.071 27.217 27.156 
27.350 102086.032 -63.166 291.076 44.041 27.217 27.156 
27.362 102089.504 -63.456 291.168 44.140 27.163 27.125 
27.386 102096.448 -64.027 291.687 44.308 27.131 27.125 
27.393 102078.976 -62.584 291.519 44.209 27.185 27.156 
27.423 102094.056 -63.832 287.429 44.407 27.142 27.125 
27.448 102081.800 -62.817 292.297 44.514 27.131 27.125 
27.485 102085.808 -63.150 289.108 44.476 27.121 27.125 
27.485 102085.808 -63.150 293.121 44.277 27.174 27.156 
27.448 102088.192 -63.345 289.398 44.209 27.174 27.187 
27.473 102088.744 -63.393 293.334 44.247 27.163 27.187 
27.454 102089.928 -63.488 293.304 44.178 27.196 27.187 
27.454 102093.136 -63.752 293.441 44.209 27.185 27.187 
27.485 102092.200 -63.678 293.792 44.178 27.206 27.187 
27.509 102089.544 -63.456 294.174 44.209 27.228 27.218 
27.546 102090.352 -63.525 293.823 44.277 27.249 27.218 
27.571 102087.672 -63.303 293.624 44.140 27.271 27.250 
27.522 102096.200 -64.006 293.273 44.102 27.324 27.281 
27.448 102088.192 -63.345 292.831 44.064 27.335 27.281 
27.448 102085.008 -63.081 292.587 44.003 27.367 27.281 
27.429 102089.400 -63.446 292.572 44.003 27.389 27.281 
27.436 102094.328 -63.853 292.037 44.109 27.292 27.218 
27.473 102085.544 -63.129 292.724 44.407 27.238 27.218 
27.497 102089.280 -63.435 286.743 44.376 27.260 27.218 
27.509 102092.752 -63.721 290.786 44.277 27.271 27.250 
27.546 102090.352 -63.525 292.968 44.231 27.303 27.250 
27.559 102087.416 -63.282 288.284 44.132 27.399 27.312 
27.595 102088.208 -63.345 287.261 44.270 27.399 27.312 
27.608 102078.856 -62.574 293.884 44.338 27.399 27.312 
27.626 102087.264 -63.271 287.689 44.399 27.356 27.312 
27.626 102080.864 -62.738 290.588 44.537 27.292 27.281 
27.583 102075.144 -62.267 289.123 44.270 27.346 27.312 
27.583 102078.336 -62.532 289.749 44.270 27.335 27.312 
27.552 102082.472 -62.870 287.384 44.537 27.399 27.312 
27.534 102074.072 -62.177 286.788 44.537 27.346 27.312 
27.509 102073.536 -62.135 287.307 44.567 27.356 27.312 
27.509 102079.936 -62.664 287.048 44.468 27.399 27.312 
27.509 102076.736 -62.399 286.972 44.399 27.367 27.312 
27.503 102084.616 -63.049 287.307 44.834 27.356 27.312 
27.522 102077.008 -62.421 288.986 44.735 27.346 27.281 
27.565 102082.744 -62.896 289.138 44.567 27.378 27.312 
27.608 102085.272 -63.102 287.963 44.537 27.367 27.312 
27.638 102074.728 -62.230 290.023 44.537 27.389 27.343 
27.657 102076.712 -62.394 291.046 44.468 27.399 27.375 
27.663 102078.464 -62.542 290.863 44.537 27.410 27.375 
27.669 102080.184 -62.685 293.609 44.369 27.442 27.406 
27.681 102077.248 -62.442 293.502 44.399 27.399 27.406 
27.645 102076.464 -62.373 286.666 44.300 27.432 27.406 
27.657 102076.712 -62.394 291.427 44.338 27.453 27.406 
27.638 102074.728 -62.230 293.182 44.399 27.453 27.406 
27.657 102089.520 -63.456 293.960 44.437 27.399 27.406 
27.663 102084.864 -63.071 293.441 44.537 27.399 27.375 
27.638 102100.352 -64.355 294.570 44.369 27.442 27.406 
27.608 102082.072 -62.838 292.724 44.354 27.453 27.406 
27.638 102077.928 -62.495 292.388 44.338 27.410 27.406 
27.651 102100.616 -64.376 291.961 44.399 27.442 27.406 
27.632 102079.392 -62.616 292.236 44.354 27.474 27.437 
27.632 102079.392 -62.616 285.705 44.323 27.474 27.437 
27.681 102080.456 -62.706 294.326 44.231 27.432 27.406 
27.688 102088.584 -63.377 295.669 44.338 27.399 27.406 
27.700 102088.848 -63.404 288.970 44.537 27.399 27.375 
27.731 102091.112 -63.588 293.396 44.704 27.335 27.343 
27.663 102091.264 -63.599 287.567 44.537 27.421 27.406 
27.638 102084.328 -63.028 293.350 44.567 27.432 27.406 
27.663 102088.064 -63.335 293.884 44.567 27.399 27.375 
27.675 102088.320 -63.356 293.838 44.567 27.399 27.375 
27.712 102095.512 -63.953 292.678 44.498 27.399 27.406 
27.718 102094.048 -63.832 289.245 44.300 27.442 27.437 
27.718 102084.440 -63.034 289.489 44.323 27.485 27.468 
27.706 102077.784 -62.484 293.762 44.392 27.485 27.468 
27.724 102082.960 -62.912 289.001 44.254 27.496 27.468 
27.718 102087.640 -63.298 292.526 44.498 27.453 27.437 
27.755 102098.032 -64.159 292.388 44.636 27.432 27.437 
27.774 102090.416 -63.530 287.643 44.567 27.442 27.437 
27.786 102097.088 -64.080 289.779 44.453 27.507 27.468 
27.724 102095.768 -63.974 292.297 44.491 27.550 27.500 
27.731 102097.512 -64.117 292.800 44.521 27.517 27.468 
27.737 102092.840 -63.731 293.243 44.559 27.496 27.468 
27.780 102088.944 -63.409 292.907 44.590 27.507 27.468 
27.743 102107.376 -64.931 292.831 44.567 27.464 27.468 
27.700 102098.456 -64.196 294.204 44.590 27.517 27.468 
27.718 102087.640 -63.298 294.616 44.453 27.528 27.468 
27.737 102092.840 -63.731 294.433 44.521 27.550 27.500 
27.724 102089.368 -63.441 292.541 44.392 27.571 27.500 
27.755 102094.832 -63.895 294.433 44.323 27.571 27.500 
27.780 102098.552 -64.201 294.143 44.323 27.560 27.531 
27.804 102089.464 -63.451 293.197 44.392 27.550 27.531 
27.829 102099.584 -64.286 292.739 44.590 27.517 27.500 
27.829 102093.184 -63.758 293.396 44.590 27.539 27.531 
27.853 102093.696 -63.800 293.701 44.521 27.560 27.531 
27.853 102090.488 -63.536 293.701 44.521 27.560 27.531 
27.866 102100.360 -64.355 293.640 44.521 27.592 27.562 
27.835 102094.904 -63.900 294.158 44.453 27.603 27.562 
27.847 102088.768 -63.393 293.807 44.422 27.614 27.593 
27.866 102103.552 -64.619 293.838 44.354 27.614 27.593 
27.872 102092.488 -63.699 294.387 44.453 27.582 27.562 
27.859 102095.432 -63.943 293.884 44.590 27.528 27.531 
27.872 102098.880 -64.228 294.189 44.521 27.582 27.562 
27.872 102095.680 -63.964 293.762 44.491 27.571 27.562 
27.884 102095.928 -63.985 294.219 44.559 27.560 27.562 
27.890 102104.080 -64.661 294.082 44.559 27.550 27.562 
27.921 102106.312 -64.846 294.296 44.559 27.571 27.562 
27.853 102103.304 -64.598 288.345 44.559 27.635 27.593 
27.853 102093.696 -63.800 274.566 44.590 27.582 27.562 
27.878 102087.800 -63.314 274.765 45.025 27.582 27.562 
27.896 102096.184 -64.006 275.238 44.956 27.571 27.593 
27.841 102109.464 -65.105 274.703 44.712 27.635 27.593 
27.823 102104.264 -64.677 273.895 44.849 27.646 27.593 
27.853 102096.896 -64.064 275.146 44.895 27.571 27.562 
27.853 102100.096 -64.328 275.299 45.025 27.474 27.500 
27.829 102083.568 -62.965 271.881 45.002 27.432 27.500 
