25.166 102143.040 -67.885 444.442 46.566 25.169 24.906 
25.191 102131.808 -66.955 442.428 45.864 25.169 24.937 
25.215 102144.880 -68.038 443.725 45.666 25.158 24.937 
25.234 102147.096 -68.218 440.750 45.597 25.147 24.968 
25.265 102143.680 -67.938 440.780 45.567 25.126 24.937 
25.295 102134.160 -67.150 441.848 45.498 25.093 24.937 
25.326 102145.968 -68.128 448.684 45.467 25.104 24.968 
25.339 102134.240 -67.156 449.523 45.467 25.104 24.968 
25.357 102142.544 -67.843 447.235 45.498 25.072 24.968 
25.376 102141.704 -67.774 452.697 45.574 25.018 24.937 
25.394 102146.960 -68.207 451.538 45.673 24.975 24.937 
25.425 102149.616 -68.429 451.690 45.841 24.965 24.937 
25.450 102144.440 -68.001 450.897 45.940 24.954 24.937 
25.487 102145.784 -68.112 448.425 46.009 24.933 24.937 
25.505 102141.888 -67.790 450.317 46.009 24.954 24.968 
25.536 102135.400 -67.251 450.973 45.940 24.986 25.000 
25.548 102144.984 -68.043 451.858 45.872 25.008 25.000 
25.567 102147.192 -68.228 450.866 45.841 25.029 25.031 
25.573 102142.840 -67.869 452.026 45.795 25.061 25.062 
25.616 102136.792 -67.367 450.759 45.727 25.093 25.093 
25.634 102129.832 -66.791 451.751 45.727 25.115 25.093 
25.647 102142.480 -67.837 451.522 45.696 25.147 25.125 
25.671 102149.464 -68.413 450.485 45.666 25.179 25.156 
25.684 102137.720 -67.441 450.866 45.620 25.211 25.187 
25.708 102150.816 -68.524 451.354 45.559 25.233 25.218 
25.721 102148.208 -68.313 449.691 45.521 25.222 25.218 
25.733 102142.544 -67.843 451.812 45.521 25.233 25.218 
25.758 102155.640 -68.926 449.737 45.521 25.233 25.250 
25.770 102131.696 -66.944 448.638 45.490 25.222 25.250 
25.788 102136.920 -67.377 446.807 45.498 25.201 25.250 
25.807 102142.152 -67.811 445.281 45.528 25.190 25.250 
25.819 102133.448 -67.087 446.990 45.567 25.190 25.250 
25.856 102146.968 -68.207 447.677 45.589 25.211 25.281 
25.868 102144.360 -67.990 447.677 45.490 25.244 25.312 
25.874 102133.904 -67.129 446.441 45.391 25.276 25.312 
25.887 102131.296 -66.912 447.280 45.353 25.308 25.343 
25.899 102137.832 -67.451 447.769 45.322 25.351 25.375 
25.887 102140.448 -67.668 446.167 45.246 25.415 25.406 
25.874 102127.808 -66.622 446.533 45.277 25.480 25.468 
25.881 102138.696 -67.525 447.723 45.307 25.522 25.500 
25.881 102132.592 -67.018 446.319 45.239 25.576 25.531 
25.887 102131.296 -66.912 447.265 45.170 25.608 25.531 
25.893 102133.032 -67.055 447.906 45.071 25.651 25.562 
25.911 102141.312 -67.742 448.043 45.002 25.683 25.593 
25.911 102132.168 -66.981 447.113 44.903 25.726 25.625 
25.918 102136.952 -67.383 447.616 44.834 25.726 25.656 
25.930 102146.536 -68.170 444.427 44.758 25.748 25.656 
25.948 102142.616 -67.848 445.480 44.689 25.780 25.687 
25.967 102138.704 -67.525 445.693 44.628 25.791 25.687 
25.979 102136.096 -67.309 445.907 44.659 25.801 25.687 
25.991 102133.464 -67.092 444.961 44.628 25.812 25.718 
25.997 102132.168 -66.981 445.922 44.590 25.833 25.718 
26.022 102142.168 -67.811 446.212 44.590 25.833 25.718 
26.028 102128.664 -66.696 444.458 44.559 25.833 25.750 
26.047 102133.896 -67.129 445.434 44.491 25.844 25.750 
26.047 102136.952 -67.383 445.785 44.422 25.887 25.781 
26.071 102137.808 -67.451 444.473 44.361 25.887 25.781 
26.071 102131.704 -66.944 445.434 44.392 25.898 25.781 
26.077 102127.352 -66.585 446.029 44.361 25.909 25.812 
26.090 102139.992 -67.631 444.686 44.361 25.919 25.812 
26.108 102123.856 -66.299 446.167 44.384 25.919 25.812 
26.126 102129.064 -66.727 445.053 44.460 25.919 25.843 
26.139 102129.504 -66.764 443.969 44.491 25.909 25.812 
26.151 102126.880 -66.548 445.755 44.529 25.887 25.812 
26.163 102124.256 -66.331 446.716 44.590 25.823 25.812 
26.176 102124.680 -66.363 446.258 44.628 25.823 25.812 
26.200 102131.640 -66.939 446.243 44.628 25.791 25.781 
26.218 102142.960 -67.874 446.563 44.659 25.823 25.812 
26.231 102134.232 -67.156 443.206 44.491 25.909 25.875 
26.225 102120.288 -66.004 443.923 44.514 25.962 25.906 
26.249 102127.240 -66.580 443.954 44.483 25.941 25.906 
26.268 102132.472 -67.008 447.753 44.491 25.898 25.875 
26.274 102134.184 -67.150 442.382 44.559 25.855 25.875 
26.286 102131.568 -66.934 434.112 44.460 25.919 25.906 
26.286 102131.568 -66.934 434.494 44.247 25.962 25.937 
26.298 102128.952 -66.717 433.929 44.117 26.016 25.968 
26.335 102130.216 -66.823 447.494 44.086 26.059 26.000 
26.360 102131.072 -66.891 447.143 43.972 26.091 26.031 
26.378 102127.112 -66.564 446.868 44.048 26.037 26.000 
26.396 102129.288 -66.743 447.296 44.148 26.005 26.000 
26.421 102127.064 -66.564 446.929 44.315 26.027 26.031 
26.433 102133.592 -67.103 447.448 44.071 26.091 26.062 
26.464 102133.104 -67.060 445.709 43.972 26.123 26.093 
26.476 102130.472 -66.844 446.701 44.086 26.080 26.062 
26.507 102126.936 -66.553 446.426 43.972 26.155 26.125 
26.531 102127.776 -66.622 430.923 43.736 26.198 26.156 
26.543 102125.136 -66.400 441.406 44.003 26.123 26.125 
26.543 102122.080 -66.151 448.715 44.003 26.112 26.093 
26.556 102110.288 -65.174 448.501 44.216 26.048 26.062 
26.580 102138.600 -67.515 448.822 44.415 26.069 26.093 
26.568 102129.016 -66.722 450.683 44.415 26.069 26.093 
26.592 102135.952 -67.298 447.494 44.369 26.155 26.156 
26.635 102132.824 -67.039 450.973 44.270 26.230 26.187 
26.629 102134.152 -67.150 452.453 44.239 26.241 26.187 
26.654 102134.976 -67.219 450.378 44.407 26.187 26.187 
26.678 102129.688 -66.780 451.248 44.338 26.241 26.218 
26.715 102133.976 -67.134 452.438 44.262 26.316 26.250 
26.752 102135.208 -67.235 452.362 44.292 26.327 26.281 
26.782 102131.656 -66.944 452.575 44.193 26.391 26.312 
26.825 102131.536 -66.934 451.293 44.048 26.456 26.375 
26.849 102132.360 -67.002 450.897 44.117 26.466 26.406 
26.874 102133.168 -67.066 452.484 44.148 26.477 26.406 
26.911 102128.280 -66.664 447.280 44.018 26.509 26.437 
26.941 102127.752 -66.617 448.257 44.117 26.541 26.468 
26.972 102118.048 -65.819 447.738 43.850 26.595 26.531 
27.027 102112.224 -65.332 453.384 43.873 26.649 26.562 
27.015 102114.872 -65.554 451.889 43.949 26.584 26.531 
27.045 102126.576 -66.521 454.284 43.873 26.627 26.562 
27.057 102111.696 -65.290 452.041 43.873 26.638 26.562 
27.045 102114.352 -65.512 451.019 44.010 26.616 26.562 
27.070 102127.384 -66.590 451.477 43.972 26.649 26.593 
27.088 102123.384 -66.257 452.331 43.911 26.659 26.593 
27.118 102116.744 -65.708 453.292 43.804 26.702 26.625 
27.143 102126.696 -66.532 453.842 43.873 26.724 26.656 
27.143 102120.584 -66.025 453.018 43.911 26.745 26.656 
27.143 102123.640 -66.278 454.589 44.140 26.724 26.656 
27.167 102115.256 -65.586 454.360 44.209 26.724 26.687 
27.179 102130.944 -66.886 453.918 44.178 26.702 26.656 
27.179 102121.776 -66.125 453.933 44.140 26.702 26.656 
27.198 102120.832 -66.046 454.895 44.178 26.734 26.687 
27.228 102126.408 -66.506 453.521 44.239 26.745 26.718 
27.240 102120.696 -66.035 455.108 44.071 26.756 26.718 
27.247 102128.520 -66.685 454.467 44.071 26.756 26.718 
27.265 102127.592 -66.606 456.665 44.231 26.799 26.750 
27.301 102131.824 -66.955 456.619 44.132 26.842 26.781 
27.320 102127.832 -66.627 457.046 43.934 26.874 26.812 
27.338 102123.832 -66.294 456.817 44.132 26.874 26.812 
27.338 102133.008 -67.055 456.237 44.033 26.874 26.812 
27.350 102136.440 -67.335 457.336 44.064 26.863 26.812 
27.369 102120.200 -65.993 457.656 43.827 26.895 26.843 
27.375 102128.056 -66.643 457.901 43.865 26.895 26.843 
27.405 102142.776 -67.864 457.611 43.728 26.938 26.875 
27.423 102123.488 -66.268 458.862 43.751 26.981 26.906 
27.436 102133.048 -67.055 458.526 43.690 27.003 26.906 
27.448 102118.144 -65.824 457.626 43.720 27.003 26.906 
27.436 102120.816 -66.046 457.458 43.987 26.960 26.906 
27.460 102127.704 -66.617 458.633 44.086 26.981 26.937 
27.466 102132.488 -67.013 458.374 43.850 27.035 26.968 
27.472 102121.968 -66.141 460.128 44.186 27.035 26.968 
27.484 102119.288 -65.919 458.618 43.957 27.067 26.968 
27.460 102130.760 -66.870 460.144 44.186 26.992 26.937 
27.490 102130.184 -66.823 459.854 43.987 27.067 26.968 
27.509 102129.240 -66.743 459.976 43.819 27.099 27.000 
27.515 102118.720 -65.871 459.442 44.125 27.099 27.000 
27.515 102112.600 -65.364 459.533 44.086 27.088 27.000 
27.521 102120.448 -66.014 460.601 44.125 27.088 27.000 
27.564 102126.376 -66.506 458.938 43.842 27.131 27.031 
27.557 102127.720 -66.617 459.899 44.109 27.131 27.031 
27.545 102121.208 -66.077 459.823 44.109 27.131 27.031 
27.557 102118.528 -65.856 459.869 44.148 27.131 27.031 
27.570 102118.920 -65.887 460.235 44.148 27.153 27.062 
27.594 102122.752 -66.204 460.021 44.109 27.185 27.093 
27.570 102112.808 -65.385 460.693 44.178 27.142 27.062 
27.582 102122.368 -66.173 458.816 44.079 27.153 27.062 
27.570 102125.048 -66.395 459.442 44.354 27.121 27.062 
27.570 102118.920 -65.887 460.556 44.254 27.110 27.062 
27.594 102119.688 -65.951 458.999 44.079 27.142 27.062 
27.600 102112.224 -65.332 459.762 44.148 27.131 27.062 
27.618 102123.504 -66.268 459.503 44.178 27.142 27.062 
27.631 102120.824 -66.046 457.931 44.277 27.153 27.093 
27.631 102117.760 -65.792 460.006 44.277 27.174 27.093 
27.618 102111.256 -65.253 461.761 44.247 27.153 27.093 
27.618 102108.200 -64.999 460.418 44.514 27.121 27.062 
27.594 102122.752 -66.204 461.532 44.521 27.078 27.062 
27.582 102110.120 -65.158 461.959 44.376 27.131 27.093 
27.612 102115.656 -65.618 463.256 44.247 27.174 27.125 
27.643 102118.144 -65.824 461.441 43.980 27.238 27.156 
27.618 102123.504 -66.268 461.639 44.247 27.163 27.125 
27.643 102115.080 -65.570 462.066 44.376 27.153 27.125 
27.612 102115.656 -65.618 461.944 44.643 27.131 27.093 
27.588 102108.784 -65.052 462.020 44.758 27.121 27.093 
27.582 102113.184 -65.412 461.944 44.857 27.088 27.062 
27.588 102108.784 -65.052 460.754 44.926 27.088 27.062 
27.576 102105.328 -64.762 462.173 44.895 27.088 27.062 
27.576 102111.456 -65.269 462.127 44.659 27.131 27.093 
27.600 102099.968 -64.323 463.439 44.514 27.142 27.093 
27.631 102114.696 -65.538 459.716 44.445 27.163 27.125 
27.643 102112.032 -65.317 460.128 44.514 27.174 27.125 
27.643 102108.960 -65.063 459.960 44.781 27.163 27.125 
27.649 102104.560 -64.698 460.571 44.750 27.153 27.125 
27.667 102106.656 -64.873 461.456 44.613 27.163 27.156 
27.685 102108.776 -65.047 462.844 44.582 27.196 27.156 
27.710 102112.576 -65.364 463.684 44.415 27.238 27.187 
27.716 102108.176 -64.999 463.134 44.476 27.271 27.218 
27.734 102107.208 -64.920 462.509 44.407 27.303 27.250 
27.752 102112.368 -65.348 463.699 44.315 27.314 27.250 
27.746 102113.704 -65.459 463.439 44.300 27.314 27.250 
27.758 102107.968 -64.984 462.051 44.300 27.303 27.250 
27.777 102113.128 -65.406 466.247 44.300 27.324 27.250 
27.777 102113.128 -65.406 465.637 44.376 27.303 27.250 
27.764 102115.808 -65.628 465.637 44.750 27.238 27.218 
27.789 102104.312 -64.682 466.842 44.415 27.271 27.250 
27.825 102111.544 -65.280 465.057 44.170 27.346 27.281 
27.819 102119.024 -65.898 465.682 44.132 27.389 27.312 
27.813 102114.232 -65.501 463.867 44.537 27.367 27.312 
27.789 102110.440 -65.184 464.630 44.781 27.303 27.250 
27.783 102117.888 -65.803 463.180 44.750 27.238 27.218 
27.777 102106.992 -64.899 463.867 44.712 27.292 27.250 
27.801 102107.752 -64.962 463.363 44.743 27.324 27.281 
27.825 102114.608 -65.533 462.646 44.636 27.335 27.281 
27.813 102117.296 -65.755 462.081 44.674 27.314 27.281 
27.813 102111.168 -65.248 462.936 44.682 27.292 27.281 
27.771 102099.152 -64.254 463.409 44.849 27.228 27.218 
27.740 102105.856 -64.809 450.561 44.880 27.196 27.218 
27.752 102106.232 -64.841 447.372 44.712 27.228 27.218 
27.740 102102.800 -64.556 462.432 44.781 27.196 27.187 
27.716 102108.176 -64.999 462.707 45.254 27.153 27.156 
27.691 102098.232 -64.175 461.746 45.216 27.142 27.156 
27.655 102097.096 -64.080 462.173 45.223 27.078 27.093 
27.679 102116.224 -65.665 463.394 45.162 27.099 27.125 
27.673 102102.264 -64.508 463.256 44.979 27.174 27.156 
27.679 102103.976 -64.651 463.867 45.147 27.185 27.156 
27.685 102121.016 -66.062 463.684 45.353 27.163 27.156 
27.661 102104.944 -64.730 463.073 45.315 27.131 27.156 
27.679 102103.976 -64.651 462.738 45.116 27.153 27.156 
27.710 102112.576 -65.364 465.789 44.979 27.217 27.218 
27.728 102093.232 -63.763 464.309 44.849 27.292 27.250 
27.764 102100.496 -64.365 462.005 44.872 27.324 27.281 
27.795 102093.784 -63.810 462.493 44.704 27.356 27.312 
27.819 102106.776 -64.883 462.142 44.773 27.367 27.343 
27.807 102115.584 -65.612 461.898 44.872 27.378 27.343 
27.825 102099.296 -64.265 464.080 44.941 27.389 27.343 
27.844 102119.776 -65.961 461.807 44.971 27.346 27.312 
27.837 102105.808 -64.804 464.477 44.971 27.314 27.312 
27.862 102115.752 -65.623 463.424 44.842 27.356 27.312 
27.868 102114.392 -65.512 458.892 44.903 27.367 27.343 
27.874 102109.984 -65.147 459.030 44.842 27.399 27.343 
27.898 102110.728 -65.211 462.036 44.704 27.442 27.375 
27.880 102105.576 -64.783 464.019 44.773 27.378 27.343 
27.892 102115.136 -65.575 464.294 44.704 27.399 27.375 
27.886 102104.232 -64.672 465.332 44.804 27.410 27.375 
27.904 102106.320 -64.846 445.388 44.804 27.421 27.375 
27.923 102111.480 -65.274 444.244 44.804 27.432 27.406 
27.874 102116.112 -65.655 460.357 44.949 27.292 27.312 
27.856 102117.080 -65.734 461.181 44.941 27.292 27.312 
27.813 102105.056 -64.740 462.921 44.979 27.238 27.281 
27.831 102104.096 -64.661 465.576 45.116 27.260 27.281 
27.825 102108.496 -65.026 465.133 45.216 27.238 27.281 
27.801 102113.872 -65.470 465.499 45.353 27.163 27.218 
27.771 102117.528 -65.771 464.920 45.521 27.131 27.156 
27.740 102121.168 -66.072 465.469 45.414 27.131 27.156 
27.734 102122.512 -66.188 465.026 45.551 27.163 27.187 
27.691 102116.608 -65.697 463.882 45.589 27.110 27.125 
27.734 102116.392 -65.681 463.760 45.719 27.142 27.187 
27.752 102112.368 -65.348 459.304 45.353 27.238 27.218 
27.789 102113.496 -65.438 463.882 45.284 27.292 27.281 
27.789 102119.632 -65.945 465.133 45.254 27.292 27.281 
27.801 102110.816 -65.216 465.454 45.376 27.303 27.281 
27.831 102113.280 -65.422 471.862 45.345 27.367 27.343 
27.856 102120.152 -65.993 466.384 45.239 27.399 27.343 
27.880 102114.768 -65.544 463.089 45.139 27.442 27.406 
27.929 102113.192 -65.417 464.767 45.124 27.496 27.437 
27.941 102113.560 -65.443 464.141 45.124 27.474 27.437 
27.959 102115.648 -65.618 464.569 44.926 27.517 27.468 
27.983 102116.384 -65.681 465.362 44.926 27.550 27.500 
27.996 102119.832 -65.961 466.583 44.895 27.550 27.500 
28.014 102124.968 -66.389 465.896 44.857 27.539 27.500 
27.996 102110.632 -65.200 465.774 44.964 27.496 27.500 
28.008 102117.136 -65.739 466.979 45.261 27.464 27.468 
28.020 102129.760 -66.786 465.927 45.124 27.485 27.500 
28.014 102124.968 -66.389 464.981 45.025 27.507 27.500 
28.020 102111.376 -65.264 464.416 44.857 27.550 27.531 
28.038 102125.696 -66.447 465.637 44.926 27.550 27.531 
28.050 102116.880 -65.718 465.988 44.994 27.571 27.531 
28.038 102110.376 -65.184 466.293 44.758 27.582 27.562 
28.056 102127.800 -66.622 466.918 44.895 27.560 27.562 
28.081 102131.584 -66.939 465.560 44.796 27.582 27.562 
28.093 102116.640 -65.697 466.232 44.628 27.625 27.593 
28.075 102129.880 -66.796 465.209 44.758 27.614 27.593 
28.068 102115.904 -65.639 465.759 44.895 27.614 27.593 
28.081 102110.144 -65.163 466.674 44.750 27.646 27.625 
28.081 102122.392 -66.173 465.164 44.796 27.646 27.593 
28.111 102109.520 -65.110 466.217 44.552 27.667 27.625 
28.117 102111.232 -65.253 465.805 44.582 27.678 27.625 
28.105 102129.248 -66.743 465.972 44.926 27.614 27.593 
28.105 102126.184 -66.490 458.328 45.094 27.539 27.562 
28.032 102130.120 -66.817 452.545 44.964 27.550 27.562 
28.032 102114.808 -65.549 423.858 44.758 27.560 27.562 
28.062 102117.240 -65.750 423.675 44.460 27.635 27.593 
28.075 102117.616 -65.782 424.072 44.178 27.700 27.656 
27.989 102111.992 -65.317 423.736 44.048 27.743 27.656 
27.917 102109.760 -65.132 419.540 44.109 27.753 27.656 
27.862 102112.680 -65.369 414.917 44.216 27.710 27.593 
27.837 102124.184 -66.326 407.455 44.178 27.646 27.562 
