25.178 101968.632 -53.447 134.872 42.698 25.930 25.468 
25.166 101976.856 -54.129 134.902 42.728 25.909 25.437 
25.178 101983.360 -54.668 133.529 42.828 25.887 25.437 
25.184 101973.352 -53.838 133.575 42.896 25.887 25.437 
25.184 101970.400 -53.595 133.041 43.064 25.866 25.437 
25.203 101966.864 -53.299 132.385 42.995 25.855 25.437 
25.221 101975.136 -53.986 135.650 42.995 25.866 25.437 
25.215 101979.248 -54.325 137.008 42.995 25.866 25.468 
25.178 101968.632 -53.447 137.817 43.064 25.844 25.437 
25.196 101973.936 -53.886 137.420 43.095 25.823 25.406 
25.215 101967.472 -53.352 138.320 43.163 25.833 25.437 
25.215 101976.304 -54.082 137.908 43.163 25.833 25.437 
25.215 101973.368 -53.838 135.192 43.194 25.833 25.406 
25.215 101976.304 -54.082 128.082 43.232 25.823 25.406 
25.203 101975.712 -54.034 138.198 43.293 25.812 25.406 
25.233 101975.744 -54.034 138.076 43.232 25.823 25.406 
25.196 101968.056 -53.400 137.756 43.232 25.823 25.437 
25.215 101967.472 -53.352 137.939 43.232 25.812 25.437 
25.190 101972.168 -53.743 138.549 43.293 25.791 25.406 
25.203 101972.760 -53.791 138.488 43.331 25.791 25.406 
25.215 101973.368 -53.838 138.122 43.400 25.791 25.406 
25.196 101968.056 -53.400 138.275 43.362 25.780 25.406 
25.203 101972.760 -53.791 137.695 43.400 25.780 25.406 
25.203 101981.592 -54.520 137.863 43.362 25.780 25.406 
25.196 101982.776 -54.621 138.244 43.362 25.780 25.406 
25.190 101978.056 -54.230 137.969 43.362 25.769 25.406 
25.190 101975.104 -53.981 138.595 43.377 25.769 25.375 
25.190 101969.216 -53.495 137.985 43.407 25.769 25.375 
25.184 101970.400 -53.595 135.986 43.407 25.758 25.375 
25.166 101962.136 -52.908 136.093 43.438 25.748 25.375 
25.203 101975.712 -54.034 135.955 43.438 25.748 25.375 
25.203 101963.920 -53.056 136.306 43.438 25.758 25.375 
25.203 101966.864 -53.299 136.077 43.438 25.758 25.375 
25.203 101958.032 -52.570 135.681 43.438 25.758 25.375 
25.203 101969.816 -53.543 136.077 43.476 25.748 25.375 
25.227 101971.016 -53.643 136.184 43.575 25.758 25.375 
25.233 101969.832 -53.548 135.803 43.575 25.758 25.406 
25.264 101963.968 -53.062 136.154 43.575 25.748 25.406 
25.295 101955.144 -52.332 135.467 43.438 25.758 25.406 
25.289 101971.040 -53.648 135.696 43.400 25.780 25.437 
25.301 101959.848 -52.718 136.352 43.362 25.780 25.437 
25.301 101956.912 -52.475 135.971 43.362 25.791 25.437 
25.332 101965.760 -53.210 136.093 43.293 25.812 25.468 
25.314 101960.448 -52.771 136.642 43.232 25.812 25.468 
25.326 101963.984 -53.062 136.352 43.293 25.812 25.468 
25.332 101965.760 -53.210 134.323 43.293 25.812 25.468 
25.338 101958.680 -52.623 135.482 43.331 25.823 25.468 
25.351 101962.224 -52.919 135.086 43.331 25.844 25.500 
25.345 101966.344 -53.257 135.086 43.331 25.833 25.500 
25.314 101960.448 -52.771 135.498 43.331 25.833 25.468 
25.289 101965.152 -53.157 135.269 43.293 25.823 25.468 
25.258 101973.968 -53.891 135.498 43.362 25.801 25.468 
25.252 101972.208 -53.743 135.635 43.362 25.791 25.437 
25.252 101957.480 -52.523 135.070 43.400 25.791 25.437 
25.264 101961.016 -52.819 135.452 43.400 25.791 25.437 
25.252 101966.312 -53.257 135.147 43.400 25.791 25.437 
25.264 101952.184 -52.084 135.284 43.400 25.801 25.468 
25.258 101953.352 -52.184 135.437 43.400 25.801 25.468 
25.252 101960.432 -52.771 135.406 43.400 25.801 25.468 
25.283 101963.384 -53.014 136.001 43.400 25.801 25.468 
25.314 101957.504 -52.528 135.940 43.400 25.823 25.468 
25.351 101965.168 -53.162 136.016 43.400 25.823 25.500 
25.301 101953.960 -52.232 135.009 43.400 25.823 25.468 
25.301 101962.800 -52.967 135.696 43.400 25.812 25.468 
25.400 101958.688 -52.623 135.543 43.400 25.833 25.531 
25.363 101953.976 -52.232 136.093 43.400 25.833 25.500 
25.375 101954.568 -52.285 135.971 43.331 25.833 25.500 
25.382 101956.344 -52.427 136.001 43.331 25.844 25.500 
25.400 101955.744 -52.380 135.574 43.331 25.844 25.531 
25.394 101968.704 -53.453 135.253 43.293 25.855 25.500 
25.394 101948.080 -51.746 131.149 43.331 25.844 25.500 
25.474 101956.336 -52.427 135.467 43.400 25.844 25.531 
25.486 101959.864 -52.723 133.499 43.400 25.887 25.562 
25.499 101966.336 -53.257 136.459 43.362 25.909 25.593 
25.548 101965.736 -53.210 137.298 43.331 25.951 25.625 
25.530 101957.504 -52.528 134.109 43.362 25.951 25.625 
25.554 101961.624 -52.866 128.707 43.400 25.962 25.625 
25.542 101955.144 -52.332 128.921 43.423 25.984 25.656 
25.530 101966.336 -53.257 128.707 43.423 25.973 25.625 
25.530 101957.504 -52.528 136.764 43.354 25.994 25.656 
25.517 101959.856 -52.718 137.039 43.385 25.984 25.625 
25.505 101959.272 -52.671 136.901 43.354 25.984 25.625 
25.499 101954.544 -52.280 136.642 43.385 25.973 25.625 
25.511 101958.096 -52.575 135.116 43.354 25.973 25.625 
25.511 101961.032 -52.819 136.169 43.354 25.973 25.625 
25.493 101958.688 -52.623 136.596 43.385 25.973 25.625 
25.499 101957.496 -52.523 136.917 43.400 25.962 25.625 
25.536 101965.160 -53.162 131.118 43.354 25.962 25.625 
25.597 101976.920 -54.134 126.373 43.362 25.941 25.656 
25.647 101958.624 -52.618 135.314 43.560 25.951 25.656 
25.665 101958.016 -52.570 135.421 43.690 25.994 25.718 
25.684 101957.416 -52.517 137.069 43.522 26.037 25.750 
25.708 101970.368 -53.590 136.642 43.621 26.069 25.750 
25.684 101957.416 -52.517 136.688 43.652 26.069 25.750 
25.733 101959.728 -52.708 134.613 43.652 26.102 25.781 
25.782 101956.152 -52.412 137.023 43.713 26.145 25.812 
25.807 101957.296 -52.507 137.054 43.644 26.166 25.843 
25.850 101972.576 -53.775 137.588 43.644 26.187 25.875 
25.868 101954.272 -52.258 136.703 43.613 26.209 25.906 
25.893 101961.328 -52.845 137.451 43.613 26.230 25.906 
25.967 101964.752 -53.125 137.664 43.545 26.262 25.968 
26.028 101973.504 -53.849 137.680 43.476 26.295 26.000 
26.041 101968.168 -53.410 136.947 43.499 26.338 26.031 
26.084 101968.672 -53.453 137.802 43.430 26.359 26.062 
26.176 101959.640 -52.702 134.185 43.301 26.423 26.125 
26.213 101961.328 -52.845 134.536 43.301 26.456 26.187 
26.219 101954.232 -52.253 134.963 43.255 26.488 26.187 
26.243 101952.400 -52.105 137.084 43.255 26.509 26.218 
26.286 101958.792 -52.634 137.222 43.224 26.531 26.250 
26.335 101961.032 -52.819 137.161 43.255 26.541 26.281 
26.348 101964.528 -53.109 137.298 43.087 26.595 26.312 
26.366 101960.952 -52.813 136.993 43.087 26.627 26.343 
26.372 101968.608 -53.447 136.657 43.041 26.659 26.343 
26.397 101963.824 -53.051 135.833 43.011 26.659 26.375 
26.440 101964.288 -53.088 136.642 43.041 26.691 26.406 
26.452 101964.840 -53.136 136.917 43.011 26.713 26.437 
26.464 101950.616 -51.957 136.917 43.011 26.734 26.437 
26.476 101954.136 -52.248 136.810 43.041 26.756 26.468 
26.483 101961.800 -52.882 137.115 43.011 26.767 26.468 
26.525 101956.352 -52.433 137.100 43.011 26.777 26.500 
26.532 101952.192 -52.084 136.154 42.980 26.809 26.500 
26.574 101952.640 -52.121 136.245 43.011 26.831 26.531 
26.593 101954.936 -52.311 136.703 42.965 26.831 26.531 
26.617 101956.048 -52.406 136.337 43.034 26.852 26.562 
26.654 101954.720 -52.295 137.359 43.003 26.906 26.625 
26.654 101960.632 -52.787 138.397 42.934 26.917 26.625 
26.697 101972.888 -53.801 138.839 42.866 26.938 26.656 
26.691 101959.328 -52.676 139.831 42.805 26.970 26.656 
26.679 101961.728 -52.877 139.297 42.866 26.981 26.687 
26.697 101955.160 -52.332 139.221 42.934 26.970 26.687 
26.721 101953.304 -52.179 139.129 42.866 26.981 26.687 
26.777 101954.256 -52.258 138.717 42.866 26.981 26.718 
26.813 101958.856 -52.639 138.656 42.965 26.992 26.718 
26.844 101964.632 -53.114 139.251 42.957 27.003 26.750 
26.874 101964.520 -53.109 139.251 43.003 26.970 26.718 
26.905 101961.448 -52.850 139.556 43.102 26.970 26.750 
26.899 101968.552 -53.442 138.793 43.072 27.003 26.750 
26.905 101967.352 -53.342 139.038 43.095 27.045 26.781 
26.911 101977.968 -54.219 139.266 43.095 27.078 26.812 
26.899 101965.600 -53.199 138.809 43.057 27.099 26.843 
26.917 101964.936 -53.141 139.389 43.095 27.110 26.843 
26.899 101953.776 -52.216 139.739 43.125 27.142 26.875 
26.899 101956.736 -52.464 139.160 43.057 27.153 26.875 
26.899 101953.776 -52.216 139.205 42.988 27.163 26.875 
26.923 101969.632 -53.532 140.014 43.026 27.153 26.875 
26.948 101955.936 -52.396 139.358 43.026 27.153 26.875 
26.972 101968.832 -53.463 139.739 43.026 27.153 26.875 
26.923 101957.816 -52.549 140.289 43.026 27.163 26.875 
26.936 101952.440 -52.105 139.785 43.011 27.185 26.906 
26.905 101955.528 -52.364 139.099 43.011 27.196 26.906 
26.911 101957.272 -52.507 139.755 43.079 27.196 26.906 
26.930 101950.704 -51.962 140.365 43.057 27.174 26.875 
26.942 101954.176 -52.248 140.396 43.049 27.185 26.906 
26.948 101955.936 -52.396 139.739 43.079 27.196 26.906 
26.966 101961.168 -52.829 139.877 43.026 27.185 26.906 
26.997 101958.088 -52.575 138.839 43.079 27.206 26.937 
26.997 101952.168 -52.084 138.427 43.049 27.249 26.968 
27.021 101959.160 -52.660 138.046 43.079 27.271 26.968 
27.027 101952.032 -52.073 139.846 43.049 27.281 26.968 
27.046 101951.344 -52.015 139.358 43.049 27.281 27.000 
27.052 101947.184 -51.672 138.870 43.118 27.281 27.000 
27.088 101948.800 -51.804 138.641 43.118 27.260 27.000 
27.070 101943.544 -51.371 139.068 43.079 27.281 27.000 
27.052 101950.152 -51.915 140.670 43.079 27.281 27.000 
27.082 101958.856 -52.639 138.122 43.118 27.281 27.000 
27.064 101956.600 -52.454 139.114 43.118 27.281 27.000 
27.064 101959.552 -52.697 140.014 43.079 27.292 27.031 
27.046 101957.256 -52.507 140.960 43.079 27.303 27.031 
27.052 101956.064 -52.406 140.441 43.079 27.314 27.031 
27.046 101948.400 -51.772 140.136 43.049 27.324 27.031 
27.046 101948.400 -51.772 140.838 43.079 27.324 27.031 
27.021 101950.288 -51.925 141.036 43.079 27.324 27.031 
27.046 101948.400 -51.772 140.914 43.049 27.324 27.031 
27.082 101944.080 -51.413 140.380 43.118 27.335 27.062 
27.076 101948.256 -51.762 139.434 43.148 27.335 27.031 
27.082 101947.032 -51.656 139.846 43.148 27.346 27.062 
27.082 101938.160 -50.921 140.289 43.102 27.367 27.062 
27.107 101945.152 -51.503 141.174 43.140 27.378 27.062 
27.131 101943.248 -51.344 140.182 43.102 27.367 27.093 
27.143 101946.744 -51.635 139.739 43.034 27.389 27.093 
27.162 101946.064 -51.577 138.900 43.034 27.410 27.125 
27.180 101948.328 -51.767 138.610 43.034 27.399 27.125 
27.211 101942.256 -51.265 138.824 43.034 27.421 27.156 
27.253 101948.560 -51.783 139.175 43.003 27.442 27.187 
27.241 101950.976 -51.984 139.282 42.904 27.464 27.187 
27.266 101946.128 -51.582 141.021 42.934 27.453 27.187 
27.284 101939.504 -51.038 141.174 43.034 27.421 27.187 
27.320 101944.056 -51.413 140.747 43.102 27.421 27.187 
27.302 101944.752 -51.471 141.418 43.003 27.442 27.187 
27.320 101941.096 -51.164 141.433 43.003 27.464 27.218 
27.345 101942.144 -51.254 140.853 43.003 27.474 27.218 
27.363 101956.240 -52.422 140.411 43.072 27.496 27.250 
27.375 101950.856 -51.973 142.410 43.034 27.507 27.281 
27.357 101945.624 -51.540 141.647 42.866 27.517 27.281 
27.363 101944.408 -51.439 141.845 42.927 27.539 27.281 
27.363 101944.408 -51.439 142.761 42.957 27.539 27.281 
27.345 101951.016 -51.989 141.769 42.957 27.560 27.281 
27.327 101945.792 -51.556 141.571 42.927 27.571 27.281 
27.314 101954.136 -52.248 140.304 42.927 27.571 27.281 
27.308 101940.552 -51.122 140.289 42.889 27.571 27.281 
27.327 101951.696 -52.047 141.052 42.927 27.571 27.281 
27.339 101949.280 -51.846 140.533 42.957 27.560 27.281 
27.345 101942.144 -51.254 140.792 42.957 27.560 27.281 
27.339 101952.240 -52.089 140.792 42.927 27.582 27.281 
27.327 101939.864 -51.064 139.099 42.927 27.592 27.312 
27.314 101957.104 -52.491 139.266 43.026 27.592 27.312 
27.339 101940.416 -51.112 136.581 43.026 27.582 27.312 
27.394 101941.280 -51.180 138.458 43.057 27.539 27.312 
27.351 101946.832 -51.640 137.939 43.224 27.560 27.312 
27.308 101937.600 -50.879 139.114 43.324 27.560 27.281 
27.290 101941.256 -51.180 139.266 43.293 27.571 27.281 
27.278 101949.600 -51.873 139.923 43.224 27.571 27.281 
27.266 101943.160 -51.339 140.304 43.194 27.560 27.250 
27.241 101942.104 -51.249 140.457 43.293 27.550 27.250 
27.266 101940.208 -51.096 140.838 43.224 27.560 27.250 
27.241 101939.144 -51.006 140.594 43.293 27.550 27.250 
27.192 101931.120 -50.340 140.457 43.293 27.528 27.218 
27.211 101936.352 -50.773 138.916 43.194 27.528 27.218 
27.235 101934.440 -50.615 139.297 43.201 27.517 27.218 
27.241 101939.144 -51.006 139.617 43.301 27.517 27.218 
27.308 101940.552 -51.122 140.411 43.369 27.496 27.218 
27.351 101932.032 -50.414 141.036 43.369 27.496 27.250 
27.357 101942.664 -51.297 140.792 43.430 27.539 27.281 
27.357 101936.752 -50.805 140.090 43.392 27.550 27.281 
27.388 101951.360 -52.015 140.304 43.392 27.571 27.312 
27.424 101938.152 -50.921 139.831 43.293 27.582 27.312 
27.424 101947.024 -51.656 140.884 43.224 27.614 27.375 
27.424 101949.984 -51.904 139.816 43.324 27.635 27.375 
27.412 101946.496 -51.614 135.223 43.293 27.646 27.375 
27.412 101943.536 -51.371 137.924 43.224 27.667 27.375 
27.333 101944.560 -51.455 139.999 43.324 27.635 27.343 
27.314 101942.304 -51.265 140.411 43.392 27.635 27.312 
27.339 101937.448 -50.863 140.563 43.461 27.635 27.343 
27.375 101947.888 -51.730 129.730 43.430 27.646 27.343 
27.363 101944.408 -51.439 139.801 43.530 27.635 27.343 
27.314 101942.304 -51.265 141.387 43.591 27.603 27.312 
27.290 101944.216 -51.423 140.808 43.461 27.603 27.312 
27.308 101940.552 -51.122 141.098 43.591 27.582 27.281 
27.314 101948.224 -51.756 138.229 43.629 27.582 27.281 
27.314 101942.304 -51.265 139.617 43.697 27.582 27.312 
27.296 101951.856 -52.058 140.762 43.629 27.592 27.281 
27.320 101944.056 -51.413 141.082 43.697 27.592 27.312 
27.351 101952.760 -52.132 139.221 43.728 27.603 27.312 
27.351 101946.832 -51.640 140.258 43.591 27.625 27.343 
27.357 101948.584 -51.788 136.825 43.560 27.625 27.343 
27.375 101953.816 -52.221 141.082 43.560 27.646 27.343 
27.394 101947.192 -51.672 137.771 43.560 27.646 27.343 
27.418 101954.160 -52.248 140.777 43.530 27.646 27.375 
27.394 101941.280 -51.180 140.792 43.560 27.646 27.375 
27.388 101945.456 -51.529 139.755 43.461 27.657 27.375 
27.400 101943.016 -51.323 138.549 43.591 27.603 27.343 
27.461 101954.496 -52.280 139.450 43.659 27.592 27.343 
27.461 101957.456 -52.523 139.648 43.591 27.635 27.375 
27.449 101948.072 -51.746 140.319 43.461 27.646 27.375 
27.418 101951.184 -52.005 140.640 43.392 27.646 27.375 
27.412 101946.496 -51.614 140.090 43.224 27.678 27.375 
27.424 101949.984 -51.904 140.228 43.324 27.678 27.406 
27.412 101940.584 -51.122 141.448 43.362 27.678 27.406 
27.430 101945.808 -51.556 141.250 43.392 27.678 27.406 
27.436 101953.464 -52.190 141.464 43.385 27.700 27.406 
27.461 101954.496 -52.280 142.135 43.385 27.721 27.406 
27.455 101952.776 -52.132 141.662 43.415 27.721 27.437 
27.503 101954.848 -52.306 141.204 43.392 27.667 27.406 
27.497 101947.176 -51.672 141.616 43.346 27.700 27.437 
27.528 101955.888 -52.391 141.235 43.453 27.721 27.437 
27.516 101961.280 -52.840 141.387 43.453 27.743 27.437 
27.528 101949.960 -51.899 141.052 43.415 27.743 27.468 
27.534 101954.656 -52.290 141.357 43.346 27.753 27.468 
27.534 101954.656 -52.290 141.952 43.415 27.753 27.468 
27.570 101950.296 -51.931 141.830 43.385 27.721 27.468 
27.583 101953.768 -52.216 142.272 43.453 27.743 27.500 
27.552 101945.088 -51.497 142.181 43.415 27.775 27.500 
27.570 101962.144 -52.908 142.333 43.385 27.785 27.500 
27.583 101953.768 -52.216 141.601 43.385 27.743 27.500 
27.583 101947.840 -51.725 142.013 43.415 27.743 27.500 
27.583 101953.768 -52.216 141.708 43.415 27.775 27.500 
27.534 101954.656 -52.290 141.937 43.346 27.785 27.500 
27.522 101954.152 -52.248 139.953 43.346 27.785 27.500 
27.516 101961.280 -52.840 140.243 43.415 27.785 27.500 
27.534 101951.704 -52.047 141.098 43.552 27.796 27.500 
27.558 101964.568 -53.109 134.185 43.346 27.764 27.500 
27.461 101954.496 -52.280 118.453 43.247 27.753 27.468 
27.406 101959.536 -52.697 117.095 43.385 27.721 27.406 
27.522 101954.152 -52.248 116.836 44.201 27.646 27.437 
27.631 101961.760 -52.877 116.653 43.697 27.646 27.437 
27.711 101942.880 -51.312 113.128 44.598 27.646 27.500 
27.771 101957.304 -52.507 112.564 44.865 27.646 27.500 
