24.696 101251.312 6.135 406.799 56.278 24.922 24.625 
24.684 101260.512 5.369 407.821 56.217 24.933 24.625 
24.702 101253.072 5.990 408.920 56.194 24.933 24.625 
24.690 101252.744 6.016 406.890 56.164 24.933 24.625 
24.690 101249.552 6.283 406.829 56.133 24.933 24.625 
24.709 101258.016 5.577 407.592 56.103 24.933 24.625 
24.721 101255.168 5.815 407.272 56.103 24.933 24.625 
24.702 101253.072 5.990 407.455 56.072 24.933 24.656 
24.734 101255.504 5.786 407.012 56.042 24.933 24.656 
24.727 101260.120 5.403 406.692 56.011 24.933 24.656 
24.709 101242.104 6.904 405.471 56.042 24.922 24.656 
24.715 101253.416 5.960 405.487 56.072 24.911 24.625 
24.721 101248.824 6.344 405.059 56.103 24.900 24.625 
24.734 101261.872 5.255 407.348 56.103 24.879 24.625 
24.721 101258.360 5.548 404.602 56.103 24.868 24.625 
24.721 101255.168 5.815 404.754 56.133 24.858 24.625 
24.727 101250.568 6.198 404.418 56.164 24.858 24.625 
24.734 101258.696 5.522 404.327 56.164 24.825 24.593 
24.727 101250.568 6.198 407.012 56.217 24.815 24.593 
24.746 101262.224 5.226 409.469 56.248 24.804 24.593 
24.734 101249.152 6.317 407.791 56.278 24.793 24.593 
24.746 101243.136 6.817 406.158 56.309 24.782 24.593 
24.727 101244.208 6.727 407.959 56.362 24.772 24.593 
24.746 101259.040 5.493 408.004 56.423 24.772 24.593 
24.746 101259.040 5.493 407.867 56.484 24.750 24.593 
24.759 101253.016 5.995 408.462 56.538 24.750 24.562 
24.771 101262.896 5.170 407.104 56.629 24.740 24.593 
24.771 101250.168 6.230 405.639 56.805 24.740 24.593 
24.771 101246.984 6.497 407.470 56.889 24.750 24.593 
24.771 101243.808 6.761 407.592 56.980 24.761 24.593 
24.784 101247.320 6.468 410.507 57.041 24.761 24.593 
24.790 101255.456 5.791 411.117 57.064 24.772 24.593 
24.784 101250.496 6.204 411.026 57.095 24.772 24.625 
24.796 101247.664 6.439 410.354 57.095 24.782 24.625 
24.802 101252.616 6.027 410.675 57.064 24.782 24.625 
24.809 101248.008 6.412 409.332 57.011 24.793 24.625 
24.815 101252.944 6.000 409.973 56.980 24.793 24.625 
24.815 101256.128 5.736 411.346 56.950 24.793 24.625 
24.827 101259.640 5.443 407.302 56.980 24.793 24.625 
24.833 101248.680 6.354 408.340 57.041 24.804 24.625 
24.833 101248.680 6.354 409.301 57.041 24.804 24.625 
24.846 101258.544 5.532 410.171 57.064 24.815 24.656 
24.827 101256.464 5.707 410.095 57.041 24.825 24.656 
24.833 101255.032 5.826 408.859 57.041 24.825 24.656 
24.846 101249.008 6.328 409.713 57.095 24.825 24.656 
24.858 101255.704 5.770 411.560 57.095 24.815 24.656 
24.858 101255.704 5.770 412.124 57.095 24.825 24.656 
24.858 101255.704 5.770 411.514 57.095 24.825 24.656 
24.858 101246.160 6.566 410.995 56.980 24.815 24.656 
24.865 101244.736 6.684 410.476 56.889 24.815 24.656 
24.865 101244.736 6.684 412.155 56.835 24.815 24.656 
24.877 101254.616 5.860 412.292 56.774 24.815 24.656 
24.871 101240.136 7.068 412.261 56.744 24.815 24.656 
24.890 101254.960 5.831 410.995 56.713 24.815 24.656 
24.890 101251.776 6.098 410.614 56.713 24.804 24.656 
24.890 101248.592 6.362 410.903 56.683 24.804 24.656 
24.902 101255.296 5.805 410.614 56.683 24.815 24.687 
24.902 101248.936 6.333 410.949 56.683 24.815 24.687 
24.902 101242.552 6.867 410.934 56.683 24.825 24.687 
24.915 101252.456 6.040 410.430 56.683 24.836 24.687 
24.921 101251.008 6.161 410.827 56.660 24.836 24.687 
24.915 101252.456 6.040 411.056 56.660 24.836 24.687 
24.933 101264.088 5.073 410.690 56.690 24.836 24.687 
24.908 101269.784 4.597 412.139 56.660 24.858 24.687 
24.921 101266.928 4.835 414.093 56.660 24.858 24.687 
24.921 101273.296 4.304 414.398 56.599 24.858 24.718 
24.940 101272.208 4.396 412.994 56.599 24.858 24.718 
24.921 101266.928 4.835 411.895 56.599 24.868 24.718 
24.940 101269.032 4.660 411.254 56.568 24.879 24.718 
24.933 101264.088 5.073 411.834 56.568 24.890 24.718 
24.940 101278.576 3.865 413.345 56.545 24.900 24.750 
24.946 101267.600 4.779 414.657 56.545 24.900 24.750 
24.940 101249.920 6.251 415.420 56.515 24.911 24.750 
24.952 101250.256 6.225 416.229 56.484 24.922 24.750 
24.958 101258.392 5.546 416.152 56.454 24.922 24.750 
24.958 101271.128 4.486 416.305 56.423 24.933 24.750 
24.946 101261.240 5.308 416.412 56.423 24.933 24.781 
24.952 101256.624 5.694 416.152 56.393 24.933 24.781 
24.971 101265.088 4.988 416.305 56.370 24.933 24.781 
24.983 101271.792 4.431 416.351 56.339 24.943 24.781 
24.977 101270.032 4.576 416.275 56.278 24.943 24.781 
24.971 101268.264 4.724 416.503 56.217 24.954 24.781 
24.983 101278.160 3.899 414.840 56.217 24.954 24.781 
24.983 101271.792 4.431 411.254 56.194 24.965 24.812 
24.989 101248.080 6.407 409.027 56.164 24.975 24.812 
24.996 101256.184 5.731 409.927 56.164 24.975 24.812 
25.002 101248.408 6.378 409.591 56.133 24.975 24.812 
24.983 101243.144 6.817 410.095 56.103 24.986 24.812 
24.996 101246.640 6.526 409.317 56.042 24.986 24.812 
25.008 101250.168 6.233 407.684 56.011 24.997 24.843 
25.008 101240.608 7.028 407.745 55.988 25.008 24.843 
25.021 101253.680 5.939 406.799 55.988 25.008 24.843 
25.027 101268.168 4.732 406.585 55.958 25.008 24.843 
25.033 101273.112 4.320 402.282 55.958 25.018 24.843 
25.021 101263.224 5.144 403.182 55.958 25.029 24.843 
25.033 101266.744 4.851 403.411 55.927 25.018 24.843 
25.033 101257.184 5.646 405.563 55.927 25.018 24.843 
25.039 101255.760 5.765 405.395 55.988 25.029 24.843 
25.046 101241.584 6.946 405.014 56.019 25.018 24.843 
25.046 101270.248 4.557 404.251 55.988 25.029 24.875 
25.052 101272.016 4.412 401.962 56.019 25.029 24.875 
25.052 101272.016 4.412 404.068 56.019 25.040 24.875 
25.052 101272.016 4.412 403.442 56.019 25.040 24.875 
25.071 101283.648 3.442 404.571 56.042 25.040 24.875 
25.083 101280.800 3.680 405.380 56.072 25.040 24.875 
25.083 101280.800 3.680 405.441 56.072 25.040 24.875 
25.071 101261.360 5.300 405.593 56.103 25.040 24.875 
25.071 101251.808 6.095 405.914 56.164 25.040 24.875 
25.071 101245.440 6.626 405.944 56.194 25.051 24.875 
25.083 101252.144 6.066 406.417 56.225 25.051 24.906 
25.083 101242.576 6.864 406.707 56.225 25.051 24.906 
25.083 101248.952 6.333 406.219 56.225 25.051 24.906 
25.096 101239.728 7.102 405.105 56.225 25.051 24.906 
25.108 101249.608 6.278 402.603 56.194 25.051 24.906 
25.108 101246.416 6.544 403.182 56.194 25.051 24.906 
25.120 101259.480 5.456 404.251 56.194 25.040 24.906 
25.127 101261.240 5.308 399.688 56.164 25.051 24.906 
25.114 101248.184 6.396 398.361 56.133 25.061 24.906 
25.127 101267.600 4.779 399.261 56.133 25.061 24.906 
25.120 101265.856 4.925 402.786 56.103 25.061 24.906 
25.133 101269.368 4.631 402.771 56.072 25.061 24.937 
25.133 101272.552 4.367 402.801 56.103 25.072 24.937 
25.120 101259.480 5.456 403.472 56.103 25.072 24.937 
25.145 101256.960 5.665 401.428 56.103 25.083 24.937 
25.145 101247.408 6.463 404.830 56.072 25.083 24.937 
25.145 101253.776 5.931 406.143 56.072 25.083 24.937 
25.152 101245.968 6.581 407.440 56.042 25.093 24.937 
25.139 101242.464 6.875 407.501 56.019 25.093 24.937 
25.164 101259.032 5.493 407.501 56.019 25.104 24.968 
25.145 101253.776 5.931 406.738 56.019 25.115 24.968 
25.158 101250.912 6.169 402.893 55.988 25.115 24.968 
25.158 101250.912 6.169 403.198 55.988 25.115 24.968 
25.158 101244.544 6.700 404.663 55.958 25.126 24.968 
25.170 101251.224 6.143 405.303 55.958 25.136 24.968 
25.158 101250.912 6.169 403.976 55.927 25.136 24.968 
25.164 101252.664 6.024 404.174 55.897 25.136 25.000 
25.170 101254.424 5.876 404.129 55.866 25.126 24.968 
25.183 101264.304 5.054 402.130 55.866 25.126 24.968 
25.183 101261.120 5.318 401.779 55.866 25.136 25.000 
25.189 101259.680 5.440 402.084 55.866 25.136 25.000 
25.170 101244.864 6.674 402.206 55.866 25.136 25.000 
25.195 101248.712 6.354 400.848 55.836 25.147 25.000 
25.195 101251.880 6.090 401.168 55.813 25.147 25.000 
25.195 101248.712 6.354 403.533 55.813 25.147 25.000 
25.183 101251.560 6.116 401.550 55.752 25.158 25.000 
25.189 101243.760 6.766 399.856 55.752 25.147 25.000 
25.201 101244.096 6.737 398.117 55.752 25.147 25.000 
25.195 101267.816 4.761 395.568 55.721 25.147 25.000 
25.208 101268.128 4.734 393.859 55.721 25.158 25.000 
25.208 101271.320 4.470 394.271 55.721 25.158 25.000 
25.220 101265.272 4.972 393.951 55.721 25.158 25.031 
25.208 101264.944 5.001 395.721 55.607 25.169 25.031 
25.220 101249.344 6.301 399.353 55.576 25.169 25.031 
25.233 101252.856 6.008 400.283 55.546 25.169 25.031 
25.226 101251.104 6.153 400.299 55.576 25.169 25.031 
25.239 101248.240 6.391 400.039 55.576 25.179 25.031 
25.251 101254.920 5.836 400.482 55.607 25.190 25.031 
25.233 101252.856 6.008 401.809 55.607 25.190 25.031 
25.245 101253.176 5.982 402.877 55.576 25.201 25.062 
25.245 101249.992 6.246 400.772 55.576 25.211 25.062 
25.264 101252.056 6.074 400.222 55.607 25.211 25.062 
25.251 101251.744 6.101 400.756 55.546 25.222 25.062 
25.264 101245.696 6.605 401.367 55.515 25.233 25.062 
25.282 101247.768 6.431 400.283 55.485 25.244 25.093 
25.282 101270.080 4.573 401.153 55.431 25.254 25.093 
25.289 101271.824 4.428 401.412 55.401 25.265 25.093 
25.282 101257.328 5.635 401.092 55.370 25.276 25.093 
25.282 101257.328 5.635 401.046 55.309 25.276 25.125 
25.282 101247.768 6.431 401.779 55.279 25.287 25.125 
25.295 101254.456 5.873 398.239 55.256 25.287 25.125 
25.301 101253.024 5.995 399.490 55.225 25.297 25.125 
25.307 101264.352 5.049 400.939 55.195 25.297 25.125 
25.301 101297.632 2.277 398.803 55.195 25.297 25.125 
25.301 101303.992 1.749 399.063 55.164 25.297 25.125 
25.295 101299.064 2.158 398.544 55.164 25.297 25.125 
25.314 101256.536 5.702 397.750 55.164 25.308 25.125 
25.326 101256.848 5.675 397.491 55.256 25.319 25.156 
25.320 101258.288 5.556 397.659 55.309 25.319 25.156 
25.320 101245.552 6.616 398.620 55.340 25.319 25.156 
25.320 101248.736 6.352 397.369 55.370 25.319 25.156 
25.338 101257.168 5.649 398.132 55.431 25.319 25.156 
25.332 101236.304 7.387 398.132 55.485 25.319 25.156 
25.351 101247.928 6.418 398.040 55.485 25.308 25.156 
25.332 101261.792 5.263 398.178 55.485 25.319 25.156 
25.345 101252.560 6.032 398.773 55.485 25.319 25.156 
25.345 101255.744 5.768 397.186 55.515 25.319 25.156 
25.351 101263.864 5.091 396.408 55.576 25.319 25.156 
25.345 101252.560 6.032 396.118 55.660 25.319 25.156 
25.351 101257.504 5.622 396.011 55.752 25.319 25.156 
25.357 101275.168 4.148 396.102 55.752 25.308 25.156 
25.363 101270.560 4.534 395.538 55.752 25.308 25.156 
25.357 101262.432 5.210 395.660 55.752 25.308 25.156 
25.357 101262.432 5.210 395.034 55.752 25.308 25.156 
25.351 101260.688 5.355 394.622 55.752 25.308 25.156 
25.376 101239.016 7.160 394.943 55.752 25.308 25.156 
25.370 101250.008 6.246 394.134 55.752 25.308 25.156 
25.370 101246.824 6.510 394.439 55.752 25.308 25.156 
25.382 101250.328 6.219 394.607 55.752 25.297 25.156 
25.370 101250.008 6.246 393.737 55.752 25.297 25.156 
25.394 101253.832 5.926 393.661 55.752 25.297 25.156 
25.382 101243.952 6.751 393.585 55.782 25.297 25.156 
25.382 101243.952 6.751 393.020 55.782 25.297 25.156 
25.382 101253.520 5.953 393.066 55.782 25.297 25.156 
25.388 101252.072 6.074 393.508 55.752 25.297 25.156 
25.382 101240.784 7.015 394.622 55.752 25.297 25.156 
25.382 101237.584 7.279 396.057 55.752 25.297 25.187 
25.382 101240.784 7.015 394.439 55.752 25.308 25.187 
25.419 101254.472 5.873 394.622 55.752 25.308 25.187 
25.407 101257.336 5.635 394.866 55.752 25.308 25.187 
25.419 101257.656 5.609 395.019 55.721 25.319 25.187 
25.407 101244.592 6.695 394.897 55.660 25.329 25.187 
25.419 101251.280 6.138 395.004 55.630 25.329 25.187 
25.426 101253.032 5.992 395.401 55.576 25.351 25.218 
25.432 101248.416 6.378 395.217 55.546 25.351 25.218 
25.419 101248.104 6.404 395.492 55.546 25.351 25.218 
25.413 101246.336 6.550 395.339 55.576 25.351 25.218 
25.419 101254.472 5.873 394.775 55.607 25.351 25.218 
25.432 101245.224 6.642 394.851 55.660 25.340 25.218 
25.426 101243.464 6.790 396.499 55.660 25.340 25.187 
25.444 101255.096 5.820 396.087 55.660 25.340 25.187 
25.450 101263.208 5.144 396.774 55.691 25.340 25.187 
25.438 101250.152 6.233 395.599 55.691 25.340 25.187 
25.438 101243.776 6.764 395.202 55.691 25.340 25.218 
25.432 101257.968 5.583 395.141 55.752 25.329 25.218 
25.444 101248.720 6.352 395.248 55.752 25.329 25.218 
25.450 101244.104 6.737 393.371 55.752 25.329 25.218 
25.457 101252.224 6.061 395.111 55.752 25.329 25.218 
25.457 101252.224 6.061 397.171 55.782 25.329 25.218 
25.463 101253.984 5.913 398.681 55.782 25.329 25.218 
25.457 101245.848 6.592 399.032 55.782 25.329 25.218 
25.457 101258.600 5.530 401.351 55.782 25.340 25.218 
25.450 101247.280 6.473 403.259 55.752 25.329 25.218 
25.469 101258.912 5.503 403.335 55.752 25.329 25.218 
25.457 101245.848 6.592 403.579 55.752 25.329 25.218 
25.482 101249.664 6.272 406.509 55.752 25.329 25.218 
25.469 101249.352 6.299 409.545 55.752 25.329 25.218 
25.482 101259.216 5.477 410.614 55.752 25.319 25.218 
25.482 101252.848 6.008 411.865 55.752 25.329 25.218 
25.475 101247.912 6.420 412.933 55.752 25.329 25.218 
25.494 101243.608 6.777 412.399 55.752 25.340 25.218 
25.494 101243.608 6.777 412.017 55.752 25.351 25.250 
25.488 101248.224 6.394 409.011 55.782 25.351 25.250 
25.482 101249.664 6.272 410.934 55.782 25.351 25.250 
25.500 101245.352 6.632 402.969 55.782 25.351 25.250 
25.500 101248.544 6.367 411.743 55.782 25.340 25.250 
25.494 101249.984 6.246 412.796 55.782 25.351 25.250 
25.506 101250.288 6.222 411.682 55.897 25.351 25.250 
25.506 101247.104 6.486 410.186 55.897 25.340 25.250 
25.500 101248.544 6.367 398.284 55.950 25.351 25.250 
25.506 101259.848 5.424 415.695 55.981 25.351 25.250 
25.506 101266.224 4.893 415.557 55.981 25.362 25.250 
25.513 101274.352 4.217 416.656 55.958 25.362 25.250 
25.519 101269.728 4.602 415.161 55.958 25.362 25.250 
25.513 101261.600 5.279 417.129 55.981 25.362 25.250 
25.519 101269.728 4.602 404.876 55.988 25.362 25.250 
25.506 101259.848 5.424 414.367 56.042 25.372 25.250 
25.519 101247.416 6.460 414.825 56.126 25.383 25.250 
25.525 101252.352 6.050 419.906 56.156 25.394 25.281 
25.531 101250.912 6.169 406.524 56.217 25.383 25.281 
25.525 101242.784 6.848 404.708 56.217 25.394 25.281 
25.531 101257.288 5.638 419.982 56.248 25.404 25.281 
25.531 101247.736 6.433 418.624 56.187 25.404 25.281 
25.525 101245.968 6.581 419.647 56.187 25.404 25.281 
25.531 101247.736 6.433 419.998 56.126 25.404 25.281 
25.531 101254.112 5.902 419.708 56.126 25.404 25.281 
25.531 101263.672 5.107 418.777 56.103 25.404 25.281 
25.544 101279.912 3.754 420.013 56.103 25.394 25.281 
25.544 101270.352 4.549 420.501 56.072 25.404 25.281 
25.544 101276.744 4.018 420.181 56.072 25.404 25.281 
25.544 101270.352 4.549 420.974 56.072 25.394 25.281 
25.531 101285.984 3.247 417.465 56.072 25.394 25.281 
25.531 101279.608 3.781 406.509 56.042 25.394 25.281 
25.544 101270.352 4.549 416.366 56.126 25.394 25.281 
25.544 101270.352 4.549 418.533 56.187 25.404 25.281 
25.550 101252.984 5.997 421.844 56.187 25.404 25.281 
25.544 101248.040 6.410 420.394 56.156 25.404 25.281 
25.556 101257.920 5.585 417.816 56.187 25.415 25.281 
25.544 101251.232 6.143 418.289 56.187 25.415 25.281 
25.569 101251.856 6.090 418.731 56.187 25.426 25.281 
25.550 101252.984 5.997 418.670 56.187 25.437 25.281 
25.581 101248.984 6.330 417.922 56.156 25.437 25.312 
25.569 101251.856 6.090 412.994 56.126 25.447 25.312 
25.562 101253.296 5.971 415.191 56.126 25.447 25.312 
25.569 101255.048 5.826 407.012 56.126 25.447 25.312 
25.556 101248.360 6.383 415.710 56.126 25.447 25.312 
25.556 101261.104 5.321 416.320 56.156 25.458 25.312 
25.569 101251.856 6.090 419.845 56.187 25.469 25.312 
25.569 101245.496 6.621 419.189 56.156 25.480 25.312 
25.581 101255.352 5.799 419.860 56.156 25.501 25.312 
25.569 101255.048 5.826 420.242 56.156 25.522 25.312 
25.581 101242.600 6.861 420.349 56.156 25.522 25.312 
25.587 101244.360 6.716 420.715 56.156 25.533 25.312 
25.587 101257.112 5.654 420.837 56.126 25.533 25.312 
25.600 101254.224 5.894 420.532 56.103 25.533 25.343 
25.587 101257.112 5.654 420.440 56.072 25.533 25.343 
25.600 101254.224 5.894 423.843 56.072 25.533 25.343 
25.606 101262.352 5.215 423.141 56.072 25.533 25.343 
25.593 101255.656 5.776 425.247 56.072 25.533 25.343 
25.606 101249.608 6.278 426.879 56.072 25.533 25.343 
25.612 101257.728 5.601 418.624 56.072 25.533 25.343 
25.612 101251.336 6.135 426.269 56.072 25.533 25.343 
25.600 101247.848 6.426 427.063 56.072 25.533 25.343 
25.618 101256.296 5.720 427.490 56.072 25.533 25.375 
25.631 101256.592 5.696 427.658 56.072 25.533 25.375 
25.606 101249.608 6.278 427.429 56.042 25.533 25.375 
25.637 101255.160 5.815 426.300 55.981 25.533 25.375 
25.625 101242.088 6.904 426.544 55.897 25.533 25.375 
25.631 101250.216 6.227 424.163 55.805 25.533 25.375 
25.618 101253.104 5.987 427.093 55.775 25.533 25.375 
25.618 101246.728 6.518 425.979 55.775 25.533 25.375 
25.631 101253.408 5.960 424.484 55.775 25.533 25.406 
25.637 101242.408 6.877 423.721 55.775 25.533 25.406 
25.631 101240.656 7.023 423.767 55.775 25.533 25.406 
25.643 101247.336 6.468 414.260 55.775 25.533 25.406 
25.631 101250.216 6.227 415.252 55.775 25.533 25.406 
25.625 101248.472 6.373 417.053 55.775 25.533 25.406 
25.637 101251.968 6.082 420.883 55.775 25.533 25.406 
25.631 101243.832 6.758 421.508 55.721 25.533 25.406 
25.631 101250.216 6.227 424.346 55.752 25.533 25.406 
25.643 101247.336 6.468 425.155 55.752 25.533 25.406 
25.643 101247.336 6.468 425.735 55.752 25.533 25.406 
25.649 101252.280 6.056 425.811 55.775 25.533 25.406 
25.649 101255.464 5.791 424.819 55.805 25.533 25.406 
25.649 101242.712 6.854 424.911 55.897 25.533 25.406 
25.656 101260.400 5.379 424.346 55.950 25.533 25.406 
25.656 101263.576 5.115 425.216 56.011 25.533 25.406 
25.656 101257.200 5.646 426.834 56.072 25.533 25.406 
25.662 101249.400 6.296 427.383 56.103 25.533 25.406 
25.668 101257.528 5.617 426.757 56.103 25.533 25.406 
25.668 101254.336 5.884 427.337 56.103 25.533 25.406 
25.656 101250.832 6.177 426.071 56.126 25.533 25.406 
25.656 101260.400 5.379 426.727 56.187 25.533 25.406 
25.656 101250.832 6.177 427.734 56.217 25.533 25.406 
25.656 101234.888 7.504 427.673 56.217 25.533 25.375 
25.680 101248.256 6.391 427.627 56.217 25.533 25.375 
25.680 101248.256 6.391 428.451 56.217 25.533 25.375 
25.680 101251.448 6.124 428.573 56.248 25.533 25.406 
25.662 101249.400 6.296 426.422 56.217 25.533 25.375 
25.662 101246.200 6.563 427.246 56.248 25.533 25.375 
25.668 101247.960 6.415 426.940 56.248 25.533 25.375 
25.668 101247.960 6.415 426.391 56.278 25.533 25.375 
25.680 101261.016 5.329 427.047 56.278 25.533 25.375 
25.662 101243.008 6.827 425.964 56.309 25.533 25.375 
25.680 101251.448 6.124 425.415 56.339 25.533 25.375 
25.699 101247.128 6.484 426.345 56.339 25.533 25.375 
25.687 101246.816 6.510 426.406 56.362 25.533 25.375 
25.699 101253.504 5.955 425.949 56.393 25.533 25.375 
25.687 101234.064 7.572 426.193 56.393 25.533 25.375 
25.687 101259.568 5.448 425.445 56.423 25.533 25.375 
25.705 101252.064 6.074 425.231 56.423 25.533 25.375 
25.699 101247.128 6.484 426.116 56.454 25.533 25.375 
25.680 101235.504 7.453 426.040 56.454 25.533 25.375 
25.693 101248.568 6.365 426.162 56.484 25.533 25.375 
25.705 101245.696 6.605 426.132 56.484 25.533 25.375 
25.711 101247.432 6.460 425.811 56.515 25.533 25.375 
25.699 101243.936 6.751 425.521 56.515 25.533 25.375 
25.705 101255.256 5.807 426.361 56.545 25.533 25.375 
25.705 101258.456 5.540 427.627 56.568 25.533 25.375 
25.705 101264.832 5.009 427.719 56.568 25.533 25.375 
25.705 101252.064 6.074 428.054 56.568 25.533 25.375 
25.705 101248.880 6.338 427.658 56.568 25.533 25.375 
25.718 101255.560 5.781 427.902 56.545 25.533 25.375 
25.705 101252.064 6.074 428.695 56.515 25.533 25.375 
25.718 101255.560 5.781 428.298 56.484 25.533 25.375 
25.718 101274.696 4.188 427.444 56.454 25.533 25.375 
25.718 101274.696 4.188 427.780 56.423 25.533 25.375 
25.724 101279.624 3.778 427.139 56.393 25.533 25.375 
25.718 101268.320 4.719 426.757 56.362 25.533 25.375 
25.730 101252.680 6.021 428.100 56.339 25.533 25.375 
25.730 101246.304 6.552 427.932 56.339 25.533 25.406 
25.730 101239.920 7.086 424.392 56.309 25.533 25.406 
25.743 101240.224 7.060 419.754 56.278 25.533 25.406 
25.743 101249.792 6.262 424.301 56.278 25.533 25.406 
25.743 101240.224 7.060 423.919 56.248 25.533 25.406 
25.755 101253.288 5.971 423.629 56.187 25.533 25.406 
25.743 101249.792 6.262 424.118 56.156 25.533 25.406 
25.755 101253.288 5.971 423.965 56.126 25.533 25.437 
25.767 101256.784 5.680 425.003 56.103 25.533 25.437 
25.767 101282.296 3.556 423.065 56.072 25.533 25.437 
25.767 101266.352 4.882 411.071 56.042 25.533 25.437 
25.761 101274.168 4.232 425.994 56.042 25.533 25.437 
25.767 101272.728 4.351 425.521 55.981 25.533 25.437 
25.767 101259.968 5.416 425.216 55.981 25.533 25.437 
25.774 101264.912 5.004 425.704 55.950 25.533 25.437 
25.774 101280.856 3.675 425.155 55.927 25.533 25.468 
25.780 101292.168 2.734 425.384 55.897 25.533 25.468 
25.786 101249.264 6.307 426.254 55.897 25.533 25.468 
25.792 101257.400 5.630 425.842 55.897 25.533 25.468 
25.786 101242.880 6.838 425.949 55.897 25.533 25.468 
25.786 101242.880 6.838 426.162 55.897 25.533 25.468 
25.780 101247.512 6.452 425.537 55.866 25.533 25.468 
25.805 101260.880 5.340 425.048 55.805 25.533 25.468 
25.798 101243.176 6.814 425.781 55.805 25.533 25.500 
25.805 101248.136 6.402 421.463 55.775 25.533 25.500 
25.805 101248.136 6.402 424.011 55.775 25.533 25.500 
25.805 101257.688 5.604 425.979 55.805 25.544 25.500 
25.817 101251.616 6.111 424.652 55.775 25.544 25.500 
25.823 101253.368 5.966 424.835 55.744 25.544 25.500 
25.817 101245.240 6.642 427.230 55.721 25.544 25.500 
25.817 101254.808 5.844 426.620 55.721 25.544 25.500 
25.829 101251.920 6.085 425.918 55.691 25.544 25.531 
25.811 101243.488 6.788 426.147 55.691 25.544 25.531 
25.823 101240.608 7.028 426.223 55.660 25.544 25.531 
25.829 101248.736 6.352 425.781 55.599 25.544 25.531 
25.829 101245.536 6.618 426.757 55.569 25.544 25.531 
25.842 101261.792 5.263 426.727 55.546 25.544 25.531 
25.829 101239.168 7.149 426.849 55.546 25.544 25.562 
25.848 101253.968 5.916 426.086 55.515 25.544 25.562 
25.842 101242.648 6.859 396.957 55.515 25.544 25.562 
25.848 101244.400 6.711 425.567 55.485 25.544 25.562 
25.848 101244.400 6.711 425.506 55.454 25.544 25.562 
25.854 101297.184 2.314 424.087 55.424 25.555 25.562 
25.867 101310.240 1.228 422.622 55.424 25.565 25.562 
25.854 101306.752 1.519 423.431 55.424 25.565 25.562 
25.860 101298.928 2.171 423.294 55.454 25.544 25.562 
25.854 101293.992 2.581 422.271 55.454 25.565 25.562 
25.873 101302.416 1.881 421.783 55.454 25.576 25.562 
25.879 101307.352 1.469 422.256 55.424 25.587 25.562 
25.879 101262.704 5.186 424.942 55.424 25.608 25.562 
25.873 101248.184 6.396 425.079 55.393 25.608 25.593 
25.879 101249.936 6.251 423.950 55.393 25.630 25.593 
25.867 101249.640 6.275 425.094 55.370 25.640 25.593 
25.879 101240.376 7.046 425.170 55.340 25.662 25.593 
25.879 101243.560 6.782 424.789 55.309 25.662 25.625 
25.885 101248.496 6.370 425.445 55.279 25.662 25.625 
25.885 101251.680 6.106 425.888 55.279 25.673 25.625 
25.879 101249.936 6.251 425.109 55.248 25.673 25.625 
25.879 101253.136 5.984 425.766 55.248 25.683 25.625 
25.898 101261.552 5.284 425.521 55.218 25.694 25.625 
25.879 101262.704 5.186 425.155 55.218 25.694 25.625 
25.904 101266.496 4.872 425.704 55.187 25.694 25.625 
25.898 101261.552 5.284 426.269 55.187 25.694 25.625 
25.898 101258.360 5.548 413.238 55.187 25.705 25.625 
25.904 101276.056 4.074 422.622 55.187 25.705 25.625 
25.910 101265.040 4.993 421.417 55.164 25.705 25.656 
25.904 101244.160 6.732 419.693 55.134 25.705 25.656 
25.910 101239.512 7.118 417.144 55.134 25.705 25.656 
25.910 101245.896 6.587 416.564 55.103 25.705 25.656 
25.929 101254.328 5.884 416.519 55.103 25.716 25.656 
25.923 101265.344 4.967 416.885 55.103 25.705 25.656 
25.929 101270.272 4.557 417.511 55.103 25.705 25.656 
25.929 101263.888 5.089 419.662 55.103 25.705 25.656 
25.916 101273.168 4.314 421.005 55.103 25.705 25.656 
25.923 101268.528 4.703 415.420 55.134 25.705 25.656 
25.929 101263.888 5.089 424.148 55.164 25.716 25.656 
25.947 101265.936 4.917 424.087 55.164 25.716 25.656 
25.941 101245.064 6.658 419.906 55.134 25.726 25.656 
25.941 101254.624 5.860 415.390 55.134 25.737 25.687 
25.947 101243.600 6.780 405.990 55.134 25.726 25.687 
25.941 101245.064 6.658 414.596 55.164 25.737 25.687 
25.947 101256.376 5.715 417.449 55.164 25.737 25.687 
25.954 101248.536 6.367 419.677 55.164 25.737 25.687 
25.941 101238.680 7.189 418.869 55.164 25.758 25.687 
25.947 101243.600 6.780 418.441 55.164 25.758 25.687 
25.966 101248.840 6.341 419.662 55.134 25.758 25.687 
25.947 101246.800 6.513 418.746 55.164 25.758 25.687 
25.960 101250.280 6.222 418.960 55.187 25.758 25.687 
25.954 101248.536 6.367 417.831 55.187 25.748 25.687 
25.947 101243.600 6.780 417.877 55.187 25.748 25.687 
25.960 101243.896 6.753 409.271 55.187 25.748 25.687 
25.954 101242.160 6.898 416.809 55.248 25.748 25.687 
25.966 101245.648 6.608 418.075 55.248 25.737 25.687 
25.966 101242.464 6.875 418.579 55.248 25.737 25.687 
25.954 101245.352 6.632 419.006 55.218 25.737 25.687 
25.972 101247.392 6.463 420.455 55.248 25.737 25.687 
25.966 101248.840 6.341 422.042 55.218 25.737 25.687 
25.972 101250.584 6.196 422.210 55.248 25.737 25.687 
25.978 101239.552 7.115 421.340 55.218 25.737 25.687 
25.978 101242.752 6.848 422.760 55.248 25.748 25.687 
25.966 101242.464 6.875 422.332 55.248 25.748 25.687 
25.966 101245.648 6.608 422.515 55.248 25.737 25.687 
25.978 101252.328 6.050 422.164 55.248 25.748 25.687 
25.978 101265.088 4.988 421.112 55.340 25.737 25.687 
25.991 101249.432 6.293 422.271 55.370 25.748 25.687 
25.997 101247.992 6.412 422.027 55.424 25.758 25.718 
25.991 101243.048 6.824 423.431 55.454 25.758 25.718 
26.003 101246.536 6.534 423.950 55.515 25.758 25.718 
26.003 101246.536 6.534 424.041 55.599 25.758 25.718 
26.003 101256.112 5.736 424.011 55.721 25.748 25.718 
25.972 101244.208 6.727 424.316 55.836 25.737 25.687 
25.978 101249.136 6.317 424.621 55.927 25.737 25.687 
25.985 101247.688 6.439 424.957 56.011 25.726 25.687 
25.997 101270.328 4.552 425.018 55.981 25.726 25.687 
25.991 101268.576 4.697 424.621 55.950 25.726 25.687 
25.991 101281.336 3.635 424.087 55.920 25.726 25.687 
25.985 101260.464 5.374 422.622 55.866 25.737 25.687 
25.997 101254.376 5.881 421.920 55.836 25.726 25.687 
25.997 101244.808 6.679 422.058 55.805 25.737 25.687 
26.009 101264.248 5.059 422.653 55.805 25.737 25.687 
26.009 101280.192 3.730 422.576 55.805 25.737 25.687 
26.003 101252.920 6.003 423.568 55.836 25.737 25.687 
26.009 101264.248 5.059 423.782 55.805 25.737 25.718 
26.003 101262.496 5.205 422.729 55.805 25.737 25.718 
26.016 101262.792 5.181 422.561 55.805 25.737 25.718 
26.016 101259.592 5.445 422.515 55.805 25.737 25.718 
26.022 101258.160 5.567 423.965 55.866 25.737 25.718 
26.022 101245.400 6.629 424.575 55.866 25.748 25.718 
26.022 101245.400 6.629 425.918 55.836 25.758 25.718 
26.028 101250.320 6.219 424.011 55.866 25.758 25.718 
26.040 101276.152 4.069 424.346 55.836 25.769 25.718 
26.040 101263.384 5.131 424.377 55.836 25.780 25.718 
26.053 101270.072 4.573 423.843 55.836 25.780 25.750 
26.047 101271.504 4.454 424.819 55.836 25.791 25.750 
26.065 101276.744 4.018 423.477 55.836 25.791 25.750 
26.040 101257.000 5.662 421.066 55.836 25.801 25.750 
26.059 101252.664 6.024 422.714 55.836 25.812 25.750 
26.053 101257.296 5.638 421.859 55.836 25.812 25.750 
26.053 101260.496 5.371 421.798 55.836 25.812 25.750 
26.053 101254.104 5.905 420.181 55.836 25.823 25.750 
26.047 101261.936 5.252 420.547 55.836 25.823 25.750 
26.047 101252.360 6.050 420.028 55.836 25.823 25.750 
26.053 101257.296 5.638 422.821 55.836 25.812 25.750 
26.065 101283.120 3.487 421.264 55.836 25.812 25.750 
26.065 101289.504 2.956 421.218 55.836 25.823 25.750 
26.065 101276.744 4.018 420.562 55.836 25.823 25.750 
26.084 101288.352 3.051 419.219 55.836 25.823 25.781 
26.065 101267.160 4.816 419.906 55.836 25.823 25.781 
26.078 101267.456 4.793 420.455 55.836 25.823 25.781 
26.065 101257.584 5.614 410.263 55.866 25.823 25.750 
26.065 101248.008 6.412 421.966 55.866 25.823 25.750 
26.078 101241.928 6.917 421.188 55.866 25.823 25.750 
26.084 101243.672 6.772 420.440 55.866 25.833 25.750 
26.096 101240.776 7.015 421.371 55.866 25.833 25.781 
26.096 101247.152 6.484 423.324 55.866 25.833 25.781 
26.078 101241.928 6.917 423.889 55.836 25.833 25.781 
26.078 101245.120 6.653 424.896 55.836 25.833 25.781 
26.078 101235.544 7.448 424.026 55.866 25.823 25.781 
26.084 101240.496 7.039 424.346 55.866 25.823 25.781 
26.090 101245.416 6.629 424.224 55.866 25.823 25.750 
26.090 101251.792 6.095 423.065 55.836 25.812 25.750 
26.078 101248.312 6.386 422.439 55.836 25.801 25.750 
26.078 101241.928 6.917 423.172 55.836 25.801 25.750 
26.084 101243.672 6.772 410.308 55.836 25.801 25.750 
26.084 101243.672 6.772 420.364 55.836 25.791 25.750 
26.096 101259.912 5.419 421.432 55.836 25.780 25.750 
26.102 101242.512 6.869 421.096 55.836 25.780 25.750 
26.109 101250.640 6.193 421.737 55.836 25.769 25.750 
26.096 101247.152 6.484 421.463 55.836 25.780 25.750 
26.096 101247.152 6.484 419.998 55.836 25.780 25.750 
26.096 101256.728 5.686 419.998 55.836 25.769 25.750 
26.102 101242.512 6.869 418.960 55.866 25.769 25.750 
26.102 101248.904 6.336 419.403 55.866 25.780 25.750 
26.090 101245.416 6.629 419.357 55.866 25.769 25.750 
26.096 101240.776 7.015 419.036 55.927 25.769 25.750 
26.102 101248.904 6.336 416.595 55.950 25.769 25.750 
26.096 101259.912 5.419 417.007 55.981 25.758 25.750 
26.102 101242.512 6.869 414.276 55.981 25.769 25.750 
26.109 101244.264 6.724 407.211 55.981 25.780 25.750 
26.102 101245.712 6.603 414.993 55.981 25.780 25.750 
26.102 101242.512 6.869 415.496 55.981 25.780 25.750 
26.109 101244.264 6.724 420.166 55.981 25.780 25.750 
26.102 101248.904 6.336 419.830 55.981 25.791 25.750 
26.121 101241.360 6.965 406.494 56.042 25.791 25.750 
26.115 101242.816 6.843 415.756 56.072 25.791 25.781 
26.102 101239.328 7.134 415.893 56.103 25.791 25.781 
26.102 101242.512 6.869 414.932 56.103 25.791 25.781 
26.115 101242.816 6.843 413.726 56.133 25.780 25.781 
26.115 101252.392 6.048 414.871 56.133 25.791 25.750 
26.133 101251.224 6.143 415.084 56.187 25.791 25.781 
26.115 101249.192 6.312 412.261 56.278 25.780 25.781 
26.109 101244.264 6.724 403.884 56.339 25.791 25.750 
26.127 101259.048 5.493 409.576 56.362 25.780 25.750 
26.127 101268.632 4.692 415.252 56.423 25.780 25.750 
26.102 101261.664 5.273 415.985 56.484 25.780 25.750 
26.127 101268.632 4.692 415.084 56.515 25.791 25.750 
26.133 101263.992 5.081 415.130 56.515 25.791 25.781 
26.121 101273.280 4.306 414.962 56.515 25.791 25.781 
26.127 101265.448 4.959 414.886 56.545 25.791 25.781 
26.139 101262.536 5.202 414.474 56.721 25.780 25.781 
26.127 101255.856 5.757 415.405 56.866 25.791 25.750 
26.139 101268.928 4.668 415.756 56.950 25.791 25.781 
26.133 101257.608 5.612 417.633 57.041 25.791 25.781 
26.127 101243.096 6.822 417.282 57.011 25.801 25.781 
26.133 101244.848 6.674 416.961 56.774 25.791 25.781 
26.139 101243.392 6.795 417.739 56.721 25.791 25.781 
26.146 101241.936 6.917 418.548 56.751 25.791 25.781 
26.152 101250.064 6.241 418.212 56.805 25.791 25.781 
26.127 101239.904 7.086 417.755 56.896 25.791 25.781 
26.152 101246.864 6.507 416.427 56.866 25.780 25.781 
26.158 101245.432 6.626 417.434 56.835 25.791 25.781 
26.152 101246.864 6.507 418.838 56.835 25.780 25.781 
26.164 101250.360 6.217 419.021 56.835 25.791 25.781 
26.152 101243.680 6.772 419.219 56.980 25.791 25.781 
26.152 101246.864 6.507 417.953 57.156 25.791 25.781 
26.152 101250.064 6.241 418.716 57.339 25.791 25.781 
26.152 101243.680 6.772 419.464 57.484 25.791 25.781 
26.152 101234.104 7.570 419.174 57.659 25.791 25.781 
26.152 101246.864 6.507 419.052 57.751 25.791 25.781 
26.164 101231.200 7.813 417.419 57.865 25.791 25.781 
26.158 101239.040 7.157 418.197 57.926 25.801 25.781 
26.164 101247.168 6.481 417.175 57.980 25.801 25.781 
26.164 101240.784 7.015 416.870 57.980 25.801 25.781 
26.177 101244.272 6.721 417.312 57.980 25.812 25.781 
26.183 101246.016 6.576 417.739 57.896 25.812 25.781 
26.201 101241.656 6.941 417.953 57.720 25.823 25.812 
26.201 101241.656 6.941 417.938 57.690 25.833 25.812 
26.201 101241.656 6.941 417.221 57.659 25.844 25.812 
26.195 101246.296 6.555 417.266 57.720 25.844 25.812 
26.208 101252.976 5.997 416.748 57.804 25.855 25.812 
26.201 101251.224 6.143 416.763 57.835 25.855 25.812 
26.201 101244.840 6.674 417.297 57.751 25.866 25.812 
26.201 101251.224 6.143 417.144 57.659 25.866 25.812 
26.208 101252.976 5.997 417.572 57.659 25.866 25.812 
26.201 101248.032 6.410 416.915 57.690 25.866 25.843 
26.220 101253.256 5.974 417.404 57.690 25.866 25.843 
26.208 101243.400 6.795 418.060 57.690 25.866 25.843 
26.220 101246.872 6.505 418.304 57.720 25.887 25.843 
26.232 101259.928 5.419 417.694 57.751 25.866 25.843 
26.232 101243.968 6.748 417.724 57.774 25.887 25.843 
26.239 101252.088 6.071 417.602 57.804 25.887 25.843 
26.226 101242.224 6.893 416.824 57.751 25.909 25.843 
26.226 101264.576 5.030 417.511 57.659 25.909 25.843 
26.226 101258.192 5.561 417.434 57.514 25.919 25.843 
26.239 101261.672 5.273 417.846 57.392 25.919 25.875 
26.232 101266.320 4.885 417.968 57.308 25.919 25.875 
26.257 101286.048 3.244 417.495 57.217 25.930 25.875 
26.239 101268.048 4.742 417.511 57.133 25.930 25.875 
26.239 101268.048 4.742 418.716 57.072 25.930 25.875 
26.239 101271.248 4.476 417.770 56.980 25.941 25.875 
26.257 101263.696 5.104 417.388 56.896 25.951 25.875 
26.263 101243.104 6.819 417.465 56.866 25.951 25.875 
26.257 101238.168 7.231 417.953 56.866 25.951 25.906 
26.257 101241.352 6.965 418.060 56.866 25.962 25.906 
26.263 101243.104 6.819 418.334 56.805 25.973 25.906 
26.263 101243.104 6.819 417.709 56.782 25.973 25.906 
26.263 101239.904 7.086 418.045 56.782 25.973 25.906 
26.276 101240.184 7.062 418.090 56.782 25.984 25.906 
26.263 101249.488 6.288 418.472 56.782 25.984 25.906 
26.282 101241.920 6.920 418.472 56.751 25.984 25.906 
26.288 101240.488 7.039 418.090 56.690 25.994 25.906 
26.276 101237.000 7.329 417.984 56.606 25.994 25.937 
26.282 101261.080 5.324 417.739 56.545 25.994 25.937 
26.282 101289.824 2.930 416.870 56.423 25.994 25.937 
26.301 101304.624 1.696 417.648 56.339 26.005 25.937 
26.288 101304.336 1.720 417.572 56.278 26.005 25.937 
26.301 101243.952 6.751 417.190 56.164 26.005 25.937 
26.294 101242.216 6.893 417.388 56.133 26.016 25.937 
26.301 101243.952 6.751 417.297 56.103 26.005 25.937 
26.301 101243.952 6.751 416.687 56.072 26.005 25.937 
26.301 101240.768 7.015 417.434 56.072 26.016 25.937 
26.313 101244.248 6.724 417.465 56.072 26.016 25.937 
26.313 101244.248 6.724 417.526 56.072 26.016 25.937 
26.307 101242.496 6.869 417.282 56.072 26.016 25.937 
26.325 101247.712 6.436 417.037 56.072 26.016 25.968 
26.325 101241.328 6.967 417.449 56.072 26.027 25.968 
26.325 101247.712 6.436 416.442 56.072 26.027 25.968 
26.319 101242.792 6.846 416.091 56.103 26.037 25.968 
26.313 101231.472 7.789 412.017 56.164 26.027 25.968 
26.313 101241.056 6.991 415.115 56.339 26.037 25.968 
26.325 101247.712 6.436 414.825 56.576 26.027 25.968 
26.325 101247.712 6.436 416.885 56.782 26.027 25.968 
26.319 101252.376 6.048 417.617 56.805 26.027 25.968 
26.319 101242.792 6.846 417.343 56.721 26.016 25.937 
26.319 101293.880 2.592 417.129 56.545 26.016 25.937 
26.325 101305.192 1.648 416.259 56.454 26.016 25.937 
26.331 101252.648 6.024 415.328 56.370 26.016 25.937 
26.331 101243.064 6.824 416.168 56.278 26.016 25.937 
26.338 101251.200 6.145 415.954 56.187 26.016 25.968 
26.344 101240.168 7.065 416.320 56.164 26.027 25.968 
26.325 101234.944 7.501 416.809 56.103 26.037 25.968 
26.331 101236.688 7.356 416.748 56.042 26.037 25.968 
26.350 101241.904 6.920 416.870 56.042 26.037 25.968 
26.344 101243.360 6.798 418.014 56.072 26.037 25.968 
26.362 101248.576 6.365 417.785 56.072 26.059 25.968 
26.362 101242.192 6.896 418.487 56.042 26.059 25.968 
26.350 101238.704 7.186 417.907 56.011 26.069 26.000 
26.362 101242.192 6.896 417.511 56.042 26.080 26.000 
26.381 101250.600 6.196 418.777 55.981 26.080 26.000 
26.362 101242.192 6.896 418.426 55.981 26.091 26.000 
26.381 101247.400 6.463 418.014 55.927 26.102 26.000 
26.369 101240.744 7.017 418.258 55.927 26.112 26.031 
26.393 101247.688 6.439 418.243 55.897 26.112 26.031 
26.375 101239.272 7.139 417.312 55.897 26.112 26.031 
26.393 101254.072 5.905 418.334 55.897 26.123 26.031 
26.400 101252.616 6.027 418.396 55.897 26.134 26.031 
26.406 101244.784 6.679 418.365 55.927 26.134 26.062 
26.406 101254.368 5.881 417.648 56.133 26.155 26.062 
26.406 101254.368 5.881 417.572 56.248 26.155 26.062 
26.400 101246.232 6.560 418.457 56.393 26.166 26.062 
26.406 101254.368 5.881 418.930 56.484 26.166 26.062 
26.424 101246.792 6.513 418.609 56.545 26.166 26.062 
26.406 101244.784 6.679 418.151 56.805 26.166 26.093 
26.424 101256.376 5.715 417.465 57.011 26.166 26.093 
26.418 101245.064 6.658 412.582 57.186 26.166 26.093 
26.424 101243.592 6.780 409.805 57.278 26.177 26.093 
26.418 101241.864 6.922 413.925 57.339 26.177 26.093 
26.424 101246.792 6.513 415.588 57.423 26.177 26.093 
26.437 101253.464 5.958 416.793 57.423 26.187 26.093 
26.437 101250.272 6.222 419.113 57.423 26.187 26.093 
26.443 101242.432 6.877 419.433 57.392 26.209 26.093 
26.443 101245.624 6.610 420.227 57.392 26.209 26.125 
26.449 101250.544 6.201 420.379 57.392 26.198 26.125 
26.430 101235.760 7.432 420.990 57.362 26.187 26.093 
26.443 101245.624 6.610 420.547 57.278 26.198 26.093 
26.449 101250.544 6.201 419.708 57.102 26.198 26.093 
26.449 101250.544 6.201 419.494 57.011 26.187 26.093 
26.437 101243.872 6.756 419.937 56.927 26.198 26.093 
26.437 101243.872 6.756 419.601 56.866 26.187 26.125 
26.449 101244.168 6.732 419.525 56.896 26.187 26.125 
26.455 101255.496 5.789 418.823 57.011 26.187 26.093 
26.455 101245.904 6.587 419.631 57.186 26.177 26.093 
26.468 101249.384 6.296 420.166 57.362 26.187 26.093 
26.468 101239.808 7.094 419.540 57.514 26.177 26.125 
26.461 101247.640 6.441 419.738 57.575 26.177 26.125 
26.461 101241.256 6.975 419.479 57.598 26.177 26.125 
26.461 101238.064 7.239 418.930 57.751 26.177 26.125 
26.461 101241.256 6.975 419.845 57.896 26.177 26.093 
26.461 101238.064 7.239 419.326 57.896 26.177 26.093 
26.461 101247.640 6.441 419.021 57.896 26.166 26.093 
26.474 101247.920 6.418 420.043 57.774 26.166 26.093 
26.474 101244.736 6.684 419.677 57.720 26.166 26.093 
26.461 101238.064 7.239 419.586 57.690 26.166 26.093 
26.461 101238.064 7.239 420.242 57.598 26.166 26.093 
26.480 101243.272 6.806 419.891 57.545 26.166 26.093 
26.486 101245.016 6.661 419.708 57.423 26.166 26.093 
26.474 101251.120 6.153 420.578 57.308 26.166 26.093 
26.474 101244.736 6.684 419.967 57.186 26.166 26.093 
26.474 101244.736 6.684 419.937 57.102 26.166 26.093 
26.486 101248.208 6.394 420.425 56.980 26.166 26.125 
26.498 101248.488 6.373 420.150 56.927 26.166 26.125 
26.498 101248.488 6.373 419.845 56.805 26.166 26.125 
26.492 101243.544 6.782 419.204 56.721 26.166 26.125 
26.492 101237.168 7.316 419.235 56.629 26.166 26.125 
26.492 101249.936 6.251 421.859 56.484 26.166 26.125 
26.498 101254.864 5.839 421.768 56.339 26.166 26.125 
26.492 101249.936 6.251 416.976 56.217 26.166 26.125 
26.492 101243.544 6.782 417.282 56.133 26.166 26.125 
26.505 101247.024 6.494 416.244 56.072 26.166 26.125 
26.511 101248.768 6.349 416.122 56.042 26.166 26.125 
26.498 101242.088 6.904 416.839 55.981 26.166 26.125 
26.505 101243.832 6.758 416.854 55.927 26.166 26.125 
26.492 101246.744 6.518 409.439 55.897 26.166 26.125 
26.498 101242.088 6.904 409.652 55.897 26.166 26.125 
26.505 101234.248 7.556 409.194 55.897 26.166 26.125 
26.498 101245.280 6.640 408.569 55.897 26.166 26.125 
26.511 101248.768 6.349 409.744 55.897 26.166 26.125 
26.511 101242.368 6.880 407.959 55.897 26.166 26.125 
26.511 101248.768 6.349 408.172 55.897 26.166 26.125 
26.498 101238.896 7.171 408.081 55.897 26.166 26.125 
26.536 101252.512 6.037 407.806 55.897 26.166 26.125 
26.523 101245.848 6.592 422.546 55.927 26.166 26.125 
26.517 101237.728 7.268 423.843 55.897 26.166 26.125 
26.511 101242.368 6.880 422.470 55.897 26.166 26.125 
26.517 101244.120 6.735 422.241 55.927 26.166 26.125 
26.529 101247.576 6.447 423.110 56.042 26.166 26.125 
26.523 101245.848 6.592 422.653 56.072 26.166 26.125 
26.511 101232.800 7.678 423.538 56.133 26.166 26.125 
26.517 101237.728 7.268 422.988 56.187 26.166 26.125 
26.529 101238.000 7.245 422.409 56.164 26.166 26.125 
