25.320 101276.120 4.071 308.731 55.752 25.190 25.000 
25.320 101279.168 3.815 305.648 55.721 25.190 25.000 
25.326 101271.776 4.431 305.892 55.698 25.190 25.000 
25.320 101263.928 5.086 308.822 55.698 25.190 25.000 
25.326 101280.912 3.670 309.799 55.698 25.201 25.000 
25.326 101274.824 4.177 309.951 55.637 25.201 25.000 
25.345 101283.080 3.490 309.677 55.607 25.201 25.000 
25.332 101273.504 4.288 309.295 55.576 25.201 25.000 
25.351 101281.784 3.598 307.769 55.576 25.211 25.000 
25.339 101263.064 5.157 307.357 55.607 25.211 25.031 
25.351 101275.688 4.106 309.875 55.576 25.211 25.031 
25.351 101278.728 3.852 312.454 55.576 25.211 25.031 
25.357 101277.432 3.960 307.846 55.576 25.222 25.031 
25.339 101272.192 4.396 303.283 55.576 25.211 25.031 
25.339 101269.160 4.650 309.829 55.546 25.211 25.031 
25.357 101277.432 3.960 312.530 55.576 25.211 25.031 
25.363 101276.120 4.071 310.958 55.576 25.211 25.031 
25.363 101270.032 4.576 309.844 55.576 25.211 25.031 
25.369 101280.912 3.670 309.112 55.576 25.211 25.031 
25.363 101270.032 4.576 310.913 55.576 25.211 25.031 
25.376 101270.464 4.542 309.127 55.546 25.211 25.031 
25.369 101277.864 3.923 311.660 55.546 25.201 25.031 
25.369 101274.824 4.177 309.783 55.546 25.190 25.031 
25.357 101268.296 4.721 308.822 55.607 25.211 25.031 
25.376 101264.368 5.049 310.928 55.637 25.211 25.031 
25.382 101272.200 4.396 312.835 55.668 25.222 25.031 
25.376 101273.504 4.288 312.377 55.691 25.233 25.062 
25.363 101273.088 4.322 312.957 55.668 25.244 25.062 
25.357 101268.296 4.721 311.386 55.668 25.244 25.062 
25.345 101264.816 5.012 309.112 55.637 25.254 25.062 
25.345 101273.936 4.251 308.746 55.637 25.265 25.062 
25.351 101278.728 3.852 308.166 55.607 25.276 25.062 
25.345 101270.896 4.505 309.356 55.607 25.276 25.062 
25.339 101275.248 4.143 309.326 55.576 25.287 25.062 
25.339 101266.112 4.904 311.264 55.576 25.297 25.062 
25.339 101263.064 5.157 312.622 55.546 25.297 25.093 
25.351 101281.784 3.598 309.310 55.546 25.308 25.093 
25.351 101272.640 4.359 312.179 55.515 25.319 25.093 
25.357 101268.296 4.721 314.102 55.515 25.329 25.093 
25.357 101277.432 3.960 315.292 55.492 25.329 25.093 
25.351 101266.544 4.867 312.774 55.431 25.340 25.093 
25.332 101276.552 4.034 312.728 55.401 25.351 25.125 
25.339 101275.248 4.143 312.759 55.370 25.351 25.125 
25.326 101271.776 4.431 312.973 55.401 25.362 25.125 
25.302 101267.856 4.758 313.705 55.492 25.362 25.125 
25.326 101274.824 4.177 313.858 55.515 25.372 25.125 
25.320 101273.080 4.322 314.407 55.515 25.383 25.125 
25.314 101271.336 4.468 315.979 55.515 25.383 25.125 
25.314 101265.248 4.975 316.146 55.424 25.394 25.125 
25.339 101278.288 3.889 315.505 55.401 25.404 25.125 
25.320 101266.984 4.830 315.994 55.340 25.404 25.125 
25.332 101270.464 4.542 317.199 55.279 25.415 25.156 
25.339 101266.112 4.904 314.468 55.248 25.415 25.156 
25.357 101277.432 3.960 315.094 55.195 25.426 25.156 
25.345 101261.760 5.266 313.827 55.164 25.426 25.156 
25.363 101266.992 4.830 313.751 55.164 25.426 25.156 
25.363 101279.168 3.815 313.873 55.164 25.437 25.156 
25.363 101276.120 4.071 313.232 55.164 25.447 25.156 
25.369 101259.584 5.448 313.293 55.164 25.447 25.187 
25.376 101267.416 4.795 313.339 55.134 25.458 25.187 
25.388 101267.848 4.758 314.209 55.134 25.458 25.187 
25.394 101281.776 3.598 314.117 55.164 25.469 25.187 
25.400 101295.688 2.441 313.659 55.164 25.469 25.187 
25.400 101286.560 3.199 317.993 55.164 25.469 25.187 
25.413 101296.120 2.404 319.168 55.164 25.480 25.187 
25.413 101293.080 2.658 318.527 55.134 25.480 25.187 
25.419 101297.856 2.259 317.123 55.134 25.480 25.187 
25.425 101290.456 2.877 318.130 55.134 25.480 25.218 
25.425 101287.416 3.128 317.474 55.134 25.480 25.218 
25.419 101288.720 3.020 316.909 55.103 25.480 25.218 
25.419 101285.672 3.273 315.536 55.103 25.480 25.187 
25.437 101269.576 4.616 317.367 55.103 25.469 25.218 
25.437 101263.480 5.123 317.459 55.103 25.469 25.218 
25.437 101269.576 4.616 318.466 55.073 25.458 25.187 
25.450 101285.232 3.310 318.923 55.073 25.458 25.187 
25.450 101288.272 3.057 319.259 55.073 25.447 25.187 
25.450 101285.232 3.310 318.954 55.103 25.447 25.187 
25.462 101282.608 3.530 319.259 55.103 25.447 25.187 
25.487 101286.512 3.205 319.366 55.134 25.458 25.218 
25.480 101293.928 2.586 319.610 55.134 25.447 25.218 
25.474 101301.320 1.971 319.595 55.134 25.458 25.218 
25.468 101296.544 2.370 319.030 55.134 25.458 25.218 
25.487 101295.656 2.444 316.925 55.134 25.447 25.218 
25.474 101267.808 4.764 316.085 55.134 25.437 25.218 
25.487 101271.280 4.473 316.314 55.103 25.426 25.218 
25.499 101280.848 3.675 316.329 55.073 25.426 25.187 
25.493 101266.928 4.835 316.574 55.073 25.415 25.187 
25.480 101263.456 5.126 317.138 55.073 25.415 25.187 
25.493 101273.024 4.328 316.055 55.073 25.426 25.218 
25.493 101269.976 4.581 312.698 55.073 25.426 25.218 
25.487 101271.280 4.473 311.737 55.073 25.426 25.218 
25.468 101287.400 3.131 309.234 55.073 25.437 25.218 
25.450 101279.144 3.818 308.929 54.989 25.437 25.218 
25.462 101285.664 3.276 311.386 54.874 25.437 25.218 
25.443 101289.600 2.946 310.882 54.783 25.437 25.218 
25.425 101278.272 3.892 310.943 54.722 25.437 25.218 
25.413 101268.712 4.687 311.996 54.722 25.437 25.218 
25.425 101269.136 4.653 309.982 54.722 25.437 25.218 
25.413 101286.984 3.165 310.516 54.783 25.447 25.218 
25.413 101286.984 3.165 311.767 54.813 25.458 25.218 
25.425 101302.648 1.860 313.339 54.844 25.458 25.218 
25.406 101303.512 1.788 313.888 54.874 25.458 25.218 
25.406 101297.432 2.296 314.819 54.928 25.480 25.218 
25.413 101302.216 1.897 315.185 54.958 25.480 25.218 
25.406 101300.472 2.042 314.910 55.019 25.480 25.218 
25.394 101287.856 3.091 314.514 55.103 25.490 25.218 
25.413 101274.800 4.180 315.139 55.134 25.490 25.218 
25.400 101274.376 4.214 313.659 55.164 25.501 25.218 
25.400 101277.424 3.960 315.490 55.164 25.501 25.218 
25.406 101279.152 3.818 314.025 55.164 25.501 25.218 
25.400 101271.320 4.470 314.376 55.134 25.512 25.250 
25.400 101271.320 4.470 315.231 55.134 25.512 25.250 
25.400 101262.184 5.231 313.812 55.134 25.512 25.250 
25.413 101277.848 3.926 311.889 55.103 25.522 25.250 
25.406 101266.968 4.832 309.234 55.134 25.522 25.250 
25.413 101265.656 4.941 304.290 55.103 25.522 25.250 
25.425 101275.224 4.145 302.063 55.103 25.522 25.250 
25.425 101287.416 3.128 306.930 55.103 25.522 25.250 
25.431 101292.200 2.729 303.833 55.103 25.522 25.250 
25.443 101295.688 2.441 305.068 55.103 25.522 25.250 
25.437 101278.712 3.855 304.519 55.103 25.522 25.250 
25.443 101298.736 2.187 305.419 55.103 25.533 25.250 
25.437 101284.816 3.345 301.757 55.103 25.544 25.250 
25.437 101275.664 4.108 299.743 55.050 25.533 25.250 
25.437 101278.712 3.855 301.467 55.019 25.544 25.281 
25.450 101276.088 4.074 299.209 54.958 25.544 25.281 
25.450 101266.952 4.832 300.125 54.928 25.533 25.281 
25.462 101276.520 4.037 300.338 54.928 25.544 25.250 
25.462 101270.432 4.544 298.065 54.958 25.565 25.281 
25.456 101259.552 5.451 299.301 54.958 25.565 25.281 
25.468 101266.080 4.906 300.109 54.958 25.565 25.281 
25.474 101267.808 4.764 300.308 54.958 25.576 25.281 
25.474 101270.848 4.510 301.605 54.989 25.576 25.281 
25.468 101266.080 4.906 301.376 54.989 25.576 25.281 
25.480 101266.496 4.872 300.979 54.989 25.587 25.281 
25.480 101269.552 4.616 300.674 55.019 25.587 25.281 
25.462 101264.336 5.052 300.735 55.019 25.587 25.312 
25.462 101270.432 4.544 300.079 55.019 25.598 25.312 
25.450 101266.952 4.832 300.918 55.019 25.598 25.312 
25.456 101265.648 4.941 303.466 55.050 25.608 25.312 
25.443 101277.408 3.963 302.978 55.080 25.608 25.312 
25.443 101265.224 4.978 301.101 55.134 25.608 25.312 
25.450 101276.088 4.074 300.766 55.195 25.619 25.312 
25.462 101270.432 4.544 303.070 55.256 25.630 25.312 
25.456 101265.648 4.941 304.046 55.279 25.630 25.312 
25.474 101273.896 4.254 303.848 55.256 25.640 25.312 
25.480 101287.832 3.094 302.185 55.256 25.640 25.312 
25.480 101296.976 2.333 300.155 55.225 25.640 25.343 
25.474 101289.144 2.985 298.080 55.195 25.640 25.343 
25.480 101275.640 4.111 300.094 55.164 25.651 25.343 
25.487 101298.704 2.190 300.659 55.134 25.662 25.343 
25.493 101279.120 3.820 301.132 55.134 25.662 25.343 
25.487 101277.376 3.966 302.124 55.103 25.673 25.343 
25.499 101274.760 4.182 302.047 55.103 25.683 25.343 
25.487 101265.184 4.980 302.444 55.103 25.694 25.343 
25.487 101268.224 4.727 302.322 55.134 25.683 25.343 
25.480 101263.456 5.126 301.864 55.195 25.694 25.343 
25.493 101279.120 3.820 299.301 55.279 25.716 25.375 
25.487 101265.184 4.980 298.324 55.401 25.716 25.375 
25.499 101274.760 4.182 299.926 55.454 25.726 25.375 
25.524 101278.648 3.860 301.040 55.485 25.726 25.375 
25.524 101269.512 4.621 301.773 55.546 25.716 25.375 
25.524 101275.608 4.114 302.703 55.546 25.726 25.375 
25.524 101278.648 3.860 300.796 55.546 25.726 25.375 
25.536 101288.216 3.062 300.109 55.485 25.726 25.375 
25.524 101284.760 3.350 300.369 55.485 25.726 25.375 
25.530 101289.544 2.951 300.979 55.485 25.726 25.375 
25.524 101275.608 4.114 299.774 55.546 25.726 25.375 
25.536 101279.080 3.823 298.858 55.691 25.726 25.375 
25.561 101273.840 4.259 300.720 55.843 25.726 25.406 
25.548 101276.472 4.042 301.315 55.927 25.726 25.406 
25.554 101281.264 3.641 301.528 55.958 25.726 25.406 
25.573 101280.368 3.717 302.200 55.988 25.726 25.406 
25.573 101323.040 0.163 301.147 55.988 25.726 25.406 
25.573 101319.992 0.417 301.376 55.988 25.726 25.406 
25.579 101327.824 0.232 301.132 55.988 25.726 25.406 
25.585 101274.712 4.188 300.415 56.019 25.726 25.406 
25.585 101271.656 4.441 299.194 56.042 25.726 25.437 
25.598 101265.976 4.914 298.278 56.042 25.726 25.437 
25.591 101264.248 5.059 300.079 56.072 25.737 25.437 
25.622 101266.832 4.843 297.973 56.072 25.737 25.437 
25.634 101267.248 4.808 296.783 56.072 25.737 25.437 
25.622 101269.880 4.589 297.225 56.072 25.737 25.437 
25.634 101267.248 4.808 297.698 56.049 25.737 25.437 
25.641 101272.040 4.409 297.164 56.049 25.737 25.437 
25.653 101266.360 4.882 300.445 56.049 25.758 25.437 
25.659 101268.104 4.737 301.010 56.049 25.769 25.437 
25.671 101274.616 4.195 299.942 56.019 25.769 25.468 
25.659 101265.056 4.991 301.406 56.019 25.769 25.468 
25.671 101271.560 4.449 302.078 55.988 25.780 25.468 
25.678 101270.264 4.557 302.215 55.988 25.780 25.468 
25.671 101274.616 4.195 302.139 55.988 25.780 25.468 
25.684 101278.096 3.905 301.818 55.988 25.780 25.468 
25.702 101289.400 2.964 301.406 56.019 25.780 25.468 
25.702 101283.296 3.471 301.559 56.019 25.780 25.468 
25.702 101283.296 3.471 301.010 56.019 25.780 25.468 
25.715 101280.664 3.691 300.247 56.049 25.780 25.468 
25.721 101279.360 3.799 298.828 56.049 25.791 25.468 
25.733 101276.728 4.018 299.819 56.049 25.791 25.500 
25.733 101279.776 3.765 299.530 56.049 25.791 25.500 
25.727 101265.848 4.925 300.338 56.019 25.791 25.500 
25.733 101261.488 5.289 301.177 55.988 25.791 25.500 
25.739 101275.424 4.127 299.667 55.958 25.791 25.500 
25.739 101263.224 5.144 299.224 55.958 25.801 25.500 
25.745 101274.112 4.238 300.079 55.927 25.801 25.500 
25.745 101264.960 4.999 300.430 55.927 25.801 25.500 
25.751 101269.744 4.600 300.384 55.897 25.812 25.500 
25.758 101265.376 4.964 300.064 55.897 25.812 25.500 
25.770 101271.888 4.423 296.371 55.897 25.801 25.500 
25.770 101265.808 4.930 297.042 55.897 25.801 25.531 
25.770 101262.760 5.184 297.729 55.874 25.812 25.531 
25.794 101269.672 4.608 298.126 55.813 25.801 25.531 
25.782 101275.352 4.135 298.080 55.752 25.801 25.531 
25.794 101272.720 4.354 299.621 55.721 25.801 25.531 
25.782 101266.208 4.896 299.591 55.691 25.812 25.531 
25.794 101272.720 4.354 299.041 55.691 25.823 25.531 
25.794 101272.720 4.354 297.470 55.668 25.823 25.531 
25.794 101260.528 5.369 298.065 55.668 25.823 25.531 
25.794 101266.624 4.861 298.782 55.637 25.833 25.531 
25.794 101266.624 4.861 300.933 55.637 25.833 25.562 
25.794 101269.672 4.608 300.003 55.668 25.833 25.562 
25.794 101266.624 4.861 295.028 55.691 25.844 25.562 
25.807 101276.192 4.063 297.271 55.721 25.844 25.562 
25.807 101270.104 4.571 298.126 55.721 25.833 25.562 
25.819 101276.616 4.029 296.752 55.752 25.833 25.562 
25.819 101273.560 4.283 296.371 55.782 25.833 25.562 
25.819 101267.464 4.790 297.698 55.813 25.833 25.562 
25.825 101269.192 4.647 296.401 55.843 25.833 25.562 
25.831 101267.872 4.756 294.570 55.843 25.823 25.562 
25.825 101269.192 4.647 294.799 55.843 25.823 25.562 
25.844 101268.296 4.721 295.654 55.843 25.833 25.562 
25.831 101264.832 5.009 295.913 55.843 25.823 25.562 
25.856 101283.960 3.416 296.218 55.813 25.833 25.562 
25.850 101263.920 5.086 297.149 55.813 25.833 25.562 
25.856 101265.680 4.941 298.065 55.813 25.833 25.593 
25.868 101272.176 4.399 299.026 55.813 25.833 25.593 
25.868 101278.280 3.889 299.667 55.782 25.844 25.593 
25.874 101270.864 4.507 301.025 55.782 25.844 25.593 
25.874 101270.864 4.507 300.689 55.813 25.855 25.593 
25.887 101280.440 3.709 301.895 55.782 25.855 25.593 
25.881 101266.504 4.869 301.467 55.782 25.855 25.593 
25.887 101265.192 4.980 303.070 55.782 25.866 25.593 
25.893 101269.968 4.581 303.451 55.782 25.866 25.625 
25.893 101273.016 4.328 303.939 55.782 25.866 25.625 
25.905 101276.488 4.040 304.626 55.782 25.887 25.625 
25.905 101264.280 5.057 304.718 55.782 25.887 25.625 
25.911 101262.952 5.168 305.175 55.782 25.887 25.625 
25.930 101268.152 4.734 304.565 55.782 25.887 25.625 
25.924 101275.560 4.116 304.443 55.782 25.898 25.625 
25.924 101272.520 4.370 303.649 55.813 25.898 25.625 
25.918 101261.632 5.276 305.786 55.813 25.909 25.625 
25.936 101269.880 4.589 305.404 55.782 25.909 25.625 
25.930 101265.104 4.988 307.067 55.782 25.909 25.656 
25.936 101266.832 4.843 305.847 55.752 25.919 25.656 
25.930 101268.152 4.734 304.626 55.782 25.919 25.656 
25.942 101274.664 4.190 305.755 55.782 25.919 25.656 
25.954 101272.024 4.412 306.396 55.752 25.930 25.656 
25.967 101266.344 4.885 305.770 55.721 25.930 25.656 
25.967 101269.400 4.629 310.745 55.691 25.930 25.656 
25.973 101283.328 3.469 309.356 55.668 25.941 25.656 
25.979 101300.312 2.055 310.775 55.668 25.941 25.656 
25.985 101289.848 2.927 310.760 55.637 25.951 25.687 
25.979 101297.272 2.309 312.545 55.637 25.951 25.687 
25.985 101277.648 3.942 305.297 55.668 25.951 25.687 
25.991 101291.568 2.782 312.850 55.721 25.962 25.687 
25.997 101271.944 4.417 308.914 55.782 25.973 25.687 
25.997 101262.800 5.178 313.461 55.843 25.973 25.718 
26.004 101270.624 4.528 303.817 55.866 25.984 25.718 
26.004 101264.520 5.036 301.879 55.866 25.984 25.718 
26.016 101267.984 4.748 311.645 55.866 25.994 25.718 
26.016 101267.984 4.748 311.111 55.897 26.005 25.718 
26.016 101267.984 4.748 310.348 55.897 26.005 25.718 
26.016 101267.984 4.748 311.447 55.897 26.005 25.750 
26.016 101274.088 4.240 312.423 55.897 26.016 25.750 
26.034 101285.392 3.297 312.850 55.897 26.016 25.750 
26.016 101298.488 2.206 312.438 55.897 26.016 25.750 
26.028 101295.848 2.425 312.286 55.897 26.016 25.750 
26.028 101292.808 2.681 312.774 55.927 26.005 25.750 
26.028 101283.648 3.442 313.461 55.927 26.005 25.750 
26.040 101311.520 1.122 308.975 55.927 26.016 25.750 
26.040 101308.472 1.376 304.580 55.927 26.016 25.750 
26.028 101283.648 3.442 307.678 55.927 26.016 25.750 
26.047 101294.952 2.502 310.989 55.897 26.016 25.750 
26.047 101264.448 5.044 305.068 55.843 26.016 25.750 
26.047 101264.448 5.044 309.036 55.782 26.016 25.750 
26.059 101267.880 4.756 310.012 55.721 26.016 25.750 
26.065 101269.624 4.610 311.050 55.668 26.005 25.750 
26.053 101266.184 4.898 311.355 55.607 26.016 25.750 
26.065 101260.480 5.374 310.318 55.607 26.016 25.750 
26.065 101263.520 5.118 307.373 55.607 26.016 25.781 
26.077 101279.184 3.815 304.199 55.607 26.016 25.781 
26.077 101266.984 4.830 305.633 55.607 26.016 25.781 
26.071 101268.312 4.721 305.877 55.607 26.016 25.781 
26.090 101270.456 4.542 310.485 55.637 26.027 25.781 
26.083 101268.728 4.687 308.929 55.637 26.027 25.781 
26.102 101279.992 3.746 311.264 55.637 26.027 25.781 
26.102 101273.896 4.254 313.018 55.668 26.037 25.781 
26.102 101273.896 4.254 309.555 55.668 26.027 25.781 
26.108 101269.536 4.618 309.265 55.668 26.027 25.781 
26.102 101273.896 4.254 310.012 55.637 26.027 25.781 
26.102 101267.792 4.764 309.295 55.637 26.027 25.812 
26.114 101283.464 3.458 307.769 55.637 26.037 25.812 
26.102 101267.792 4.764 306.854 55.637 26.037 25.812 
26.126 101274.712 4.188 306.777 55.637 26.037 25.812 
26.126 101277.768 3.934 309.341 55.637 26.037 25.812 
26.114 101274.312 4.219 306.411 55.637 26.048 25.812 
26.126 101268.616 4.695 307.266 55.607 26.048 25.812 
26.108 101269.536 4.618 308.074 55.607 26.048 25.812 
26.114 101268.200 4.729 312.591 55.607 26.037 25.812 
26.120 101279.096 3.823 311.950 55.607 26.037 25.812 
26.120 101266.888 4.838 313.064 55.607 26.037 25.812 
26.126 101274.712 4.188 311.981 55.607 26.037 25.812 
26.126 101265.560 4.948 313.217 55.607 26.048 25.812 
26.133 101282.552 3.535 310.256 55.607 26.048 25.812 
26.126 101280.824 3.678 312.362 55.637 26.048 25.812 
26.139 101269.032 4.660 310.226 55.637 26.048 25.812 
26.133 101285.608 3.279 311.035 55.607 26.048 25.843 
26.133 101270.344 4.552 308.410 55.637 26.059 25.843 
26.120 101254.688 5.855 307.434 55.637 26.048 25.843 
26.126 101265.560 4.948 308.410 55.637 26.048 25.812 
26.139 101272.080 4.407 308.929 55.637 26.048 25.812 
26.139 101269.032 4.660 308.837 55.637 26.037 25.812 
26.133 101264.248 5.059 309.768 55.668 26.048 25.843 
26.151 101266.400 4.880 308.990 55.668 26.048 25.843 
26.139 101272.080 4.407 311.065 55.637 26.059 25.843 
26.145 101279.904 3.754 310.546 55.637 26.059 25.843 
26.145 101270.768 4.515 312.667 55.515 26.080 25.843 
26.139 101265.984 4.914 309.860 55.515 26.091 25.843 
26.139 101275.128 4.153 310.043 55.660 26.091 25.875 
26.139 101275.128 4.153 310.638 55.805 26.102 25.875 
26.139 101275.128 4.153 309.402 55.897 26.102 25.875 
26.133 101270.344 4.552 311.935 55.958 26.112 25.875 
26.139 101272.080 4.407 312.149 56.042 26.123 25.875 
26.139 101272.080 4.407 312.042 56.072 26.123 25.875 
26.151 101275.544 4.116 312.500 56.103 26.134 25.875 
26.139 101272.080 4.407 309.814 56.103 26.134 25.875 
26.139 101275.128 4.153 314.071 56.103 26.134 25.875 
26.145 101279.904 3.754 312.927 56.103 26.134 25.875 
26.145 101270.768 4.515 310.470 56.133 26.145 25.875 
26.145 101279.904 3.754 313.964 56.194 26.145 25.906 
26.145 101273.816 4.261 313.354 56.217 26.134 25.906 
26.151 101281.656 3.609 310.089 56.248 26.134 25.906 
26.139 101272.080 4.407 312.301 56.278 26.134 25.906 
26.139 101265.984 4.914 311.645 56.309 26.134 25.906 
26.151 101263.336 5.133 312.881 56.278 26.134 25.875 
26.151 101278.592 3.863 313.476 56.278 26.134 25.875 
26.151 101269.448 4.626 313.415 56.278 26.123 25.875 
26.151 101263.336 5.133 313.659 56.248 26.123 25.875 
26.151 101275.544 4.116 313.186 56.133 26.112 25.875 
26.163 101275.936 4.084 313.400 56.072 26.112 25.875 
26.169 101268.520 4.703 313.034 55.988 26.102 25.875 
26.151 101275.544 4.116 313.797 55.988 26.102 25.875 
26.169 101274.624 4.195 313.323 55.958 26.102 25.875 
26.176 101267.184 4.814 312.942 55.958 26.091 25.875 
26.182 101271.968 4.415 313.537 55.927 26.091 25.875 
26.182 101265.864 4.925 313.476 55.927 26.080 25.875 
26.182 101265.864 4.925 313.339 55.958 26.091 25.875 
26.188 101276.760 4.016 312.835 55.988 26.080 25.875 
26.194 101287.640 3.109 313.430 56.019 26.080 25.875 
26.200 101283.248 3.477 313.339 56.072 26.091 25.875 
26.194 101275.440 4.127 313.278 56.103 26.091 25.875 
26.200 101280.192 3.730 313.125 56.133 26.091 25.906 
26.206 101278.880 3.839 313.369 56.103 26.102 25.906 
26.225 101290.168 2.901 311.889 56.072 26.112 25.906 
26.225 101302.384 1.883 311.935 56.072 26.112 25.906 
26.218 101294.544 2.536 311.035 56.072 26.123 25.906 
26.206 101294.144 2.570 309.494 56.133 26.123 25.906 
26.231 101288.856 3.009 309.097 56.217 26.123 25.906 
26.237 101269.216 4.645 312.179 56.309 26.134 25.906 
26.237 101269.216 4.645 307.708 56.278 26.134 25.937 
26.249 101266.568 4.867 312.042 56.278 26.145 25.937 
26.249 101266.568 4.867 314.590 56.248 26.155 25.937 
26.249 101260.472 5.374 314.712 56.217 26.166 25.937 
26.268 101274.816 4.180 312.271 56.217 26.166 25.937 
26.274 101273.472 4.291 310.333 56.309 26.177 25.937 
26.261 101282.232 3.561 309.890 56.423 26.187 25.968 
26.280 101296.568 2.367 309.997 56.454 26.198 25.968 
26.286 101301.344 1.968 304.336 56.515 26.198 25.968 
26.292 101290.864 2.843 303.543 56.545 26.198 25.968 
26.298 101286.496 3.205 309.509 56.576 26.220 25.968 
26.298 101286.496 3.205 309.844 56.576 26.230 25.968 
26.304 101291.280 2.808 309.799 56.637 26.230 26.000 
26.304 101303.496 1.791 309.600 56.660 26.230 26.000 
26.298 101298.704 2.190 309.783 56.690 26.241 26.000 
26.311 101283.832 3.427 309.646 56.721 26.241 26.000 
26.304 101266.864 4.840 309.432 56.812 26.252 26.000 
26.311 101265.520 4.951 309.677 56.835 26.241 26.000 
26.311 101271.624 4.444 309.936 56.866 26.252 26.000 
26.323 101275.088 4.156 309.661 56.866 26.252 26.000 
26.323 101259.824 5.427 309.860 56.866 26.252 26.000 
26.317 101267.248 4.808 304.382 56.835 26.262 26.000 
26.323 101281.184 3.648 309.082 56.812 26.252 26.000 
26.323 101281.184 3.648 309.616 56.812 26.252 26.031 
26.317 101261.160 5.316 309.310 56.751 26.262 26.031 
26.317 101264.200 5.062 308.761 56.751 26.262 26.031 
26.317 101279.472 3.791 309.234 56.751 26.273 26.031 
26.317 101276.416 4.045 309.326 56.835 26.273 26.031 
26.335 101272.440 4.375 309.188 56.866 26.273 26.031 
26.323 101262.864 5.173 309.539 56.896 26.273 26.031 
26.317 101276.416 4.045 309.265 56.927 26.273 26.031 
26.335 101278.544 3.868 309.204 56.957 26.273 26.031 
26.323 101265.928 4.919 308.547 56.957 26.273 26.031 
26.323 101281.184 3.648 308.807 56.896 26.273 26.031 
26.317 101267.248 4.808 309.829 56.866 26.284 26.031 
26.323 101275.088 4.156 309.036 56.866 26.284 26.031 
26.329 101264.616 5.028 309.188 56.896 26.295 26.031 
26.323 101262.864 5.173 294.570 56.927 26.284 26.031 
26.323 101268.984 4.663 308.654 56.957 26.295 26.062 
26.347 101324.736 0.021 307.846 56.988 26.295 26.062 
26.323 101317.824 0.597 303.756 56.988 26.305 26.062 
26.323 101323.920 0.089 305.892 57.018 26.305 26.062 
26.317 101325.256 0.021 305.328 57.041 26.316 26.062 
26.311 101320.464 0.377 306.686 57.102 26.316 26.062 
26.311 101326.568 0.132 306.839 57.194 26.327 26.062 
26.304 101288.224 3.062 309.417 57.453 26.327 26.062 
26.298 101262.088 5.239 308.166 57.575 26.327 26.062 
26.298 101274.288 4.222 306.503 57.606 26.338 26.062 
26.292 101266.456 4.874 305.923 57.636 26.338 26.062 
26.311 101277.736 3.936 305.984 57.636 26.348 26.062 
26.304 101269.912 4.586 306.304 57.659 26.348 26.062 
26.304 101279.072 3.823 305.877 57.812 26.348 26.093 
26.298 101280.384 3.715 306.182 58.048 26.359 26.093 
26.304 101269.912 4.586 306.121 58.132 26.359 26.093 
26.311 101274.680 4.190 303.588 58.163 26.359 26.093 
26.311 101292.992 2.666 308.532 58.132 26.370 26.093 
26.323 101299.504 2.124 307.022 58.102 26.370 26.093 
26.323 101293.408 2.631 307.876 58.048 26.370 26.093 
26.317 101291.672 2.774 305.023 57.926 26.359 26.093 
26.323 101293.408 2.631 304.351 57.812 26.359 26.093 
26.323 101293.408 2.631 306.854 57.690 26.359 26.093 
26.335 101302.960 1.833 306.762 57.606 26.359 26.093 
26.335 101275.488 4.124 306.686 57.545 26.359 26.093 
26.335 101260.232 5.392 306.503 57.484 26.370 26.093 
26.341 101268.056 4.742 305.984 57.430 26.359 26.093 
26.335 101269.392 4.631 306.182 57.308 26.359 26.093 
26.347 101272.840 4.343 306.594 57.217 26.370 26.093 
26.347 101288.104 3.072 306.701 57.163 26.370 26.093 
26.347 101300.304 2.055 306.823 57.102 26.370 26.093 
26.360 101300.728 2.021 306.274 57.072 26.359 26.093 
26.366 101299.384 2.132 301.040 57.072 26.370 26.093 
26.372 101288.912 3.004 301.361 57.041 26.359 26.093 
26.372 101282.808 3.514 302.597 57.018 26.359 26.093 
26.366 101268.856 4.674 300.033 56.988 26.370 26.093 
26.384 101264.880 5.007 299.652 56.927 26.370 26.093 
26.390 101266.600 4.864 299.179 56.835 26.370 26.125 
26.396 101268.336 4.719 304.443 56.721 26.370 26.125 
26.396 101265.288 4.972 304.443 56.629 26.370 26.125 
26.403 101260.904 5.337 305.419 56.545 26.380 26.125 
26.396 101268.336 4.719 306.289 56.484 26.380 26.125 
26.403 101267.000 4.830 307.174 56.423 26.380 26.125 
26.421 101278.280 3.889 306.472 56.370 26.380 26.125 
26.415 101258.240 5.559 306.732 56.339 26.391 26.125 
26.409 101259.560 5.448 306.900 56.309 26.391 26.125 
26.427 101273.904 4.254 309.463 56.278 26.391 26.125 
26.421 101272.168 4.399 305.664 56.217 26.391 26.125 
26.427 101261.696 5.271 303.939 56.217 26.391 26.125 
26.427 101258.640 5.527 305.007 56.164 26.402 26.125 
26.427 101261.696 5.271 303.176 56.133 26.402 26.156 
26.445 101276.016 4.079 302.108 56.133 26.402 26.156 
26.433 101263.416 5.128 303.787 56.133 26.413 26.156 
26.452 101271.648 4.441 303.512 56.164 26.413 26.156 
26.445 101272.968 4.333 304.977 56.217 26.413 26.156 
26.452 101274.704 4.188 306.076 56.248 26.413 26.156 
26.470 101273.768 4.267 305.847 56.248 26.413 26.156 
26.464 101265.920 4.919 307.556 56.248 26.423 26.156 
26.458 101267.264 4.808 309.616 56.217 26.423 26.156 
26.464 101268.976 4.666 309.829 56.217 26.434 26.156 
26.482 101271.112 4.486 309.158 56.164 26.434 26.187 
26.470 101267.656 4.774 310.089 56.133 26.434 26.187 
26.470 101264.608 5.028 310.165 56.042 26.445 26.187 
26.488 101272.832 4.343 310.333 55.958 26.445 26.187 
26.482 101258.896 5.503 310.379 55.866 26.456 26.187 
26.494 101271.496 4.454 310.256 55.752 26.456 26.187 
26.501 101270.176 4.565 310.287 55.599 26.456 26.187 
26.507 101271.896 4.420 309.951 55.515 26.466 26.187 
26.513 101273.616 4.277 310.348 55.424 26.466 26.187 
26.519 101275.344 4.135 309.661 55.363 26.477 26.218 
26.519 101263.136 5.152 309.646 55.279 26.477 26.218 
26.531 101272.688 4.357 308.929 55.187 26.477 26.218 
26.531 101294.064 2.576 308.929 55.134 26.488 26.218 
26.531 101297.120 2.322 308.273 55.042 26.488 26.218 
26.531 101287.952 3.083 308.547 55.012 26.498 26.218 
26.537 101280.520 3.704 308.151 54.981 26.498 26.218 
26.543 101276.128 4.069 307.891 54.951 26.498 26.218 
26.556 101300.968 2.000 307.937 54.951 26.498 26.218 
26.562 101311.840 1.093 308.700 54.928 26.498 26.218 
26.550 101287.008 3.162 309.753 54.897 26.498 26.218 
26.556 101285.696 3.273 309.158 54.867 26.498 26.218 
26.562 101287.416 3.128 309.417 54.867 26.498 26.218 
26.568 101283.024 3.495 308.349 54.836 26.509 26.250 
26.574 101272.544 4.367 308.563 54.836 26.509 26.250 
26.562 101269.096 4.655 308.013 54.836 26.509 26.250 
26.568 101270.800 4.513 308.563 54.867 26.520 26.250 
26.574 101272.544 4.367 308.303 54.897 26.520 26.250 
26.580 101274.264 4.224 308.242 54.928 26.520 26.250 
26.592 101283.800 3.429 308.700 54.951 26.520 26.250 
26.580 101286.480 3.207 306.945 55.012 26.520 26.250 
26.586 101288.192 3.065 307.815 55.187 26.520 26.250 
26.592 101289.912 2.922 307.876 55.393 26.509 26.250 
26.592 101289.912 2.922 306.625 55.546 26.520 26.250 
26.592 101274.648 4.193 306.777 55.691 26.509 26.250 
26.592 101274.648 4.193 306.839 55.782 26.509 26.250 
26.605 101299.488 2.124 307.403 55.866 26.509 26.250 
26.605 101281.160 3.651 306.854 55.958 26.509 26.250 
26.611 101282.872 3.508 305.953 56.011 26.520 26.250 
26.611 101288.984 2.998 306.182 56.011 26.520 26.250 
26.605 101281.160 3.651 306.777 56.042 26.531 26.250 
26.605 101284.200 3.397 306.121 56.194 26.531 26.281 
26.611 101307.312 1.471 306.625 56.370 26.531 26.281 
26.617 101315.128 0.821 307.144 56.454 26.541 26.281 
26.611 101307.312 1.471 307.907 56.576 26.541 26.281 
26.605 101302.528 1.870 307.464 56.660 26.552 26.281 
26.617 101293.752 2.602 307.464 56.751 26.552 26.281 
26.623 101292.432 2.710 307.937 56.782 26.552 26.281 
26.617 101296.816 2.346 304.321 56.751 26.541 26.281 
26.617 101290.696 2.856 306.289 56.721 26.541 26.281 
26.617 101272.376 4.383 309.188 56.660 26.531 26.281 
26.605 101265.880 4.922 308.624 56.660 26.531 26.281 
26.623 101274.112 4.238 307.617 56.637 26.531 26.281 
26.617 101275.424 4.127 308.563 56.606 26.531 26.281 
26.623 101268.000 4.745 308.547 56.545 26.531 26.281 
26.617 101260.152 5.400 309.234 56.515 26.531 26.281 
26.629 101272.784 4.349 309.371 56.484 26.531 26.281 
26.623 101261.880 5.255 308.547 56.454 26.531 26.281 
26.635 101274.488 4.206 308.837 56.423 26.531 26.281 
26.617 101263.208 5.144 308.807 56.423 26.531 26.281 
26.623 101271.048 4.491 308.364 56.454 26.520 26.281 
26.617 101269.320 4.637 307.083 56.370 26.520 26.281 
26.617 101266.256 4.890 303.680 56.248 26.520 26.281 
26.611 101264.552 5.033 308.166 56.194 26.531 26.281 
26.617 101266.256 4.890 308.578 56.164 26.520 26.281 
26.605 101265.880 4.922 307.800 56.164 26.520 26.281 
26.605 101265.880 4.922 307.083 56.194 26.520 26.281 
26.617 101266.256 4.890 307.998 56.248 26.520 26.281 
26.617 101266.256 4.890 307.830 56.248 26.520 26.281 
26.605 101265.880 4.922 307.724 56.248 26.509 26.281 
26.611 101276.776 4.016 306.808 56.194 26.509 26.281 
26.617 101266.256 4.890 307.006 56.164 26.520 26.281 
26.611 101270.664 4.523 306.854 56.248 26.509 26.281 
26.617 101272.376 4.383 307.250 56.309 26.520 26.281 
26.617 101269.320 4.637 306.915 56.370 26.531 26.281 
26.605 101271.984 4.415 306.579 56.454 26.531 26.281 
26.605 101268.936 4.668 307.464 56.515 26.531 26.281 
26.605 101262.832 5.176 303.924 56.515 26.531 26.312 
26.605 101271.984 4.415 305.389 56.515 26.531 26.312 
26.617 101272.376 4.383 301.849 56.515 26.531 26.312 
26.605 101271.984 4.415 307.571 56.484 26.531 26.312 
26.605 101262.832 5.176 306.304 56.454 26.541 26.312 
26.611 101273.712 4.269 301.696 56.400 26.541 26.312 
26.611 101270.664 4.523 307.586 56.370 26.541 26.312 
26.605 101262.832 5.176 308.959 56.339 26.541 26.312 
26.611 101264.552 5.033 309.768 56.339 26.552 26.312 
26.599 101267.208 4.811 309.432 56.339 26.552 26.312 
26.592 101271.584 4.446 308.425 56.309 26.563 26.312 
26.605 101271.984 4.415 308.822 56.309 26.563 26.312 
26.611 101270.664 4.523 308.212 56.194 26.574 26.312 
26.611 101273.712 4.269 304.519 55.988 26.574 26.312 
26.605 101284.200 3.397 307.373 55.897 26.574 26.312 
26.605 101293.368 2.634 308.334 55.782 26.574 26.312 
26.611 101288.984 2.998 305.114 55.630 26.584 26.343 
26.605 101302.528 1.870 307.067 55.515 26.584 26.343 
26.617 101281.528 3.619 303.695 55.393 26.584 26.343 
26.617 101290.696 2.856 302.795 55.279 26.584 26.343 
26.617 101275.424 4.127 303.176 55.218 26.584 26.343 
26.635 101277.536 3.952 303.222 55.164 26.584 26.343 
26.635 101283.648 3.442 303.253 55.103 26.584 26.343 
26.629 101278.880 3.839 307.998 55.012 26.584 26.343 
26.629 101281.936 3.585 310.775 54.981 26.584 26.343 
26.641 101276.208 4.063 310.531 54.951 26.584 26.343 
26.641 101254.824 5.844 310.531 54.951 26.584 26.343 
26.641 101267.048 4.824 310.424 54.928 26.584 26.343 
26.654 101267.448 4.793 310.180 54.928 26.584 26.343 
26.654 101267.448 4.793 310.211 54.928 26.584 26.343 
26.648 101262.656 5.192 311.035 54.928 26.584 26.343 
26.641 101263.984 5.081 309.539 54.928 26.584 26.343 
26.654 101258.280 5.556 310.729 54.951 26.574 26.343 
26.660 101266.104 4.904 312.545 54.981 26.574 26.343 
26.654 101267.448 4.793 313.079 54.981 26.574 26.343 
26.666 101270.880 4.507 313.613 54.951 26.574 26.343 
26.672 101269.552 4.616 313.323 54.928 26.563 26.343 
26.666 101267.832 4.761 313.339 54.897 26.563 26.343 
26.684 101269.928 4.584 313.217 54.897 26.563 26.343 
26.684 101257.720 5.601 313.308 54.867 26.563 26.343 
26.678 101265.168 4.983 312.942 54.836 26.563 26.343 
26.684 101266.872 4.840 313.003 54.836 26.552 26.343 
26.666 101252.552 6.032 313.095 54.806 26.552 26.343 
26.678 101268.216 4.729 311.615 54.806 26.552 26.312 
26.678 101262.112 5.236 310.180 54.806 26.541 26.312 
26.684 101266.872 4.840 309.371 54.806 26.531 26.312 
26.690 101256.400 5.712 309.265 54.806 26.541 26.312 
26.684 101260.776 5.347 309.326 54.806 26.541 26.343 
26.690 101271.664 4.441 309.707 54.806 26.552 26.343 
26.690 101262.496 5.205 308.959 54.836 26.563 26.343 
26.684 101272.992 4.330 309.143 54.836 26.563 26.343 
26.684 101276.040 4.077 309.021 54.867 26.574 26.343 
26.672 101266.496 4.872 308.731 54.867 26.574 26.343 
26.690 101268.616 4.695 308.807 54.897 26.584 26.343 
26.660 101266.104 4.904 309.082 54.928 26.584 26.343 
26.666 101267.832 4.761 309.387 54.951 26.584 26.343 
26.654 101282.720 3.519 309.265 54.951 26.595 26.343 
26.654 101273.560 4.283 309.509 54.951 26.595 26.343 
26.654 101270.504 4.536 308.670 54.951 26.606 26.343 
26.654 101270.504 4.536 308.990 54.951 26.616 26.343 
26.666 101273.936 4.251 308.959 54.951 26.606 26.375 
26.660 101272.208 4.396 309.371 54.920 26.616 26.375 
26.666 101276.992 3.997 310.562 54.920 26.627 26.375 
26.666 101261.720 5.268 310.684 54.897 26.627 26.375 
26.666 101261.720 5.268 311.218 54.897 26.627 26.375 
26.672 101269.552 4.616 311.660 54.897 26.638 26.375 
26.678 101265.168 4.983 311.187 54.897 26.638 26.375 
26.684 101279.096 3.823 311.355 54.897 26.638 26.375 
26.678 101277.392 3.963 310.729 54.920 26.616 26.375 
26.678 101292.664 2.692 310.989 54.981 26.616 26.375 
26.678 101283.496 3.456 311.721 55.012 26.606 26.375 
26.690 101283.880 3.424 311.126 54.981 26.595 26.343 
26.684 101291.312 2.806 311.370 55.012 26.595 26.343 
26.703 101284.264 3.392 311.706 55.042 26.595 26.343 
26.703 101278.168 3.899 310.729 55.042 26.595 26.343 
26.703 101275.104 4.156 310.836 55.103 26.595 26.375 
26.721 101274.168 4.232 311.096 55.103 26.584 26.375 
26.715 101263.272 5.139 310.928 55.134 26.595 26.375 
26.715 101257.168 5.649 311.660 55.134 26.595 26.375 
26.727 101266.712 4.853 311.340 55.134 26.606 26.375 
26.721 101258.888 5.506 311.691 55.134 26.606 26.375 
26.721 101265.000 4.996 311.615 55.103 26.595 26.375 
26.739 101267.120 4.819 311.203 55.103 26.595 26.375 
26.727 101263.648 5.107 310.394 55.042 26.606 26.375 
26.752 101276.664 4.024 309.722 55.073 26.606 26.375 
26.752 101301.104 1.989 308.486 55.042 26.606 26.375 
26.758 101321.160 0.319 307.525 55.073 26.616 26.375 
26.752 101267.496 4.787 307.540 55.042 26.627 26.406 
26.764 101252.608 6.029 307.128 55.042 26.638 26.406 
26.758 101257.000 5.662 303.863 55.012 26.638 26.406 
26.776 101268.256 4.724 303.436 55.012 26.649 26.406 
26.764 101267.872 4.756 303.375 54.981 26.659 26.406 
26.764 101264.832 5.009 305.328 54.951 26.659 26.406 
26.788 101259.480 5.456 303.802 54.951 26.670 26.406 
26.770 101254.320 5.886 305.068 54.920 26.670 26.406 
26.776 101265.208 4.978 305.191 54.920 26.681 26.406 
26.782 101257.768 5.598 306.594 54.920 26.681 26.406 
26.776 101252.992 5.997 306.198 54.897 26.691 26.406 
26.788 101271.696 4.439 305.282 54.897 26.691 26.437 
26.801 101265.984 4.914 308.761 54.867 26.702 26.437 
26.807 101258.520 5.535 308.288 54.836 26.713 26.437 
26.807 101264.640 5.025 309.494 54.836 26.724 26.437 
26.801 101278.208 3.894 309.310 54.806 26.724 26.437 
26.801 101262.920 5.170 310.165 54.806 26.734 26.437 
26.788 101314.480 0.877 308.822 54.775 26.734 26.437 
26.801 101305.704 1.606 307.983 54.775 26.734 26.468 
26.801 101265.984 4.914 307.693 54.745 26.734 26.468 
26.801 101265.984 4.914 307.861 54.745 26.734 26.468 
26.801 101262.920 5.170 307.708 54.722 26.745 26.468 
26.801 101265.984 4.914 307.983 54.722 26.756 26.468 
26.782 101260.832 5.342 307.952 54.722 26.756 26.468 
26.782 101273.048 4.325 308.151 54.775 26.767 26.468 
26.788 101262.528 5.202 308.273 54.775 26.788 26.468 
26.788 101256.432 5.709 308.807 54.806 26.788 26.468 
26.788 101271.696 4.439 308.227 54.806 26.788 26.468 
26.794 101270.368 4.549 308.502 54.806 26.788 26.468 
26.794 101267.312 4.803 309.341 54.775 26.788 26.468 
26.788 101265.592 4.946 310.333 54.836 26.799 26.468 
26.801 101269.040 4.660 310.714 54.836 26.799 26.500 
26.801 101265.984 4.914 310.958 54.867 26.799 26.500 
26.807 101264.640 5.025 309.722 54.867 26.799 26.500 
26.801 101269.040 4.660 310.150 54.836 26.799 26.500 
26.794 101270.368 4.549 309.646 54.836 26.809 26.500 
26.782 101276.104 4.071 309.860 54.775 26.809 26.500 
26.782 101269.984 4.581 310.165 54.745 26.820 26.500 
26.776 101268.256 4.724 309.387 54.745 26.820 26.500 
26.782 101266.936 4.835 309.753 54.745 26.809 26.500 
26.801 101281.256 3.643 307.724 54.745 26.809 26.500 
26.776 101265.208 4.978 309.707 54.745 26.809 26.500 
26.776 101259.096 5.488 309.616 54.691 26.788 26.500 
26.794 101273.432 4.293 309.371 54.691 26.788 26.500 
26.782 101263.872 5.089 307.739 54.691 26.788 26.500 
26.794 101261.200 5.313 306.076 54.661 26.799 26.500 
26.801 101272.088 4.407 301.712 54.661 26.799 26.500 
26.788 101268.648 4.692 303.619 54.661 26.809 26.500 
26.776 101265.208 4.978 307.006 54.661 26.809 26.500 
26.788 101262.528 5.202 307.647 54.661 26.809 26.500 
26.788 101259.480 5.456 307.464 54.661 26.820 26.500 
26.794 101264.264 5.057 307.098 54.691 26.820 26.500 
26.801 101259.864 5.424 306.365 54.691 26.831 26.531 
26.801 101262.920 5.170 307.434 54.691 26.831 26.531 
26.813 101272.480 4.372 307.540 54.661 26.831 26.531 
26.801 101262.920 5.170 306.777 54.661 26.842 26.531 
26.825 101263.688 5.104 306.243 54.630 26.842 26.531 
26.813 101263.304 5.136 306.533 54.630 26.831 26.531 
26.831 101265.416 4.962 306.503 54.630 26.842 26.531 
26.831 101265.416 4.962 306.579 54.600 26.842 26.531 
26.831 101259.296 5.472 307.189 54.600 26.842 26.531 
26.837 101264.080 5.073 307.312 54.600 26.852 26.531 
26.837 101273.248 4.309 307.128 54.569 26.852 26.562 
26.843 101268.848 4.676 308.029 54.569 26.852 26.562 
26.843 101268.848 4.676 307.128 54.478 26.852 26.562 
26.837 101267.136 4.819 308.563 54.455 26.852 26.562 
26.831 101265.416 4.962 309.158 54.363 26.852 26.562 
26.837 101273.248 4.309 309.066 54.333 26.852 26.562 
26.813 101260.248 5.392 309.478 54.272 26.852 26.562 
26.801 101269.040 4.660 308.456 54.302 26.852 26.562 
26.825 101282.016 3.580 307.922 54.363 26.852 26.562 
26.801 101265.984 4.914 307.922 54.424 26.863 26.562 
26.801 101265.984 4.914 309.036 54.478 26.863 26.562 
26.801 101259.864 5.424 309.097 54.539 26.863 26.562 
26.807 101270.752 4.518 309.204 54.569 26.863 26.562 
26.813 101275.520 4.119 309.143 54.600 26.863 26.562 
26.813 101266.368 4.882 309.997 54.630 26.874 26.562 
26.825 101275.904 4.087 309.768 54.600 26.874 26.562 
26.825 101272.848 4.343 310.668 54.600 26.874 26.562 
26.825 101257.568 5.614 309.768 54.569 26.874 26.562 
26.825 101263.688 5.104 307.998 54.569 26.885 26.562 
26.831 101265.416 4.962 307.434 54.569 26.885 26.562 
26.837 101267.136 4.819 307.800 54.539 26.885 26.593 
26.825 101257.568 5.614 307.418 54.539 26.885 26.593 
26.843 101259.672 5.440 307.861 54.478 26.885 26.593 
26.831 101253.184 5.979 304.336 54.478 26.895 26.593 
26.849 101258.344 5.551 304.458 54.478 26.895 26.593 
26.849 101261.408 5.295 303.787 54.478 26.895 26.593 
26.849 101267.512 4.787 303.955 54.455 26.895 26.593 
26.843 101268.848 4.676 304.199 54.424 26.906 26.593 
26.831 101265.416 4.962 304.199 54.363 26.906 26.593 
26.825 101269.800 4.597 303.253 54.333 26.906 26.593 
26.831 101271.512 4.454 303.543 54.302 26.906 26.593 
26.837 101267.136 4.819 310.760 54.272 26.906 26.593 
26.825 101266.744 4.851 309.906 54.241 26.906 26.593 
26.825 101269.800 4.597 308.761 54.218 26.906 26.593 
26.819 101252.816 6.011 308.883 54.188 26.906 26.593 
26.825 101266.744 4.851 309.265 54.157 26.906 26.593 
26.825 101269.800 4.597 309.463 54.188 26.917 26.593 
26.825 101272.848 4.343 310.653 54.218 26.917 26.593 
26.831 101277.632 3.944 310.379 54.272 26.917 26.593 
26.825 101263.688 5.104 310.729 54.333 26.927 26.593 
