25.130 101196.592 10.695 162.994 57.041 24.933 24.687 
25.149 101201.864 10.257 161.468 57.011 24.933 24.687 
25.142 101193.848 10.923 160.568 56.980 24.943 24.687 
25.149 101201.864 10.257 157.257 56.957 24.933 24.687 
25.155 101197.368 10.632 158.432 56.896 24.933 24.687 
25.155 101197.368 10.632 162.200 56.805 24.933 24.687 
25.161 101196.000 10.746 162.750 56.782 24.933 24.687 
25.155 101203.624 10.109 162.551 56.751 24.933 24.687 
25.161 101192.872 11.005 162.292 56.721 24.933 24.687 
25.173 101193.248 10.973 162.017 56.690 24.933 24.687 
25.161 101196.000 10.746 160.903 56.660 24.933 24.687 
25.192 101201.656 10.273 158.599 56.629 24.933 24.687 
25.210 101213.176 9.314 157.821 56.629 24.933 24.687 
25.186 101190.504 11.203 155.685 56.629 24.933 24.687 
25.210 101194.416 10.878 155.090 56.629 24.933 24.718 
25.192 101195.400 10.796 154.724 56.660 24.933 24.718 
25.216 101196.168 10.730 152.893 56.660 24.943 24.718 
25.210 101194.416 10.878 158.218 56.690 24.954 24.718 
25.198 101190.896 11.171 161.270 56.690 24.954 24.718 
25.216 101199.296 10.471 160.980 56.690 24.954 24.718 
25.229 101187.168 11.480 157.058 56.690 24.954 24.718 
25.229 101193.432 10.960 160.324 56.690 24.954 24.718 
25.241 101196.936 10.666 162.628 56.721 24.954 24.718 
25.235 101198.312 10.553 163.330 56.751 24.965 24.718 
25.247 101195.576 10.780 162.689 56.751 24.975 24.718 
25.235 101195.184 10.812 156.936 56.751 24.975 24.750 
25.235 101188.920 11.335 155.807 56.751 24.975 24.750 
25.253 101191.064 11.155 155.380 56.751 24.975 24.750 
25.260 101199.080 10.489 157.943 56.721 24.975 24.750 
25.247 101186.184 11.562 159.255 56.721 24.986 24.750 
25.260 101195.952 10.748 160.400 56.721 24.997 24.750 
25.260 101195.952 10.748 159.774 56.751 24.997 24.750 
25.266 101191.456 11.123 159.790 56.751 24.997 24.750 
25.272 101190.088 11.237 158.187 56.751 25.008 24.781 
25.284 101184.208 11.729 160.751 56.782 25.008 24.781 
25.278 101188.704 11.353 163.406 56.805 25.018 24.781 
25.272 101183.832 11.760 160.064 56.805 25.018 24.781 
25.260 101189.696 11.271 158.157 56.835 25.029 24.781 
25.266 101182.072 11.906 162.536 56.896 25.029 24.781 
25.272 101186.944 11.499 163.101 56.957 25.029 24.781 
25.297 101203.360 10.133 162.567 56.980 25.040 24.781 
25.284 101184.208 11.729 163.085 57.041 25.040 24.781 
25.278 101185.576 11.612 163.864 57.011 25.040 24.781 
25.309 101194.360 10.880 164.443 57.011 25.040 24.812 
25.290 101189.096 11.322 164.840 56.988 25.040 24.812 
25.297 101200.232 10.392 163.543 56.927 25.051 24.812 
25.303 101189.480 11.290 161.880 56.835 25.051 24.812 
25.297 101187.720 11.435 162.521 56.782 25.051 24.812 
25.303 101186.344 11.549 162.689 56.721 25.051 24.812 
25.315 101192.992 10.997 163.513 56.660 25.061 24.812 
25.309 101191.232 11.142 162.796 56.637 25.051 24.812 
25.315 101186.720 11.517 163.162 56.606 25.051 24.812 
25.327 101190.232 11.227 162.796 56.576 25.051 24.812 
25.327 101183.984 11.747 162.414 56.576 25.051 24.812 
25.334 101204.512 10.035 162.536 56.545 25.061 24.843 
25.334 101185.736 11.599 162.368 56.545 25.051 24.843 
25.334 101188.856 11.340 162.445 56.545 25.061 24.843 
25.340 101193.752 10.933 162.780 56.545 25.051 24.843 
25.346 101189.248 11.308 163.162 56.515 25.040 24.843 
25.358 101211.528 9.451 166.213 56.545 25.040 24.843 
25.352 101209.784 9.596 168.945 56.637 25.040 24.843 
25.340 101212.528 9.366 169.464 56.721 25.040 24.843 
25.364 101210.160 9.565 168.182 56.782 25.040 24.843 
25.370 101208.792 9.678 163.574 56.812 25.040 24.843 
25.364 101216.424 9.044 161.132 56.782 25.040 24.843 
25.383 101218.552 8.864 160.675 56.782 25.040 24.843 
25.358 101211.528 9.451 163.635 56.751 25.029 24.843 
25.377 101204.280 10.053 166.687 56.751 25.029 24.843 
25.370 101180.616 12.027 168.914 56.805 25.029 24.843 
25.383 101187.256 11.472 169.326 56.782 25.029 24.843 
25.383 101199.784 10.431 169.189 56.721 25.029 24.843 
25.401 101201.904 10.254 169.372 56.660 25.029 24.843 
25.389 101198.408 10.545 169.311 56.660 25.029 24.843 
25.401 101217.560 8.949 169.250 56.606 25.040 24.843 
25.414 101211.688 9.438 169.464 56.576 25.029 24.843 
25.389 101201.536 10.283 169.570 56.576 25.040 24.843 
25.414 101211.688 9.438 169.433 56.576 25.051 24.875 
25.420 101219.688 8.772 169.464 56.545 25.051 24.875 
25.414 101214.816 9.176 169.082 56.545 25.051 24.875 
25.420 101213.440 9.292 167.938 56.545 25.061 24.875 
25.407 101191.152 11.150 166.259 56.545 25.061 24.875 
25.420 101191.528 11.118 164.260 56.576 25.072 24.875 
25.407 101181.768 11.932 159.988 56.606 25.083 24.875 
25.407 101181.768 11.932 162.506 56.637 25.083 24.875 
25.407 101184.888 11.670 161.071 56.637 25.083 24.875 
25.407 101188.024 11.409 156.890 56.660 25.083 24.875 
25.389 101176.496 12.371 158.737 56.660 25.093 24.875 
25.414 101186.640 11.525 156.112 56.660 25.093 24.875 
25.401 101198.784 10.513 152.816 56.660 25.093 24.875 
25.395 101200.160 10.399 149.520 56.606 25.083 24.875 
25.420 101204.048 10.074 148.742 56.545 25.083 24.875 
25.395 101200.160 10.399 150.573 56.515 25.104 24.906 
25.420 101200.920 10.336 153.686 56.484 25.104 24.906 
25.414 101192.904 11.002 153.640 56.461 25.104 24.906 
25.420 101188.400 11.377 153.610 56.461 25.115 24.906 
25.414 101208.552 9.699 149.917 56.431 25.115 24.906 
25.432 101213.816 9.261 145.462 56.400 25.126 24.906 
25.426 101215.184 9.147 150.878 56.400 25.136 24.906 
25.426 101212.064 9.406 155.197 56.400 25.136 24.906 
25.432 101213.816 9.261 155.593 56.400 25.147 24.906 
25.420 101216.568 9.031 155.075 56.461 25.147 24.906 
25.432 101216.944 8.999 155.639 56.484 25.147 24.906 
25.414 101196.032 10.743 154.571 56.545 25.158 24.937 
25.432 101182.512 11.869 157.272 56.576 25.158 24.937 
25.444 101192.280 11.055 157.165 56.606 25.169 24.937 
25.438 101196.800 10.680 156.921 56.606 25.169 24.937 
25.426 101190.152 11.232 156.814 56.637 25.169 24.937 
25.426 101183.888 11.755 157.150 56.637 25.179 24.937 
25.451 101187.784 11.430 157.028 56.660 25.179 24.937 
25.444 101192.280 11.055 148.864 56.637 25.190 24.937 
25.432 101179.400 12.128 152.771 56.637 25.190 24.968 
25.426 101187.016 11.493 153.442 56.637 25.190 24.968 
25.444 101182.880 11.840 148.666 56.606 25.190 24.968 
25.438 101190.520 11.200 148.147 56.606 25.190 24.968 
25.457 101198.912 10.503 150.054 56.637 25.190 24.968 
25.457 101217.704 8.936 153.015 56.690 25.190 24.968 
25.451 101212.832 9.343 153.839 56.721 25.190 24.968 
25.444 101211.064 9.491 156.097 56.751 25.190 24.968 
25.469 101208.704 9.686 156.829 56.751 25.190 24.968 
25.475 101204.184 10.061 153.289 56.751 25.201 24.968 
25.481 101199.680 10.439 154.632 56.751 25.201 24.968 
25.475 101194.792 10.846 156.494 56.751 25.211 24.968 
25.481 101190.288 11.221 156.982 56.751 25.211 24.968 
25.481 101184.032 11.742 158.111 56.751 25.211 25.000 
25.481 101199.680 10.439 158.691 56.812 25.201 25.000 
25.481 101184.032 11.742 156.738 56.957 25.201 25.000 
25.487 101185.776 11.596 152.877 57.041 25.201 25.000 
25.506 101187.912 11.419 151.824 57.102 25.201 25.000 
25.506 101184.784 11.681 155.502 57.163 25.190 25.000 
25.506 101191.040 11.158 155.975 57.217 25.201 25.000 
25.524 101193.168 10.981 155.746 57.217 25.211 25.000 
25.512 101180.264 12.056 155.593 57.247 25.211 25.000 
25.512 101186.528 11.533 154.418 57.278 25.222 25.000 
25.531 101191.792 11.097 149.871 57.278 25.222 25.000 
25.524 101186.912 11.501 149.261 57.247 25.233 25.000 
25.531 101201.176 10.312 150.482 57.247 25.233 25.031 
25.524 101183.784 11.763 150.955 57.247 25.233 25.031 
25.524 101186.912 11.501 150.512 57.217 25.244 25.031 
25.537 101190.408 11.211 150.833 57.194 25.244 25.031 
25.543 101195.288 10.804 153.472 57.163 25.244 25.031 
25.531 101185.528 11.618 152.603 57.133 25.244 25.031 
25.537 101190.408 11.211 150.024 57.102 25.244 25.031 
25.531 101191.792 11.097 151.123 57.072 25.244 25.031 
25.555 101211.328 9.467 147.445 57.041 25.244 25.031 
25.549 101203.304 10.135 138.839 57.011 25.254 25.062 
25.549 101206.440 9.874 143.051 56.988 25.254 25.062 
25.555 101211.328 9.467 141.632 56.988 25.254 25.062 
25.555 101214.456 9.208 143.173 56.896 25.265 25.062 
25.555 101198.800 10.510 146.835 56.835 25.265 25.062 
25.567 101192.904 11.002 148.284 56.751 25.265 25.062 
25.567 101192.904 11.002 147.995 56.629 25.276 25.062 
25.561 101200.552 10.365 147.521 56.545 25.276 25.062 
25.567 101189.784 11.264 147.308 56.454 25.287 25.062 
25.580 101183.896 11.752 149.307 56.400 25.287 25.062 
25.592 101190.520 11.200 151.611 56.309 25.287 25.062 
25.574 101194.664 10.857 148.773 56.255 25.297 25.093 
25.598 101186.024 11.575 148.330 56.194 25.297 25.093 
25.604 101184.640 11.692 148.651 56.133 25.297 25.093 
25.592 101184.272 11.723 149.398 56.103 25.297 25.093 
25.580 101177.624 12.276 148.712 56.072 25.297 25.093 
25.580 101199.544 10.450 147.308 56.049 25.308 25.093 
25.604 101203.432 10.125 148.223 56.049 25.308 25.093 
25.611 101202.048 10.241 150.360 56.049 25.319 25.093 
25.592 101206.176 9.897 149.597 56.019 25.319 25.093 
25.611 101195.800 10.761 150.222 55.988 25.319 25.093 
25.604 101190.896 11.171 150.177 55.988 25.329 25.093 
25.617 101194.400 10.878 147.018 55.958 25.319 25.093 
25.623 101193.024 10.994 144.836 55.927 25.319 25.093 
25.623 101193.024 10.994 148.788 55.866 25.329 25.125 
25.629 101238.616 7.194 147.354 55.866 25.329 25.125 
25.629 101232.360 7.715 147.171 55.866 25.329 25.125 
25.623 101230.600 7.860 147.033 55.866 25.340 25.125 
25.635 101193.408 10.962 146.133 55.843 25.340 25.125 
25.635 101190.264 11.224 144.271 55.813 25.340 25.125 
25.629 101175.992 12.413 141.265 55.813 25.329 25.125 
25.635 101190.264 11.224 140.899 55.752 25.329 25.125 
25.654 101189.264 11.306 140.518 55.752 25.329 25.125 
25.654 101186.128 11.567 141.723 55.752 25.329 25.125 
25.647 101193.776 10.931 142.913 55.752 25.319 25.125 
25.647 101184.376 11.713 142.318 55.752 25.329 25.125 
25.666 101180.232 12.059 142.578 55.752 25.340 25.125 
25.666 101186.496 11.538 142.974 55.752 25.340 25.125 
25.678 101196.264 10.722 140.853 55.813 25.340 25.125 
25.672 101181.984 11.914 138.748 55.866 25.340 25.125 
25.672 101194.512 10.867 138.320 55.927 25.351 25.156 
25.678 101183.736 11.768 138.717 55.988 25.351 25.156 
25.697 101201.512 10.286 139.114 56.049 25.351 25.156 
25.684 101210.528 9.535 138.870 56.072 25.351 25.156 
25.697 101210.904 9.504 138.717 56.103 25.362 25.156 
25.697 101201.512 10.286 138.961 56.103 25.362 25.156 
25.703 101215.808 9.094 138.443 56.103 25.362 25.156 
25.697 101195.248 10.806 138.214 56.133 25.372 25.156 
25.697 101188.992 11.330 137.908 56.164 25.383 25.156 
25.715 101200.504 10.370 137.329 56.194 25.372 25.156 
25.703 101197.008 10.661 136.901 56.225 25.383 25.156 
25.715 101187.984 11.414 136.550 56.225 25.383 25.156 
25.709 101186.224 11.559 136.734 56.248 25.383 25.156 
25.709 101183.096 11.821 136.230 56.164 25.383 25.156 
25.727 101191.488 11.121 136.077 56.164 25.372 25.156 
25.715 101194.240 10.891 136.169 56.194 25.383 25.156 
25.727 101182.080 11.906 136.093 56.248 25.383 25.187 
25.727 101185.208 11.644 136.123 56.278 25.383 25.187 
25.727 101185.208 11.644 136.367 56.454 25.383 25.187 
25.740 101188.720 11.351 137.039 56.721 25.383 25.187 
25.721 101186.592 11.528 137.283 56.896 25.383 25.187 
25.721 101195.992 10.746 139.144 57.041 25.383 25.187 
25.746 101190.464 11.205 138.977 57.102 25.383 25.187 
25.740 101188.720 11.351 137.588 57.194 25.383 25.187 
25.727 101191.488 11.121 139.862 57.278 25.383 25.187 
25.752 101192.208 11.060 141.204 57.339 25.383 25.187 
25.746 101196.728 10.685 141.723 57.369 25.383 25.187 
25.727 101182.080 11.906 141.387 57.423 25.362 25.187 
25.746 101177.936 12.249 141.220 57.484 25.362 25.187 
25.752 101192.208 11.060 141.052 57.484 25.351 25.187 
25.740 101201.248 10.307 140.991 57.484 25.351 25.187 
25.752 101189.088 11.322 140.014 57.514 25.351 25.187 
25.740 101182.456 11.874 138.397 57.514 25.340 25.187 
25.740 101188.720 11.351 138.198 57.514 25.340 25.187 
25.758 101200.232 10.392 138.214 57.545 25.340 25.187 
25.752 101182.816 11.845 138.031 57.568 25.340 25.187 
25.752 101192.208 11.060 137.634 57.598 25.340 25.187 
25.752 101192.208 11.060 137.374 57.629 25.340 25.187 
25.752 101189.088 11.322 133.438 57.629 25.340 25.187 
25.758 101187.712 11.435 132.675 57.659 25.340 25.187 
25.764 101195.720 10.769 132.720 57.720 25.329 25.156 
25.752 101189.088 11.322 131.958 57.720 25.329 25.187 
25.752 101185.944 11.583 131.835 57.720 25.329 25.156 
25.770 101188.064 11.406 129.348 57.720 25.319 25.156 
25.777 101192.944 10.999 128.967 57.720 25.308 25.156 
25.758 101190.832 11.176 133.712 57.720 25.308 25.156 
25.764 101189.456 11.290 137.893 57.659 25.308 25.156 
25.770 101191.184 11.145 138.763 57.629 25.297 25.156 
25.777 101189.816 11.261 137.451 57.720 25.297 25.156 
25.777 101189.816 11.261 139.083 57.835 25.297 25.156 
25.777 101189.816 11.261 139.343 58.041 25.297 25.156 
25.764 101183.184 11.813 139.785 58.155 25.297 25.156 
25.783 101194.696 10.854 140.991 58.308 25.297 25.156 
25.789 101193.312 10.970 142.333 58.338 25.297 25.156 
25.789 101190.176 11.229 142.990 58.392 25.297 25.156 
25.795 101198.192 10.561 143.554 58.392 25.297 25.156 
25.777 101180.416 12.043 142.913 58.369 25.297 25.156 
25.783 101188.432 11.374 143.371 58.338 25.287 25.156 
25.795 101191.928 11.084 143.264 58.308 25.276 25.156 
25.783 101182.160 11.898 141.433 58.277 25.287 25.156 
25.789 101190.176 11.229 140.518 58.277 25.287 25.156 
25.801 101187.424 11.459 138.839 58.277 25.287 25.156 
25.801 101181.160 11.982 140.548 58.308 25.287 25.156 
25.801 101181.160 11.982 140.808 58.369 25.297 25.156 
25.795 101179.408 12.128 137.329 58.392 25.287 25.156 
25.795 101191.928 11.084 139.007 58.453 25.297 25.156 
25.820 101189.528 11.285 138.015 58.514 25.297 25.156 
25.795 101185.664 11.607 138.610 58.514 25.297 25.156 
25.813 101187.792 11.430 140.777 58.453 25.297 25.156 
25.820 101202.064 10.241 142.745 58.338 25.308 25.187 
25.795 101198.192 10.561 144.592 58.247 25.308 25.187 
25.813 101212.840 9.343 143.203 58.216 25.319 25.187 
25.826 101206.936 9.834 144.805 58.155 25.329 25.187 
25.820 101202.064 10.241 151.992 58.102 25.340 25.187 
25.838 101207.304 9.802 146.957 57.980 25.340 25.187 
25.826 101188.152 11.398 150.161 57.896 25.351 25.218 
25.826 101188.152 11.398 149.780 57.804 25.362 25.218 
25.850 101195.136 10.817 149.139 57.720 25.372 25.218 
25.850 101188.872 11.337 147.796 57.720 25.383 25.218 
25.844 101187.120 11.485 148.727 57.690 25.383 25.218 
25.850 101192.008 11.079 147.445 57.629 25.383 25.218 
25.850 101198.264 10.555 148.101 57.598 25.383 25.250 
25.838 101188.512 11.369 148.773 57.598 25.383 25.250 
25.850 101201.400 10.296 148.223 57.568 25.383 25.250 
25.850 101201.400 10.296 148.925 57.568 25.394 25.250 
25.869 101209.784 9.596 149.261 57.568 25.394 25.250 
25.850 101204.536 10.032 150.299 57.659 25.394 25.250 
25.863 101217.432 8.959 151.367 57.774 25.394 25.250 
25.863 101211.168 9.483 150.939 57.980 25.415 25.250 
25.869 101228.584 8.029 150.238 58.125 25.415 25.281 
25.856 101215.680 9.105 143.325 58.216 25.415 25.281 
25.869 101212.920 9.335 146.575 58.277 25.426 25.281 
25.850 101204.536 10.032 144.821 58.308 25.415 25.281 
25.863 101195.504 10.785 149.047 58.308 25.426 25.281 
25.863 101186.104 11.570 151.840 58.277 25.426 25.281 
25.869 101187.856 11.425 150.817 58.247 25.426 25.281 
25.875 101189.600 11.279 151.687 58.247 25.426 25.281 
25.863 101186.104 11.570 152.023 58.247 25.437 25.281 
25.863 101186.104 11.570 151.824 58.247 25.437 25.281 
25.881 101191.352 11.131 151.672 58.216 25.426 25.281 
25.881 101178.824 12.178 151.565 58.186 25.426 25.281 
25.899 101196.600 10.695 148.086 58.125 25.437 25.281 
25.893 101182.312 11.884 143.585 58.125 25.437 25.281 
25.893 101185.448 11.626 144.058 58.071 25.447 25.312 
25.912 101196.952 10.666 144.012 57.949 25.458 25.312 
25.887 101183.704 11.771 149.276 57.896 25.458 25.312 
25.899 101184.072 11.739 149.963 57.835 25.458 25.312 
25.905 101198.344 10.550 149.703 57.743 25.469 25.312 
25.912 101190.688 11.187 149.810 57.743 25.480 25.312 
25.899 101184.072 11.739 149.429 57.629 25.480 25.312 
25.899 101196.600 10.695 150.054 57.537 25.490 25.312 
25.899 101180.936 12.001 149.520 57.453 25.480 25.343 
25.893 101188.584 11.364 149.856 57.392 25.480 25.343 
25.912 101193.832 10.925 149.902 57.308 25.490 25.343 
25.893 101188.584 11.364 150.619 57.217 25.501 25.343 
25.899 101193.472 10.957 150.802 57.163 25.501 25.343 
25.930 101186.528 11.533 152.145 57.102 25.512 25.343 
25.905 101185.808 11.594 152.450 57.072 25.512 25.343 
25.930 101192.800 11.012 143.203 57.011 25.522 25.343 
25.918 101198.712 10.518 153.457 56.927 25.522 25.343 
25.942 101183.768 11.766 145.751 56.866 25.522 25.343 
25.936 101194.544 10.867 150.070 56.866 25.522 25.343 
25.930 101189.672 11.271 155.441 56.988 25.533 25.375 
25.948 101194.904 10.835 156.478 57.133 25.544 25.375 
25.955 101193.520 10.952 155.563 57.308 25.555 25.375 
25.942 101177.504 12.286 156.799 57.423 25.555 25.375 
25.942 101186.888 11.504 158.386 57.484 25.565 25.375 
25.973 101195.632 10.775 158.844 57.537 25.576 25.375 
25.948 101194.904 10.835 158.416 57.568 25.576 25.406 
25.948 101179.240 12.141 158.340 57.537 25.587 25.406 
25.961 101192.136 11.068 158.950 57.484 25.598 25.406 
25.967 101190.752 11.182 159.286 57.423 25.598 25.406 
25.973 101198.760 10.516 158.477 57.392 25.598 25.406 
25.973 101186.224 11.559 156.112 57.331 25.598 25.406 
25.973 101186.224 11.559 150.329 57.278 25.598 25.406 
25.973 101179.960 12.083 145.050 57.186 25.598 25.437 
25.985 101186.584 11.530 144.470 57.125 25.598 25.437 
25.998 101196.352 10.717 145.675 57.095 25.608 25.437 
25.979 101194.240 10.891 149.230 57.072 25.608 25.437 
25.998 101193.224 10.976 150.588 57.011 25.608 25.437 
25.991 101194.600 10.862 151.062 56.919 25.608 25.437 
25.998 101190.088 11.237 152.984 56.896 25.608 25.437 
26.010 101190.448 11.208 153.137 56.866 25.608 25.437 
26.004 101188.704 11.353 153.167 56.866 25.608 25.437 
26.004 101182.432 11.877 151.000 56.835 25.608 25.437 
26.016 101189.064 11.322 150.680 56.805 25.619 25.437 
26.010 101181.048 11.990 152.084 56.805 25.619 25.437 
26.010 101190.448 11.208 157.730 56.774 25.619 25.437 
26.022 101181.408 11.961 159.240 56.744 25.630 25.468 
26.028 101192.560 11.031 160.339 56.721 25.640 25.468 
26.028 101195.688 10.772 160.919 56.721 25.640 25.468 
26.016 101179.656 12.106 161.117 56.721 25.651 25.468 
26.028 101198.824 10.510 160.354 56.721 25.662 25.468 
26.041 101199.168 10.481 162.185 56.690 25.662 25.468 
26.034 101184.896 11.670 161.727 56.660 25.673 25.468 
26.028 101192.560 11.031 161.361 56.629 25.662 25.468 
26.034 101181.760 11.932 161.453 56.599 25.673 25.468 
26.041 101186.632 11.525 162.170 56.568 25.673 25.468 
26.034 101191.160 11.150 162.246 56.545 25.673 25.500 
26.028 101183.152 11.816 161.285 56.515 25.683 25.500 
26.034 101188.040 11.409 159.774 56.484 25.683 25.500 
26.034 101184.896 11.670 160.949 56.454 25.683 25.500 
26.022 101181.408 11.961 160.736 56.423 25.694 25.500 
26.016 101192.184 11.063 161.270 56.423 25.705 25.500 
26.022 101184.536 11.699 160.720 56.393 25.705 25.500 
26.004 101185.568 11.615 160.919 56.393 25.705 25.500 
26.010 101187.312 11.470 160.385 56.393 25.716 25.500 
26.004 101188.704 11.353 160.644 56.393 25.726 25.500 
25.991 101182.072 11.906 160.964 56.393 25.726 25.500 
26.004 101176.168 12.397 160.949 56.393 25.726 25.500 
26.022 101197.080 10.656 160.400 56.362 25.726 25.500 
25.998 101186.944 11.499 160.751 56.339 25.737 25.500 
25.991 101182.072 11.906 160.522 56.309 25.737 25.500 
25.991 101185.200 11.644 160.583 56.309 25.737 25.500 
25.998 101186.944 11.499 161.026 56.278 25.748 25.531 
25.998 101186.944 11.499 160.873 56.248 25.748 25.531 
25.998 101180.688 12.022 159.774 56.217 25.748 25.531 
25.998 101193.224 10.976 159.164 56.187 25.758 25.531 
25.998 101193.224 10.976 160.324 56.187 25.758 25.531 
26.004 101188.704 11.353 161.193 56.156 25.769 25.531 
26.004 101201.240 10.307 161.758 56.133 25.769 25.531 
26.010 101209.248 9.641 161.560 56.103 25.769 25.531 
25.998 101208.888 9.670 161.407 56.072 25.769 25.531 
25.998 101199.488 10.455 161.437 56.011 25.758 25.531 
26.010 101202.984 10.162 161.560 55.981 25.769 25.531 
25.998 101190.088 11.237 161.270 55.950 25.769 25.531 
26.010 101212.392 9.380 161.254 55.927 25.769 25.562 
26.016 101217.256 8.973 160.980 55.897 25.780 25.562 
26.010 101212.392 9.380 160.720 55.897 25.780 25.562 
26.010 101209.248 9.641 160.308 55.897 25.780 25.562 
26.016 101198.464 10.540 161.941 55.897 25.780 25.562 
25.998 101186.944 11.499 161.880 55.836 25.780 25.562 
26.004 101185.568 11.615 158.905 55.836 25.791 25.562 
25.998 101196.352 10.717 151.504 55.836 25.801 25.562 
26.022 101187.672 11.438 157.241 55.836 25.791 25.562 
26.004 101191.832 11.092 158.721 55.836 25.791 25.562 
25.998 101186.944 11.499 158.355 55.805 25.801 25.562 
25.985 101186.584 11.530 157.562 55.775 25.801 25.562 
25.979 101187.976 11.414 157.562 55.775 25.801 25.562 
25.979 101191.104 11.153 156.936 55.752 25.801 25.562 
25.991 101210.272 9.557 154.769 55.721 25.801 25.562 
25.985 101208.520 9.702 149.841 55.721 25.801 25.562 
25.973 101201.896 10.254 158.645 55.691 25.801 25.562 
25.998 101208.888 9.670 160.110 55.691 25.801 25.562 
25.998 101205.752 9.932 160.247 55.691 25.801 25.562 
25.991 101210.272 9.557 160.644 55.691 25.812 25.562 
25.973 101214.424 9.210 161.193 55.721 25.801 25.562 
25.991 101213.408 9.295 161.727 55.721 25.801 25.562 
25.985 101189.728 11.269 161.392 55.691 25.801 25.562 
25.991 101188.336 11.385 161.178 55.660 25.812 25.562 
25.998 101186.944 11.499 161.209 55.660 25.812 25.593 
26.004 101188.704 11.353 161.239 55.660 25.823 25.593 
26.010 101187.312 11.470 161.758 55.630 25.823 25.593 
25.998 101183.824 11.760 160.659 55.576 25.823 25.593 
26.004 101182.432 11.877 159.774 55.546 25.823 25.593 
26.004 101182.432 11.877 154.357 55.546 25.833 25.593 
26.010 101184.176 11.731 158.569 55.546 25.844 25.593 
26.010 101187.312 11.470 161.148 55.546 25.844 25.593 
26.010 101187.312 11.470 160.461 55.515 25.844 25.593 
26.010 101190.448 11.208 160.659 55.454 25.855 25.593 
25.998 101193.224 10.976 161.102 55.393 25.855 25.593 
26.004 101185.568 11.615 162.048 55.340 25.855 25.593 
26.004 101188.704 11.353 161.407 55.309 25.855 25.593 
26.010 101184.176 11.731 160.980 55.279 25.855 25.593 
25.998 101183.824 11.760 161.727 55.218 25.855 25.593 
26.010 101187.312 11.470 161.727 55.187 25.855 25.593 
26.004 101185.568 11.615 162.170 55.218 25.855 25.593 
26.010 101181.048 11.990 162.078 55.279 25.855 25.593 
26.010 101181.048 11.990 162.246 55.340 25.855 25.593 
26.028 101186.280 11.554 149.398 55.363 25.855 25.625 
26.016 101185.920 11.586 160.812 55.363 25.855 25.625 
26.041 101255.584 5.781 160.263 55.424 25.855 25.625 
26.034 101241.312 6.970 156.356 55.424 25.855 25.625 
26.041 101246.184 6.563 156.051 55.424 25.855 25.625 
26.041 101230.512 7.868 155.624 55.424 25.855 25.625 
26.047 101241.672 6.938 154.800 55.424 25.855 25.625 
26.059 101242.024 6.909 154.190 55.454 25.855 25.625 
26.041 101208.576 9.697 154.449 55.485 25.855 25.625 
26.071 101192.240 11.057 155.883 55.485 25.866 25.625 
26.071 101182.832 11.842 156.600 55.485 25.887 25.625 
26.083 101198.856 10.508 157.821 55.485 25.887 25.625 
26.071 101192.240 11.057 157.531 55.454 25.887 25.625 
26.059 101185.608 11.610 157.882 55.424 25.887 25.625 
26.065 101190.488 11.205 158.889 55.363 25.887 25.625 
26.059 101185.608 11.610 158.584 55.340 25.887 25.625 
26.065 101196.768 10.682 160.202 55.309 25.887 25.625 
26.059 101213.816 9.261 161.087 55.279 25.887 25.656 
26.059 101204.416 10.043 160.995 55.279 25.898 25.656 
26.053 101202.664 10.188 160.659 55.309 25.909 25.656 
26.059 101201.280 10.304 156.829 55.248 25.909 25.656 
26.065 101215.560 9.115 153.076 55.218 25.909 25.656 
26.065 101209.296 9.636 155.029 55.218 25.909 25.656 
26.059 101191.880 11.089 156.738 55.218 25.909 25.656 
26.071 101192.240 11.057 160.095 55.218 25.909 25.656 
26.065 101193.624 10.944 160.140 55.218 25.919 25.656 
26.041 101186.632 11.525 157.638 55.187 25.930 25.656 
26.059 101204.416 10.043 158.721 55.187 25.930 25.656 
26.071 101214.176 9.229 158.493 55.134 25.941 25.656 
26.059 101216.952 8.999 156.967 55.103 25.941 25.656 
26.059 101210.680 9.522 153.656 55.073 25.941 25.656 
26.071 101201.640 10.275 158.660 55.042 25.941 25.656 
26.065 101187.360 11.464 155.456 55.042 25.930 25.656 
26.059 101191.880 11.089 148.620 55.042 25.930 25.656 
26.065 101181.088 11.987 148.132 55.042 25.941 25.656 
26.071 101195.376 10.796 146.621 55.042 25.930 25.656 
26.065 101187.360 11.464 148.040 55.042 25.930 25.687 
26.077 101190.848 11.174 148.315 55.012 25.930 25.687 
26.071 101176.568 12.365 152.542 55.042 25.941 25.687 
26.096 101183.552 11.781 151.138 55.042 25.930 25.687 
26.096 101183.552 11.781 154.418 55.012 25.930 25.687 
26.108 101187.032 11.493 155.426 55.012 25.919 25.687 
26.108 101180.768 12.014 154.846 55.012 25.930 25.687 
26.096 101177.280 12.305 154.556 55.012 25.930 25.687 
26.120 101196.800 10.680 153.717 55.042 25.930 25.687 
26.120 101190.520 11.200 154.922 55.042 25.941 25.687 
26.133 101187.752 11.433 155.792 55.042 25.941 25.687 
26.133 101184.616 11.694 156.219 55.042 25.951 25.687 
26.133 101184.616 11.694 159.378 55.042 25.941 25.687 
26.126 101192.272 11.055 158.065 55.073 25.941 25.687 
26.145 101188.104 11.404 158.813 55.103 25.951 25.687 
26.151 101183.584 11.779 159.805 55.103 25.951 25.687 
26.163 101190.200 11.227 159.835 55.134 25.951 25.687 
26.157 101182.184 11.895 160.125 55.134 25.951 25.687 
26.182 101189.168 11.314 159.698 55.134 25.941 25.718 
26.169 101191.944 11.084 159.545 55.157 25.941 25.718 
26.188 101184.632 11.692 160.491 55.187 25.941 25.718 
26.175 101196.832 10.677 159.881 55.248 25.951 25.718 
26.194 101189.512 11.285 160.415 55.279 25.962 25.718 
26.194 101189.512 11.285 160.720 55.309 25.962 25.718 
26.194 101192.656 11.023 160.644 55.363 25.962 25.718 
26.188 101194.040 10.909 160.369 55.363 25.973 25.718 
26.194 101192.656 11.023 160.369 55.363 25.994 25.718 
26.200 101197.520 10.619 159.423 55.332 25.994 25.718 
26.200 101219.480 8.788 159.637 55.309 25.994 25.750 
26.200 101225.752 8.267 159.820 55.309 26.005 25.750 
26.194 101211.456 9.456 159.332 55.279 26.005 25.750 
26.188 101200.312 10.386 159.118 55.248 26.016 25.750 
26.182 101186.032 11.575 158.767 55.248 26.016 25.750 
26.188 101203.448 10.125 158.721 55.187 26.016 25.750 
26.194 101230.272 7.889 156.890 55.157 26.027 25.750 
26.182 101195.432 10.793 158.126 55.134 26.027 25.750 
26.182 101201.704 10.270 158.340 55.103 26.027 25.750 
26.182 101198.560 10.532 158.554 55.073 26.037 25.750 
26.188 101212.856 9.340 158.111 55.073 26.048 25.750 
26.169 101195.080 10.822 157.653 55.042 26.059 25.750 
26.182 101192.304 11.052 158.081 55.065 26.059 25.750 
26.188 101190.904 11.168 159.301 55.012 26.059 25.750 
26.200 101194.400 10.878 160.034 54.981 26.069 25.750 
26.194 101192.656 11.023 160.125 54.958 26.069 25.781 
26.188 101203.448 10.125 160.491 54.981 26.069 25.781 
26.169 101195.080 10.822 159.973 54.981 26.069 25.781 
26.175 101193.688 10.939 160.049 54.981 26.069 25.781 
26.175 101199.960 10.415 158.737 55.012 26.069 25.781 
26.212 101197.888 10.587 156.738 54.981 26.069 25.781 
26.212 101194.752 10.849 159.103 54.981 26.069 25.781 
26.212 101207.296 9.802 157.989 54.981 26.069 25.781 
26.194 101198.920 10.503 159.103 54.981 26.069 25.812 
26.200 101194.400 10.878 158.752 55.012 26.080 25.812 
26.200 101197.520 10.619 158.233 55.042 26.080 25.812 
26.212 101197.888 10.587 159.164 55.042 26.091 25.812 
26.206 101218.088 8.904 159.469 55.042 26.102 25.812 
26.200 101216.344 9.049 160.140 55.042 26.102 25.812 
26.206 101221.224 8.642 158.828 55.012 26.091 25.812 
26.212 101219.832 8.759 158.615 55.012 26.102 25.812 
26.224 101207.640 9.776 158.889 54.951 26.102 25.812 
26.218 101221.576 8.613 159.088 54.890 26.102 25.812 
26.218 101199.632 10.442 154.129 54.775 26.102 25.812 
26.218 101202.760 10.183 160.140 54.714 26.112 25.843 
26.224 101182.552 11.866 159.881 54.714 26.123 25.843 
26.206 101177.328 12.302 158.935 54.714 26.123 25.843 
26.218 101187.088 11.488 159.362 54.691 26.134 25.843 
26.218 101187.088 11.488 158.706 54.691 26.134 25.843 
26.218 101183.960 11.747 157.424 54.661 26.134 25.843 
26.224 101176.296 12.386 158.569 54.661 26.134 25.843 
26.218 101187.088 11.488 159.500 54.661 26.134 25.843 
26.243 101184.656 11.692 159.011 54.661 26.145 25.843 
26.231 101190.568 11.197 159.210 54.691 26.134 25.843 
26.231 101171.768 12.764 159.561 54.691 26.145 25.843 
26.231 101181.168 11.982 154.724 54.714 26.145 25.843 
26.243 101172.120 12.735 157.257 54.714 26.155 25.843 
26.231 101181.168 11.982 159.530 54.714 26.155 25.843 
26.243 101181.512 11.953 160.125 54.714 26.155 25.875 
26.243 101178.384 12.212 159.835 54.714 26.166 25.875 
26.237 101182.912 11.834 159.423 54.714 26.166 25.875 
26.249 101189.528 11.285 159.698 54.714 26.166 25.875 
26.249 101195.816 10.761 158.599 54.714 26.166 25.875 
26.255 101181.872 11.921 158.508 54.745 26.177 25.875 
26.261 101174.200 12.561 158.599 54.745 26.177 25.875 
26.280 101185.712 11.602 158.142 54.775 26.187 25.875 
26.261 101180.488 12.038 158.584 54.775 26.177 25.875 
26.280 101179.448 12.125 157.440 54.775 26.187 25.875 
26.274 101174.552 12.532 154.541 54.775 26.177 25.875 
26.292 101182.912 11.834 149.688 54.775 26.187 25.906 
26.280 101188.840 11.343 153.213 54.775 26.198 25.906 
26.298 101181.528 11.951 148.468 54.806 26.198 25.906 
26.292 101189.184 11.314 151.565 54.867 26.209 25.906 
26.286 101181.168 11.980 156.097 54.867 26.209 25.906 
26.286 101171.768 12.764 155.792 54.806 26.209 25.906 
26.292 101182.912 11.834 152.130 54.806 26.220 25.906 
26.298 101172.128 12.735 145.370 54.806 26.209 25.906 
26.292 101176.640 12.357 147.796 54.775 26.209 25.906 
26.310 101185.008 11.662 151.657 54.745 26.220 25.906 
26.304 101173.856 12.590 149.871 54.745 26.220 25.906 
26.310 101175.600 12.445 149.353 54.714 26.220 25.906 
26.316 101177.344 12.299 149.475 54.714 26.230 25.937 
26.304 101170.728 12.852 148.117 54.691 26.230 25.937 
26.298 101175.256 12.474 146.255 54.661 26.230 25.937 
26.310 101185.008 11.662 147.979 54.661 26.230 25.937 
26.316 101208.712 9.686 149.902 54.661 26.230 25.937 
26.316 101208.712 9.686 149.017 54.630 26.241 25.937 
26.316 101202.432 10.209 148.956 54.630 26.241 25.937 
26.323 101210.456 9.541 149.398 54.661 26.252 25.937 
26.329 101202.784 10.180 149.276 54.714 26.262 25.937 
26.316 101196.168 10.730 149.490 54.745 26.262 25.937 
26.329 101190.232 11.227 150.054 54.890 26.262 25.937 
26.335 101191.976 11.081 149.398 55.012 26.262 25.968 
26.335 101188.840 11.343 152.755 55.096 26.262 25.968 
26.329 101183.960 11.747 154.769 55.218 26.262 25.968 
26.353 101200.352 10.381 154.800 55.271 26.262 25.968 
26.347 101186.056 11.573 155.410 55.302 26.262 25.968 
26.353 101187.800 11.427 155.014 55.363 26.262 25.968 
26.353 101181.520 11.951 155.456 55.363 26.273 25.968 
26.359 101173.856 12.590 156.204 55.363 26.273 25.968 
26.359 101183.264 11.805 156.921 55.302 26.284 25.968 
26.359 101183.264 11.805 156.494 55.271 26.284 25.968 
26.365 101185.008 11.662 156.387 55.271 26.295 25.968 
26.353 101162.704 13.520 156.463 55.302 26.295 25.968 
26.372 101180.480 12.038 156.753 55.302 26.295 26.000 
26.365 101181.872 11.921 157.196 55.302 26.305 26.000 
26.378 101179.080 12.154 156.890 55.271 26.305 26.000 
26.365 101181.872 11.921 156.616 55.271 26.316 26.000 
26.365 101178.736 12.183 156.387 55.271 26.316 26.000 
26.372 101174.200 12.561 156.585 55.248 26.316 26.000 
26.365 101169.328 12.968 156.478 55.187 26.327 26.000 
26.396 101181.168 11.980 156.051 55.187 26.327 26.000 
26.390 101185.704 11.604 156.097 55.157 26.327 26.000 
26.390 101182.568 11.863 155.288 55.096 26.338 26.000 
26.402 101179.784 12.096 154.617 55.065 26.338 26.031 
26.402 101176.640 12.357 153.991 55.012 26.338 26.031 
26.402 101179.784 12.096 153.656 54.951 26.338 26.031 
26.402 101164.096 13.404 153.701 54.920 26.348 26.031 
26.402 101176.640 12.357 154.296 54.836 26.348 26.031 
26.414 101183.256 11.808 154.266 54.890 26.348 26.031 
26.427 101186.736 11.517 154.403 54.890 26.359 26.031 
26.427 101186.736 11.517 154.281 54.981 26.359 26.031 
26.433 101182.208 11.895 153.732 55.126 26.370 26.031 
26.439 101187.088 11.488 153.823 55.187 26.370 26.031 
26.439 101183.952 11.750 153.656 55.187 26.380 26.062 
26.457 101192.312 11.052 153.884 55.187 26.380 26.062 
26.451 101187.440 11.459 154.174 55.187 26.380 26.062 
26.451 101174.880 12.505 153.961 55.157 26.380 26.062 
26.445 101163.736 13.435 153.778 55.126 26.380 26.062 
26.445 101176.280 12.389 153.472 55.126 26.391 26.062 
26.463 101184.640 11.692 153.793 55.096 26.391 26.062 
26.476 101181.832 11.927 153.305 55.065 26.402 26.062 
26.469 101180.104 12.069 153.503 55.065 26.402 26.062 
26.457 101167.208 13.145 153.732 55.096 26.413 26.093 
26.476 101178.704 12.186 154.296 55.157 26.413 26.093 
26.482 101177.312 12.302 154.205 55.157 26.413 26.093 
26.488 101182.184 11.895 154.052 55.157 26.423 26.093 
26.494 101180.792 12.011 153.274 55.157 26.423 26.093 
26.500 101176.248 12.392 153.854 55.126 26.434 26.093 
26.512 101195.416 10.793 154.724 55.096 26.434 26.093 
26.512 101195.416 10.793 154.907 55.065 26.434 26.093 
26.494 101196.480 10.706 155.426 55.065 26.445 26.125 
26.512 101201.696 10.270 155.502 55.065 26.445 26.125 
26.518 101200.296 10.386 155.120 55.096 26.456 26.125 
26.512 101201.696 10.270 155.166 55.096 26.456 26.125 
26.531 101194.368 10.880 155.197 55.096 26.456 26.125 
26.512 101179.736 12.101 154.983 55.096 26.466 26.125 
26.512 101179.736 12.101 155.609 55.065 26.466 26.125 
26.531 101181.824 11.927 154.876 55.065 26.466 26.125 
26.537 101180.424 12.043 154.891 55.042 26.477 26.156 
26.537 101183.560 11.781 155.624 55.042 26.477 26.156 
26.543 101175.888 12.421 155.334 55.042 26.509 26.156 
26.537 101177.288 12.305 154.739 55.065 26.498 26.156 
26.543 101175.888 12.421 155.258 55.065 26.509 26.156 
26.543 101179.024 12.159 154.983 55.096 26.520 26.156 
26.561 101177.960 12.249 155.288 55.096 26.520 26.156 
26.549 101171.352 12.799 155.426 55.096 26.520 26.156 
26.549 101168.208 13.060 155.517 55.096 26.520 26.156 
26.561 101181.104 11.987 154.754 55.126 26.520 26.156 
26.573 101225.376 8.296 154.556 55.187 26.520 26.187 
26.561 101231.296 7.805 154.708 55.279 26.520 26.187 
26.586 101225.712 8.270 154.266 55.332 26.520 26.187 
26.592 101183.520 11.784 154.434 55.332 26.520 26.187 
26.586 101166.096 13.237 154.129 55.279 26.520 26.187 
26.592 101174.104 12.569 152.786 55.248 26.520 26.187 
26.598 101175.848 12.423 152.633 55.248 26.520 26.187 
26.598 101169.568 12.947 153.106 55.279 26.520 26.187 
26.598 101175.848 12.423 153.411 55.302 26.520 26.187 
26.610 101173.048 12.659 153.854 55.302 26.520 26.218 
26.604 101168.168 13.063 153.274 55.279 26.531 26.218 
26.622 101176.528 12.368 152.908 55.218 26.541 26.218 
26.616 101181.064 11.990 153.198 55.157 26.541 26.218 
26.610 101173.048 12.659 153.244 55.126 26.552 26.218 
26.622 101170.240 12.891 152.297 55.096 26.552 26.218 
26.629 101178.264 12.223 149.688 55.042 26.563 26.218 
26.635 101164.312 13.385 142.044 54.981 26.563 26.218 
26.629 101165.704 13.269 150.268 54.951 26.574 26.250 
26.647 101174.064 12.574 153.106 54.951 26.574 26.250 
26.635 101173.720 12.603 154.006 54.981 26.574 26.250 
26.653 101178.944 12.167 154.113 54.951 26.574 26.250 
26.653 101172.664 12.690 154.525 54.951 26.584 26.250 
26.671 101231.224 7.810 154.418 54.951 26.584 26.250 
26.665 101229.504 7.953 153.442 55.042 26.584 26.250 
26.659 101205.784 9.929 153.427 55.096 26.595 26.250 
26.671 101181.016 11.993 153.533 55.157 26.595 26.281 
26.671 101165.320 13.301 153.228 55.096 26.595 26.281 
26.677 101176.488 12.371 153.717 55.065 26.606 26.281 
26.702 101177.152 12.315 154.083 55.012 26.606 26.281 
26.696 101184.832 11.676 153.732 54.859 26.616 26.281 
26.696 101181.680 11.937 153.503 54.653 26.616 26.281 
26.708 101178.880 12.172 153.594 54.569 26.616 26.281 
26.702 101170.864 12.841 153.793 54.478 26.616 26.312 
26.702 101174.008 12.577 154.113 54.447 26.627 26.312 
26.708 101169.472 12.957 153.549 54.417 26.627 26.312 
26.708 101175.752 12.434 153.747 54.333 26.627 26.312 
26.702 101174.008 12.577 152.999 54.272 26.627 26.312 
26.726 101177.816 12.260 153.976 54.241 26.627 26.312 
26.708 101172.608 12.696 153.366 54.241 26.638 26.312 
26.708 101169.472 12.957 152.999 54.302 26.638 26.312 
26.726 101180.960 11.998 153.152 54.333 26.638 26.312 
26.720 101172.944 12.667 153.289 54.363 26.638 26.312 
26.745 101179.888 12.088 153.060 54.417 26.649 26.312 
26.732 101179.552 12.117 153.854 54.417 26.649 26.312 
26.732 101173.280 12.637 153.671 54.417 26.649 26.343 
26.751 101181.616 11.943 154.388 54.417 26.659 26.343 
26.739 101190.712 11.184 154.373 54.447 26.659 26.343 
26.732 101167.000 13.161 153.396 54.447 26.670 26.343 
26.745 101179.888 12.088 153.167 54.447 26.670 26.343 
26.732 101176.424 12.376 152.740 54.447 26.670 26.343 
26.757 101183.360 11.800 149.490 54.447 26.681 26.343 
26.751 101178.488 12.204 148.712 54.447 26.681 26.343 
26.769 101189.976 11.248 150.344 54.508 26.681 26.343 
26.763 101178.824 12.178 151.260 54.539 26.681 26.375 
26.775 101188.576 11.364 151.855 54.569 26.691 26.375 
26.757 101180.232 12.059 152.374 54.569 26.691 26.375 
26.769 101174.280 12.556 152.694 54.600 26.691 26.375 
26.787 101185.768 11.599 153.167 54.623 26.691 26.375 
26.781 101168.336 13.050 153.305 54.653 26.702 26.375 
26.787 101179.496 12.120 153.945 54.653 26.702 26.375 
26.781 101165.192 13.311 153.656 54.684 26.702 26.375 
26.787 101179.496 12.120 153.366 54.623 26.713 26.406 
26.800 101173.544 12.616 153.091 54.600 26.713 26.406 
26.806 101175.288 12.471 153.167 54.569 26.713 26.406 
26.794 101174.944 12.500 153.732 54.539 26.713 26.406 
26.812 101186.432 11.544 153.335 54.539 26.713 26.406 
26.824 101183.632 11.776 153.396 54.478 26.724 26.406 
26.818 101175.616 12.445 153.579 54.417 26.734 26.406 
26.818 101181.888 11.921 153.503 54.363 26.734 26.406 
26.818 101181.888 11.921 153.808 54.272 26.734 26.406 
26.830 101175.952 12.416 153.305 54.241 26.734 26.437 
26.818 101178.752 12.183 152.832 54.241 26.734 26.437 
26.824 101174.208 12.561 152.725 54.211 26.734 26.437 
26.830 101175.952 12.416 152.847 54.211 26.745 26.437 
26.824 101174.208 12.561 152.465 54.211 26.745 26.437 
26.830 101169.664 12.939 151.931 54.211 26.745 26.437 
26.824 101177.352 12.299 152.328 54.180 26.756 26.437 
26.836 101180.824 12.011 153.015 54.150 26.756 26.437 
26.824 101177.352 12.299 153.823 54.089 26.756 26.437 
26.818 101166.184 13.229 154.022 54.005 26.756 26.437 
26.830 101185.360 11.631 154.083 53.974 26.756 26.437 
26.830 101172.808 12.677 153.305 53.974 26.756 26.437 
26.830 101179.080 12.154 153.350 54.005 26.756 26.437 
26.818 101163.056 13.491 152.755 53.974 26.756 26.437 
26.842 101176.264 12.389 153.076 53.944 26.756 26.437 
26.830 101172.808 12.677 152.740 53.944 26.756 26.437 
26.818 101169.336 12.968 151.077 53.944 26.756 26.437 
26.824 101177.352 12.299 151.504 53.944 26.756 26.437 
26.836 101180.824 12.011 151.733 53.913 26.756 26.437 
26.836 101180.824 12.011 151.626 53.883 26.756 26.437 
26.855 101186.032 11.575 151.107 53.944 26.756 26.468 
26.830 101175.952 12.416 147.979 53.883 26.756 26.468 
26.855 101186.032 11.575 147.964 53.799 26.756 26.468 
26.855 101179.752 12.098 148.529 53.768 26.756 26.468 
26.855 101186.032 11.575 148.757 53.707 26.756 26.468 
26.849 101168.592 13.029 148.422 53.677 26.767 26.468 
26.855 101179.752 12.098 148.056 53.646 26.767 26.468 
26.873 101178.672 12.188 148.010 53.623 26.777 26.468 
26.849 101171.736 12.767 147.689 53.593 26.777 26.468 
26.855 101176.608 12.360 153.961 53.562 26.777 26.468 
26.873 101175.544 12.450 154.769 53.532 26.777 26.468 
26.867 101176.936 12.334 155.746 53.532 26.777 26.500 
26.879 101180.416 12.043 155.456 53.501 26.788 26.500 
26.879 101174.128 12.569 155.654 53.501 26.788 26.500 
26.879 101170.984 12.830 155.593 53.471 26.788 26.500 
26.873 101178.672 12.188 155.181 53.448 26.788 26.500 
26.879 101174.128 12.569 155.532 53.448 26.788 26.500 
26.891 101171.320 12.801 155.776 53.387 26.788 26.500 
