32.123 101313.584 0.951 125.854 37.907 32.504 32.375 
31.787 101323.472 0.126 125.823 36.900 32.140 32.000 
31.535 101317.776 0.602 125.900 37.296 31.786 31.625 
31.300 101320.168 0.401 125.762 37.830 31.443 31.250 
31.065 101312.776 1.017 125.961 38.456 31.110 30.968 
30.799 101309.720 1.270 125.823 39.227 30.885 30.625 
30.449 101321.504 0.290 124.893 40.928 30.220 30.156 
30.097 101307.208 1.479 125.427 42.873 29.727 29.781 
29.891 101310.776 1.183 125.778 42.629 29.426 29.500 
29.703 101309.688 1.273 125.793 42.774 29.266 29.312 
29.496 101316.248 0.729 125.869 43.118 29.180 29.125 
29.229 101318.536 0.539 125.930 43.659 29.072 28.937 
28.991 101322.736 0.187 125.793 43.835 28.890 28.718 
28.716 101326.160 0.095 125.823 44.117 28.740 28.500 
28.472 101315.496 0.792 125.854 44.598 28.568 28.312 
28.288 101318.608 0.531 125.900 44.773 28.397 28.125 
28.154 101316.136 0.737 125.854 45.055 28.214 27.937 
28.013 101305.496 1.624 125.701 45.467 28.075 27.812 
27.859 101320.176 0.401 125.762 45.475 27.936 27.656 
27.761 101311.872 1.093 125.839 45.780 27.818 27.531 
27.645 101323.984 0.084 125.915 45.986 27.689 27.406 
27.565 101317.600 0.615 126.159 46.536 27.582 27.312 
27.491 101309.704 1.273 125.564 46.772 27.474 27.218 
27.429 101321.264 0.311 123.107 47.787 27.335 27.125 
27.356 101319.752 0.435 126.525 47.924 27.174 27.031 
27.233 101310.800 1.183 126.800 48.473 26.938 26.843 
27.153 101317.120 0.655 126.815 48.344 26.885 26.781 
27.060 101316.760 0.686 126.861 47.909 26.831 26.718 
27.054 101324.616 0.031 126.678 48.458 26.659 26.625 
26.998 101321.832 0.264 126.770 48.687 26.595 26.562 
26.807 101322.480 0.211 126.647 48.656 26.649 26.500 
26.733 101314.448 0.879 126.647 48.489 26.627 26.437 
