27.764 101344.176 -1.595 999.984 69.424 28.290 27.625 
28.402 101339.376 -1.194 999.984 67.799 28.794 28.125 
29.026 101357.688 -2.721 999.984 66.601 29.148 28.562 
29.587 101336.672 0.972 999.984 65.716 29.437 28.937 
30.176 101344.736 -1.643 999.984 64.899 29.759 29.343 
30.770 101341.248 -1.352 999.984 63.503 30.156 29.781 
31.285 101346.056 -1.754 999.984 62.550 30.392 30.125 
31.714 101348.560 -1.960 999.984 61.962 30.638 30.468 
32.078 101357.128 -2.673 999.984 61.420 30.821 30.687 
32.333 101341.776 -1.395 999.984 60.413 31.067 31.000 
32.607 101346.664 -1.802 999.984 60.085 31.185 31.187 
32.702 101342.136 -1.426 999.984 60.024 31.207 31.250 
32.719 101337.800 -1.067 999.984 60.207 31.142 31.187 
32.725 101339.448 -1.204 999.984 60.352 31.142 31.218 
32.903 101345.584 -1.712 999.984 60.177 31.250 31.312 
33.028 101346.128 -1.759 999.984 59.818 31.293 31.468 
32.915 101348.872 -1.986 999.984 59.879 31.207 31.343 
33.164 101343.720 -1.558 999.984 59.727 31.314 31.531 
33.548 101345.144 -1.675 999.984 58.262 31.904 31.968 
33.542 101352.808 -2.314 999.984 57.423 31.915 32.031 
33.613 101338.384 -1.115 999.984 58.056 31.786 31.968 
33.182 101342.456 -1.453 999.984 57.667 31.593 31.781 
33.152 101355.912 -2.573 999.984 56.164 32.279 32.156 
33.093 101354.936 -2.489 999.984 56.019 32.033 31.968 
33.247 101345.064 -1.669 999.984 56.797 31.797 31.875 
33.395 101352.048 -2.251 999.984 57.186 31.786 31.906 
33.578 101347.144 -1.844 999.984 57.392 31.764 31.937 
33.844 101352.680 -2.304 999.984 57.064 31.904 32.062 
33.832 101346.304 -1.775 999.984 56.858 31.925 32.156 
33.649 101338.920 -1.157 999.984 57.270 31.711 31.968 
33.430 101349.512 -2.039 999.984 57.453 31.539 31.781 
33.312 101335.240 0.850 999.984 57.575 31.432 31.687 
