27.101 101212.960 9.332 999.984 70.446 27.710 27.062 
27.583 101207.784 9.763 999.984 68.455 28.311 27.593 
28.015 101205.944 9.916 999.984 67.043 28.729 28.031 
28.409 101211.080 9.488 999.984 66.074 29.008 28.375 
28.761 101209.768 9.599 999.984 65.426 29.212 28.687 
29.215 101225.272 8.307 999.984 64.693 29.491 29.000 
29.950 101216.112 9.070 999.984 62.977 29.973 29.625 
30.209 101220.656 8.690 999.984 62.443 30.124 29.812 
30.527 101221.096 8.653 999.984 62.054 30.317 30.062 
30.653 101226.824 8.177 999.984 61.344 30.413 30.218 
30.791 101220.992 8.661 999.984 61.131 30.467 30.312 
30.856 101218.696 8.854 999.984 61.161 30.477 30.343 
30.796 101219.696 8.769 999.984 61.375 30.445 30.312 
30.808 101217.128 8.986 999.984 61.283 30.456 30.312 
30.940 101218.480 8.872 999.984 61.253 30.520 30.406 
31.012 101217.840 8.925 999.984 61.169 30.553 30.468 
30.982 101224.328 8.383 999.984 60.955 30.467 30.437 
31.197 101225.352 8.299 999.984 60.658 30.617 30.531 
31.329 101220.608 8.695 999.984 59.620 30.917 30.812 
31.257 101230.248 7.892 999.984 59.467 30.778 30.718 
31.371 101226.416 8.212 999.984 59.376 30.906 30.843 
31.209 101216.792 9.012 999.984 59.261 30.788 30.718 
31.054 101208.760 9.681 999.984 58.422 31.014 30.875 
31.203 101212.128 9.401 999.984 57.644 31.228 31.000 
31.126 101223.024 8.492 999.984 57.972 30.982 30.781 
31.245 101223.904 8.420 999.984 58.605 30.853 30.718 
31.251 101216.640 9.026 999.984 58.933 30.810 30.718 
31.514 101213.040 9.324 999.984 58.811 30.992 30.875 
31.610 101222.000 8.579 999.984 58.514 31.014 30.968 
31.514 101219.008 8.827 999.984 58.636 30.949 30.906 
31.442 101216.760 9.015 999.984 58.750 30.853 30.843 
31.305 101216.848 9.007 999.984 58.781 30.724 30.718 
