27.189 101461.840 -11.388 999.984 65.441 27.861 27.531 
27.380 101461.056 -11.319 999.984 63.374 27.957 27.500 
27.559 101459.920 -11.224 999.984 66.982 28.129 27.687 
27.681 101439.992 -9.570 999.984 67.410 28.268 27.781 
27.859 101461.136 -11.324 999.984 66.776 28.440 27.968 
27.976 101442.568 -9.781 999.984 65.189 28.643 28.156 
28.135 101435.992 -9.237 999.984 62.649 28.890 28.468 
28.276 101446.624 -10.119 999.984 63.099 29.094 28.593 
28.466 101461.320 -11.340 999.984 63.694 29.233 28.687 
28.649 101438.912 -9.480 999.984 62.992 29.577 29.218 
28.912 101448.248 -10.257 999.984 63.229 29.780 29.218 
29.137 101447.168 -10.167 999.984 62.458 29.834 29.281 
29.344 101453.720 -10.711 999.984 62.519 30.027 29.562 
29.502 101446.536 -10.114 999.984 60.795 30.349 29.906 
29.685 101449.312 -10.347 999.984 57.369 30.671 30.156 
29.861 101440.632 -9.623 999.984 57.812 30.842 30.250 
30.146 101446.272 -10.093 999.984 58.079 31.110 30.656 
30.485 101434.704 -9.131 999.984 58.140 31.507 31.000 
30.835 101448.744 -10.299 999.984 56.881 32.022 31.500 
31.149 101442.744 -9.797 999.984 55.866 32.118 31.500 
