28.983 101490.136 -13.739 228.332 40.485 28.815 28.687 
28.977 101488.440 -13.597 217.147 40.653 28.719 28.593 
28.959 101489.488 -13.686 217.178 40.768 28.611 28.562 
28.935 101482.704 -13.121 227.813 40.974 28.515 28.500 
28.917 101486.824 -13.465 217.651 41.142 28.515 28.468 
28.887 101478.336 -12.756 216.720 41.317 28.493 28.437 
28.875 101484.160 -13.243 216.491 41.416 28.461 28.406 
28.869 101488.592 -13.612 216.735 41.386 28.386 28.343 
28.844 101497.144 -14.321 216.430 41.393 28.311 28.312 
28.808 101490.032 -13.729 216.812 41.668 28.150 28.218 
28.772 101479.832 -12.883 216.918 41.943 28.043 28.125 
28.735 101488.056 -13.565 217.041 42.225 27.861 28.000 
28.693 101485.376 -13.343 217.269 42.568 27.764 27.937 
28.651 101479.616 -12.862 216.918 42.706 27.732 27.906 
28.626 101488.160 -13.576 217.010 42.706 27.646 27.843 
28.566 101483.424 -13.179 217.529 42.950 27.550 27.750 
28.542 101482.760 -13.126 217.941 43.186 27.550 27.718 
28.493 101481.408 -13.015 217.483 43.217 27.485 27.687 
28.433 101491.984 -13.893 217.514 43.468 27.399 27.593 
28.366 101497.784 -14.373 217.391 43.644 27.281 27.500 
28.281 101489.248 -13.665 217.208 44.010 27.185 27.406 
