28.585 101332.088 0.591 208.084 40.051 28.525 28.375 
28.573 101340.520 -1.294 205.078 40.180 28.515 28.343 
28.549 101342.560 -1.463 204.864 40.249 28.472 28.312 
28.519 101330.992 0.496 208.053 40.318 28.418 28.250 
28.482 101326.624 0.137 205.215 40.386 28.386 28.250 
28.440 101332.376 0.613 204.803 40.554 28.397 28.218 
28.403 101322.064 0.243 205.047 40.600 28.365 28.187 
28.373 101331.256 0.523 205.184 40.661 28.365 28.156 
28.361 101330.784 0.480 203.765 40.730 28.354 28.125 
28.337 101332.792 0.649 205.459 40.661 28.279 28.093 
28.318 101333.568 0.713 205.581 40.676 28.161 28.031 
28.276 101327.432 0.200 205.810 40.958 27.957 27.937 
28.252 101332.400 0.618 206.039 41.325 27.893 27.875 
28.227 101328.480 0.290 206.176 41.508 27.828 27.843 
28.203 101324.560 0.036 205.795 41.607 27.775 27.781 
28.179 101329.528 0.375 205.398 41.874 27.753 27.750 
28.167 101331.992 0.581 206.054 41.943 27.764 27.750 
28.148 101338.696 -1.141 205.734 41.904 27.732 27.718 
28.106 101335.512 0.877 205.612 41.904 27.721 27.687 
28.069 101339.976 -1.247 204.910 42.049 27.614 27.625 
28.015 101333.360 0.697 205.307 42.324 27.667 27.625 
