26.393 101432.896 -8.978 136.413 51.319 25.319 25.625 
26.263 101434.656 -9.126 138.626 50.762 25.051 25.437 
26.139 101431.704 -8.878 137.649 52.471 24.965 25.312 
26.139 101444.464 -9.940 134.933 51.144 25.136 25.437 
25.867 101431.464 -8.862 119.537 51.678 24.675 25.031 
25.823 101431.976 -8.904 129.745 58.620 24.729 25.031 
25.450 101435.312 -9.179 124.969 52.677 24.504 24.781 
25.282 101432.552 -8.952 126.693 53.089 24.117 24.468 
25.170 101426.408 -8.439 129.180 60.841 24.311 24.531 
25.170 101429.600 -8.703 123.291 54.554 24.193 24.437 
25.133 101434.976 -9.152 124.969 56.484 24.268 24.468 
25.233 101428.056 -8.576 125.625 63.450 24.504 24.625 
25.314 101431.776 -8.883 127.868 57.568 24.643 24.750 
25.370 101447.568 -10.199 128.097 59.086 24.740 24.812 
25.382 101435.160 -9.168 129.165 65.914 24.954 24.937 
25.314 101434.952 -9.147 133.071 53.402 24.686 24.781 
25.345 101421.432 -8.027 135.009 53.555 24.536 24.750 
25.345 101430.992 -8.819 134.765 55.897 24.622 24.781 
25.444 101430.376 -8.767 133.895 55.225 24.729 24.875 
25.426 101431.488 -8.862 130.569 53.936 24.600 24.781 
25.450 101441.688 -9.707 127.334 54.722 24.815 24.937 
25.450 101435.312 -9.179 126.220 54.836 24.793 24.937 
25.382 101435.160 -9.168 130.249 54.401 24.643 24.750 
