26.200 101454.152 -10.748 379.623 48.336 25.008 25.437 
25.967 101449.360 -10.347 394.058 46.894 25.083 25.312 
25.530 101447.992 -10.236 402.633 46.696 25.061 25.125 
25.160 101447.056 -10.156 404.388 46.940 24.933 24.875 
24.937 101451.160 -10.495 402.786 47.512 24.697 24.593 
24.696 101455.952 -10.896 391.387 47.993 24.514 24.343 
24.293 101439.272 -9.512 407.577 48.664 24.278 24.031 
24.088 101439.008 -9.485 407.821 49.206 24.042 23.781 
23.852 101448.008 -10.236 406.097 49.778 23.849 23.593 
23.634 101446.968 -10.151 402.679 50.320 23.560 23.312 
23.503 101443.248 -9.839 391.021 50.915 23.453 23.187 
23.303 101444.272 -9.924 392.868 51.319 23.270 23.031 
23.128 101452.280 -10.590 393.402 51.670 23.163 22.875 
22.990 101452.640 -10.621 399.414 51.991 23.002 22.718 
22.865 101435.328 -9.179 399.948 52.609 22.691 22.500 
22.727 101456.792 -10.965 395.477 53.135 22.584 22.375 
22.602 101448.464 -10.273 398.223 53.371 22.519 22.281 
22.389 101442.368 -9.765 394.027 53.600 22.412 22.125 
22.257 101441.208 -9.670 399.978 53.837 22.326 22.000 
22.087 101453.480 -10.690 398.773 54.562 22.080 21.781 
21.967 101446.704 -10.125 400.009 54.798 22.015 21.687 
21.847 101442.920 -9.813 394.760 55.141 21.919 21.593 
21.734 101443.888 -9.892 396.636 55.378 21.812 21.500 
21.677 101442.848 -9.808 401.336 55.721 21.715 21.406 
