25.942 101279.192 3.812 222.824 45.841 24.997 25.375 
25.684 101276.328 4.053 238.159 45.574 25.083 25.312 
25.289 101284.648 3.360 303.985 45.567 25.093 25.156 
24.856 101284.840 3.342 296.875 45.811 24.922 24.843 
24.503 101286.944 3.168 303.543 46.459 24.654 24.531 
24.230 101282.408 3.545 303.207 47.337 24.289 24.156 
23.957 101277.640 3.944 304.397 47.977 24.107 23.906 
23.539 101287.400 3.131 305.191 48.718 23.860 23.531 
23.289 101277.504 3.955 305.130 49.229 23.624 23.312 
23.052 101276.896 4.005 304.153 49.732 23.453 23.093 
22.876 101273.552 4.283 293.319 50.243 23.292 22.906 
22.676 101283.448 3.461 298.736 50.861 23.056 22.718 
22.305 101285.520 3.286 301.300 52.326 22.530 22.250 
22.135 101283.600 3.448 302.612 52.700 22.423 22.125 
22.047 101270.000 4.579 302.810 53.135 22.219 21.968 
21.877 101273.800 4.264 300.949 53.486 22.123 21.843 
21.707 101277.520 3.952 302.856 53.753 22.005 21.687 
21.460 101271.024 4.494 300.949 54.157 21.897 21.531 
21.378 101276.632 4.026 302.383 54.623 21.704 21.375 
21.290 101286.224 3.228 301.010 55.058 21.597 21.281 
21.157 101271.352 4.468 302.749 55.431 21.490 21.187 
21.024 101273.944 4.251 301.345 55.607 21.425 21.093 
20.935 101271.760 4.433 301.116 55.958 21.307 20.968 
20.833 101277.576 3.947 302.886 56.248 21.265 20.906 
20.808 101276.096 4.071 303.924 56.507 21.157 20.843 
